t x v M dripped?
0 0 0 0.01 0
0.16634 0.19 0.949787 0.0935693 1
0.213331 0.19 1.17139 0.0949599 1
0.266675 0.19 0.98484 0.0939511 1
0.314125 0.19 1.13916 0.0946581 1
0.366563 0.19 1.02404 0.0940454 1
0.415354 0.19 1.11973 0.0944817 1
0.467277 0.19 1.0467 0.0941194 1
0.482277 0.156887 0.871709 0.0770267 0
0.51683 0.19 1.10584 0.094386 1
0.568335 0.19 1.06042 0.0941683 1
0.618352 0.19 1.09668 0.0943321 1
0.669569 0.19 1.06867 0.0942003 1
0.719863 0.19 1.09085 0.094301 1
0.770892 0.19 1.07363 0.0942208 1
0.821353 0.19 1.08721 0.0942827 1
0.872263 0.19 1.07664 0.0942338 1
0.922824 0.19 1.08494 0.0942717 1
0.947824 0.164459 0.91213 0.0812619 0
0.97366 0.19 1.07847 0.0942418 1
1.02428 0.19 1.08355 0.0942651 1
1.07507 0.19 1.07958 0.0942468 1
1.12573 0.19 1.08269 0.0942611 1
1.17649 0.19 1.08026 0.0942499 1
1.22717 0.19 1.08216 0.0942586 1
1.27792 0.19 1.08067 0.0942518 1
1.32861 0.19 1.08184 0.0942571 1
1.37935 0.19 1.08093 0.0942529 1
1.40935 0.169166 0.930921 0.0838548 0
1.43005 0.19 1.08164 0.0942562 1
1.48078 0.19 1.08108 0.0942536 1
1.53149 0.19 1.08152 0.0942556 1
1.58221 0.19 1.08118 0.0942541 1
1.63292 0.19 1.08145 0.0942553 1
1.68364 0.19 1.08124 0.0942543 1
1.73436 0.19 1.0814 0.0942551 1
1.78507 0.19 1.08127 0.0942545 1
1.83579 0.19 1.08137 0.094255 1
1.87079 0.173889 0.964363 0.0863578 0
1.88651 0.19 1.08129 0.0942546 1
1.93722 0.19 1.08136 0.0942549 1
1.98794 0.19 1.08131 0.0942547 1
2.03866 0.19 1.08135 0.0942548 1
2.08937 0.19 1.08132 0.0942547 1
2.14009 0.19 1.08134 0.0942548 1
2.19081 0.19 1.08132 0.0942547 1
2.24152 0.19 1.08134 0.0942548 1
2.29224 0.19 1.08132 0.0942547 1
2.33224 0.178809 1.00343 0.0888708 0
2.34296 0.19 1.08133 0.0942548 1
2.39367 0.19 1.08133 0.0942547 1
2.44439 0.19 1.08133 0.0942548 1
2.49511 0.19 1.08133 0.0942548 1
2.54582 0.19 1.08133 0.0942548 1
2.59654 0.19 1.08133 0.0942548 1
2.64726 0.19 1.08133 0.0942548 1
2.69798 0.19 1.08133 0.0942548 1
2.74869 0.19 1.08133 0.0942548 1
2.79369 0.183925 1.04256 0.0913827 0
2.79941 0.19 1.08133 0.0942548 1
2.85013 0.19 1.08133 0.0942548 1
2.90084 0.19 1.08133 0.0942548 1
2.95156 0.19 1.08133 0.0942548 1
3.00228 0.19 1.08133 0.0942548 1
3.05299 0.19 1.08133 0.0942548 1
3.10371 0.19 1.08133 0.0942548 1
3.15443 0.19 1.08133 0.0942548 1
3.20514 0.19 1.08133 0.0942548 1
3.25514 0.189226 1.077 0.0938947 0
3.25586 0.19 1.08133 0.0942548 1
3.30658 0.19 1.08133 0.0942548 1
3.35729 0.19 1.08133 0.0942548 1
3.40801 0.19 1.08133 0.0942548 1
3.45873 0.19 1.08133 0.0942548 1
3.50944 0.19 1.08133 0.0942548 1
3.56016 0.19 1.08133 0.0942548 1
3.61088 0.19 1.08133 0.0942548 1
3.66159 0.19 1.08133 0.0942548 1
3.71659 0.194681 1.10325 0.0964067 0
3.71231 0.19 1.08133 0.0942548 1
3.76303 0.19 1.08133 0.0942548 1
3.81374 0.19 1.08133 0.0942548 1
3.86446 0.19 1.08133 0.0942548 1
3.91518 0.19 1.08133 0.0942548 1
3.96589 0.19 1.08133 0.0942548 1
4.01661 0.19 1.08133 0.0942548 1
4.06733 0.19 1.08133 0.0942548 1
4.11804 0.19 1.08133 0.0942548 1
4.16876 0.19 1.08133 0.0942548 1
4.17376 0.145884 1.01268 0.0712867 0
4.21948 0.19 1.08133 0.0942548 1
4.27019 0.19 1.08133 0.0942548 1
4.32091 0.19 1.08133 0.0942548 1
4.37163 0.19 1.08133 0.0942548 1
4.42234 0.19 1.08133 0.0942548 1
4.47306 0.19 1.08133 0.0942548 1
4.52378 0.19 1.08133 0.0942548 1
4.5745 0.19 1.08133 0.0942548 1
4.62521 0.19 1.08133 0.0942548 1
4.63521 0.1508 0.956742 0.0737987 0
4.67593 0.19 1.08133 0.0942548 1
4.72665 0.19 1.08133 0.0942548 1
4.77736 0.19 1.08133 0.0942548 1
4.82808 0.19 1.08133 0.0942548 1
4.8788 0.19 1.08133 0.0942548 1
4.92951 0.19 1.08133 0.0942548 1
4.98023 0.19 1.08133 0.0942548 1
5.03095 0.19 1.08133 0.0942548 1
5.08166 0.19 1.08133 0.0942548 1
5.09666 0.155483 0.919832 0.0763107 0
5.13238 0.19 1.08133 0.0942548 1
5.1831 0.19 1.08133 0.0942548 1
5.23381 0.19 1.08133 0.0942548 1
5.28453 0.19 1.08133 0.0942548 1
5.33525 0.19 1.08133 0.0942548 1
5.38596 0.19 1.08133 0.0942548 1
5.43668 0.19 1.08133 0.0942548 1
5.4874 0.19 1.08133 0.0942548 1
5.53811 0.19 1.08133 0.0942548 1
5.55811 0.160035 0.904355 0.0788227 0
5.58883 0.19 1.08133 0.0942548 1
5.63955 0.19 1.08133 0.0942548 1
5.69026 0.19 1.08133 0.0942548 1
5.74098 0.19 1.08133 0.0942548 1
5.7917 0.19 1.08133 0.0942548 1
5.84241 0.19 1.08133 0.0942548 1
5.89313 0.19 1.08133 0.0942548 1
5.94385 0.19 1.08133 0.0942548 1
5.99456 0.19 1.08133 0.0942548 1
6.01956 0.164561 0.909296 0.0813347 0
6.04528 0.19 1.08133 0.0942548 1
6.096 0.19 1.08133 0.0942548 1
6.14671 0.19 1.08133 0.0942548 1
6.19743 0.19 1.08133 0.0942548 1
6.24815 0.19 1.08133 0.0942548 1
6.29886 0.19 1.08133 0.0942548 1
6.34958 0.19 1.08133 0.0942548 1
6.4003 0.19 1.08133 0.0942548 1
6.45102 0.19 1.08133 0.0942548 1
6.48102 0.169156 0.931041 0.0838467 0
6.50173 0.19 1.08133 0.0942548 1
6.55245 0.19 1.08133 0.0942548 1
6.60317 0.19 1.08133 0.0942548 1
6.65388 0.19 1.08133 0.0942548 1
6.7046 0.19 1.08133 0.0942548 1
6.75532 0.19 1.08133 0.0942548 1
6.80603 0.19 1.08133 0.0942548 1
6.85675 0.19 1.08133 0.0942548 1
6.90747 0.19 1.08133 0.0942548 1
6.94247 0.17389 0.96437 0.0863587 0
6.95818 0.19 1.08133 0.0942548 1
7.0089 0.19 1.08133 0.0942548 1
7.05962 0.19 1.08133 0.0942548 1
7.11033 0.19 1.08133 0.0942548 1
7.16105 0.19 1.08133 0.0942548 1
7.21177 0.19 1.08133 0.0942548 1
7.26248 0.19 1.08133 0.0942548 1
7.3132 0.19 1.08133 0.0942548 1
7.36392 0.19 1.08133 0.0942548 1
7.40392 0.178809 1.00342 0.0888707 0
7.41463 0.19 1.08133 0.0942548 1
7.46535 0.19 1.08133 0.0942548 1
7.51607 0.19 1.08133 0.0942548 1
7.56678 0.19 1.08133 0.0942548 1
7.6175 0.19 1.08133 0.0942548 1
7.66822 0.19 1.08133 0.0942548 1
7.71893 0.19 1.08133 0.0942548 1
7.76965 0.19 1.08133 0.0942548 1
7.82037 0.19 1.08133 0.0942548 1
7.86537 0.183925 1.04256 0.0913827 0
7.87108 0.19 1.08133 0.0942548 1
7.9218 0.19 1.08133 0.0942548 1
7.97252 0.19 1.08133 0.0942548 1
8.02323 0.19 1.08133 0.0942548 1
8.07395 0.19 1.08133 0.0942548 1
8.12467 0.19 1.08133 0.0942548 1
8.17538 0.19 1.08133 0.0942548 1
8.2261 0.19 1.08133 0.0942548 1
8.27682 0.19 1.08133 0.0942548 1
8.32682 0.189226 1.077 0.0938947 0
8.32754 0.19 1.08133 0.0942548 1
8.37825 0.19 1.08133 0.0942548 1
8.42897 0.19 1.08133 0.0942548 1
8.47969 0.19 1.08133 0.0942548 1
8.5304 0.19 1.08133 0.0942548 1
8.58112 0.19 1.08133 0.0942548 1
8.63184 0.19 1.08133 0.0942548 1
8.68255 0.19 1.08133 0.0942548 1
8.73327 0.19 1.08133 0.0942548 1
8.78827 0.194681 1.10325 0.0964067 0
8.78399 0.19 1.08133 0.0942548 1
8.8347 0.19 1.08133 0.0942548 1
8.88542 0.19 1.08133 0.0942548 1
8.93614 0.19 1.08133 0.0942548 1
8.98685 0.19 1.08133 0.0942548 1
9.03757 0.19 1.08133 0.0942548 1
9.08829 0.19 1.08133 0.0942548 1
9.139 0.19 1.08133 0.0942548 1
9.18972 0.19 1.08133 0.0942548 1
9.24044 0.19 1.08133 0.0942548 1
9.24544 0.145884 1.01268 0.0712867 0
9.29115 0.19 1.08133 0.0942548 1
9.34187 0.19 1.08133 0.0942548 1
9.39259 0.19 1.08133 0.0942548 1
9.4433 0.19 1.08133 0.0942548 1
9.49402 0.19 1.08133 0.0942548 1
9.54474 0.19 1.08133 0.0942548 1
9.59545 0.19 1.08133 0.0942548 1
9.64617 0.19 1.08133 0.0942548 1
9.69689 0.19 1.08133 0.0942548 1
9.70689 0.1508 0.956742 0.0737987 0
9.7476 0.19 1.08133 0.0942548 1
9.79832 0.19 1.08133 0.0942548 1
9.84904 0.19 1.08133 0.0942548 1
9.89975 0.19 1.08133 0.0942548 1
9.95047 0.19 1.08133 0.0942548 1
10.0012 0.19 1.08133 0.0942548 1
10.0519 0.19 1.08133 0.0942548 1
10.1026 0.19 1.08133 0.0942548 1
10.1533 0.19 1.08133 0.0942548 1
10.1683 0.155483 0.919832 0.0763107 0
10.2041 0.19 1.08133 0.0942548 1
10.2548 0.19 1.08133 0.0942548 1
10.3055 0.19 1.08133 0.0942548 1
10.3562 0.19 1.08133 0.0942548 1
10.4069 0.19 1.08133 0.0942548 1
10.4576 0.19 1.08133 0.0942548 1
10.5084 0.19 1.08133 0.0942548 1
10.5591 0.19 1.08133 0.0942548 1
10.6098 0.19 1.08133 0.0942548 1
10.6298 0.160035 0.904355 0.0788227 0
10.6605 0.19 1.08133 0.0942548 1
10.7112 0.19 1.08133 0.0942548 1
10.7619 0.19 1.08133 0.0942548 1
10.8127 0.19 1.08133 0.0942548 1
10.8634 0.19 1.08133 0.0942548 1
10.9141 0.19 1.08133 0.0942548 1
10.9648 0.19 1.08133 0.0942548 1
11.0155 0.19 1.08133 0.0942548 1
11.0662 0.19 1.08133 0.0942548 1
11.0912 0.164561 0.909296 0.0813347 0
11.117 0.19 1.08133 0.0942548 1
11.1677 0.19 1.08133 0.0942548 1
11.2184 0.19 1.08133 0.0942548 1
11.2691 0.19 1.08133 0.0942548 1
11.3198 0.19 1.08133 0.0942548 1
11.3705 0.19 1.08133 0.0942548 1
11.4213 0.19 1.08133 0.0942548 1
11.472 0.19 1.08133 0.0942548 1
11.5227 0.19 1.08133 0.0942548 1
11.5527 0.169156 0.931041 0.0838467 0
11.5734 0.19 1.08133 0.0942548 1
11.6241 0.19 1.08133 0.0942548 1
11.6748 0.19 1.08133 0.0942548 1
11.7256 0.19 1.08133 0.0942548 1
11.7763 0.19 1.08133 0.0942548 1
11.827 0.19 1.08133 0.0942548 1
11.8777 0.19 1.08133 0.0942548 1
11.9284 0.19 1.08133 0.0942548 1
11.9791 0.19 1.08133 0.0942548 1
12.0141 0.17389 0.96437 0.0863587 0
12.0299 0.19 1.08133 0.0942548 1
12.0806 0.19 1.08133 0.0942548 1
12.1313 0.19 1.08133 0.0942548 1
12.182 0.19 1.08133 0.0942548 1
12.2327 0.19 1.08133 0.0942548 1
12.2834 0.19 1.08133 0.0942548 1
12.3342 0.19 1.08133 0.0942548 1
12.3849 0.19 1.08133 0.0942548 1
12.4356 0.19 1.08133 0.0942548 1
12.4756 0.178809 1.00342 0.0888707 0
12.4863 0.19 1.08133 0.0942548 1
12.537 0.19 1.08133 0.0942548 1
12.5877 0.19 1.08133 0.0942548 1
12.6385 0.19 1.08133 0.0942548 1
12.6892 0.19 1.08133 0.0942548 1
12.7399 0.19 1.08133 0.0942548 1
12.7906 0.19 1.08133 0.0942548 1
12.8413 0.19 1.08133 0.0942548 1
12.892 0.19 1.08133 0.0942548 1
12.937 0.183925 1.04256 0.0913827 0
12.9428 0.19 1.08133 0.0942548 1
12.9935 0.19 1.08133 0.0942548 1
13.0442 0.19 1.08133 0.0942548 1
13.0949 0.19 1.08133 0.0942548 1
13.1456 0.19 1.08133 0.0942548 1
13.1963 0.19 1.08133 0.0942548 1
13.2471 0.19 1.08133 0.0942548 1
13.2978 0.19 1.08133 0.0942548 1
13.3485 0.19 1.08133 0.0942548 1
13.3985 0.189226 1.077 0.0938947 0
13.3992 0.19 1.08133 0.0942548 1
13.4499 0.19 1.08133 0.0942548 1
13.5006 0.19 1.08133 0.0942548 1
13.5514 0.19 1.08133 0.0942548 1
13.6021 0.19 1.08133 0.0942548 1
13.6528 0.19 1.08133 0.0942548 1
13.7035 0.19 1.08133 0.0942548 1
13.7542 0.19 1.08133 0.0942548 1
13.8049 0.19 1.08133 0.0942548 1
13.8599 0.194681 1.10325 0.0964067 0
13.8557 0.19 1.08133 0.0942548 1
13.9064 0.19 1.08133 0.0942548 1
13.9571 0.19 1.08133 0.0942548 1
14.0078 0.19 1.08133 0.0942548 1
14.0585 0.19 1.08133 0.0942548 1
14.1092 0.19 1.08133 0.0942548 1
14.16 0.19 1.08133 0.0942548 1
14.2107 0.19 1.08133 0.0942548 1
14.2614 0.19 1.08133 0.0942548 1
14.3121 0.19 1.08133 0.0942548 1
14.3171 0.145884 1.01268 0.0712867 0
14.3628 0.19 1.08133 0.0942548 1
14.4135 0.19 1.08133 0.0942548 1
14.4643 0.19 1.08133 0.0942548 1
14.515 0.19 1.08133 0.0942548 1
14.5657 0.19 1.08133 0.0942548 1
14.6164 0.19 1.08133 0.0942548 1
14.6671 0.19 1.08133 0.0942548 1
14.7178 0.19 1.08133 0.0942548 1
14.7686 0.19 1.08133 0.0942548 1
14.7786 0.1508 0.956742 0.0737987 0
14.8193 0.19 1.08133 0.0942548 1
14.87 0.19 1.08133 0.0942548 1
14.9207 0.19 1.08133 0.0942548 1
14.9714 0.19 1.08133 0.0942548 1
15.0221 0.19 1.08133 0.0942548 1
15.0729 0.19 1.08133 0.0942548 1
15.1236 0.19 1.08133 0.0942548 1
15.1743 0.19 1.08133 0.0942548 1
15.225 0.19 1.08133 0.0942548 1
15.24 0.155483 0.919832 0.0763107 0
15.2757 0.19 1.08133 0.0942548 1
15.3264 0.19 1.08133 0.0942548 1
15.3772 0.19 1.08133 0.0942548 1
15.4279 0.19 1.08133 0.0942548 1
15.4786 0.19 1.08133 0.0942548 1
15.5293 0.19 1.08133 0.0942548 1
15.58 0.19 1.08133 0.0942548 1
15.6307 0.19 1.08133 0.0942548 1
15.6815 0.19 1.08133 0.0942548 1
15.7015 0.160035 0.904355 0.0788227 0
15.7322 0.19 1.08133 0.0942548 1
15.7829 0.19 1.08133 0.0942548 1
15.8336 0.19 1.08133 0.0942548 1
15.8843 0.19 1.08133 0.0942548 1
15.935 0.19 1.08133 0.0942548 1
15.9858 0.19 1.08133 0.0942548 1
16.0365 0.19 1.08133 0.0942548 1
16.0872 0.19 1.08133 0.0942548 1
16.1379 0.19 1.08133 0.0942548 1
16.1629 0.164561 0.909296 0.0813347 0
16.1886 0.19 1.08133 0.0942548 1
16.2393 0.19 1.08133 0.0942548 1
16.2901 0.19 1.08133 0.0942548 1
16.3408 0.19 1.08133 0.0942548 1
16.3915 0.19 1.08133 0.0942548 1
16.4422 0.19 1.08133 0.0942548 1
16.4929 0.19 1.08133 0.0942548 1
16.5436 0.19 1.08133 0.0942548 1
16.5944 0.19 1.08133 0.0942548 1
16.6244 0.169156 0.931041 0.0838467 0
16.6451 0.19 1.08133 0.0942548 1
16.6958 0.19 1.08133 0.0942548 1
16.7465 0.19 1.08133 0.0942548 1
16.7972 0.19 1.08133 0.0942548 1
16.848 0.19 1.08133 0.0942548 1
16.8987 0.19 1.08133 0.0942548 1
16.9494 0.19 1.08133 0.0942548 1
17.0001 0.19 1.08133 0.0942548 1
17.0508 0.19 1.08133 0.0942548 1
17.0858 0.17389 0.96437 0.0863587 0
17.1015 0.19 1.08133 0.0942548 1
17.1523 0.19 1.08133 0.0942548 1
17.203 0.19 1.08133 0.0942548 1
17.2537 0.19 1.08133 0.0942548 1
17.3044 0.19 1.08133 0.0942548 1
17.3551 0.19 1.08133 0.0942548 1
17.4058 0.19 1.08133 0.0942548 1
17.4566 0.19 1.08133 0.0942548 1
17.5073 0.19 1.08133 0.0942548 1
17.5473 0.178809 1.00342 0.0888707 0
17.558 0.19 1.08133 0.0942548 1
17.6087 0.19 1.08133 0.0942548 1
17.6594 0.19 1.08133 0.0942548 1
17.7101 0.19 1.08133 0.0942548 1
17.7609 0.19 1.08133 0.0942548 1
17.8116 0.19 1.08133 0.0942548 1
17.8623 0.19 1.08133 0.0942548 1
17.913 0.19 1.08133 0.0942548 1
17.9637 0.19 1.08133 0.0942548 1
18.0087 0.183925 1.04256 0.0913827 0
18.0144 0.19 1.08133 0.0942548 1
18.0652 0.19 1.08133 0.0942548 1
18.1159 0.19 1.08133 0.0942548 1
18.1666 0.19 1.08133 0.0942548 1
18.2173 0.19 1.08133 0.0942548 1
18.268 0.19 1.08133 0.0942548 1
18.3187 0.19 1.08133 0.0942548 1
18.3695 0.19 1.08133 0.0942548 1
18.4202 0.19 1.08133 0.0942548 1
18.4702 0.189226 1.077 0.0938947 0
18.4709 0.19 1.08133 0.0942548 1
18.5216 0.19 1.08133 0.0942548 1
18.5723 0.19 1.08133 0.0942548 1
18.623 0.19 1.08133 0.0942548 1
18.6738 0.19 1.08133 0.0942548 1
18.7245 0.19 1.08133 0.0942548 1
18.7752 0.19 1.08133 0.0942548 1
18.8259 0.19 1.08133 0.0942548 1
18.8766 0.19 1.08133 0.0942548 1
18.9316 0.194681 1.10325 0.0964067 0
18.9273 0.19 1.08133 0.0942548 1
18.9781 0.19 1.08133 0.0942548 1
19.0288 0.19 1.08133 0.0942548 1
19.0795 0.19 1.08133 0.0942548 1
19.1302 0.19 1.08133 0.0942548 1
19.1809 0.19 1.08133 0.0942548 1
19.2316 0.19 1.08133 0.0942548 1
19.2824 0.19 1.08133 0.0942548 1
19.3331 0.19 1.08133 0.0942548 1
19.3838 0.19 1.08133 0.0942548 1
19.3888 0.145884 1.01268 0.0712867 0
19.4345 0.19 1.08133 0.0942548 1
19.4852 0.19 1.08133 0.0942548 1
19.5359 0.19 1.08133 0.0942548 1
19.5867 0.19 1.08133 0.0942548 1
19.6374 0.19 1.08133 0.0942548 1
19.6881 0.19 1.08133 0.0942548 1
19.7388 0.19 1.08133 0.0942548 1
19.7895 0.19 1.08133 0.0942548 1
19.8402 0.19 1.08133 0.0942548 1
19.8502 0.1508 0.956742 0.0737987 0
19.891 0.19 1.08133 0.0942548 1
19.9417 0.19 1.08133 0.0942548 1
19.9924 0.19 1.08133 0.0942548 1
20.0431 0.19 1.08133 0.0942548 1
20.0938 0.19 1.08133 0.0942548 1
20.1445 0.19 1.08133 0.0942548 1
20.1953 0.19 1.08133 0.0942548 1
20.246 0.19 1.08133 0.0942548 1
20.2967 0.19 1.08133 0.0942548 1
20.3117 0.155483 0.919832 0.0763107 0
20.3474 0.19 1.08133 0.0942548 1
20.3981 0.19 1.08133 0.0942548 1
20.4488 0.19 1.08133 0.0942548 1
20.4996 0.19 1.08133 0.0942548 1
20.5503 0.19 1.08133 0.0942548 1
20.601 0.19 1.08133 0.0942548 1
20.6517 0.19 1.08133 0.0942548 1
20.7024 0.19 1.08133 0.0942548 1
20.7531 0.19 1.08133 0.0942548 1
20.7731 0.160035 0.904355 0.0788227 0
20.8039 0.19 1.08133 0.0942548 1
20.8546 0.19 1.08133 0.0942548 1
20.9053 0.19 1.08133 0.0942548 1
20.956 0.19 1.08133 0.0942548 1
21.0067 0.19 1.08133 0.0942548 1
21.0574 0.19 1.08133 0.0942548 1
21.1082 0.19 1.08133 0.0942548 1
21.1589 0.19 1.08133 0.0942548 1
21.2096 0.19 1.08133 0.0942548 1
21.2346 0.164561 0.909296 0.0813347 0
21.2603 0.19 1.08133 0.0942548 1
21.311 0.19 1.08133 0.0942548 1
21.3617 0.19 1.08133 0.0942548 1
21.4125 0.19 1.08133 0.0942548 1
21.4632 0.19 1.08133 0.0942548 1
21.5139 0.19 1.08133 0.0942548 1
21.5646 0.19 1.08133 0.0942548 1
21.6153 0.19 1.08133 0.0942548 1
21.666 0.19 1.08133 0.0942548 1
21.696 0.169156 0.931041 0.0838467 0
21.7168 0.19 1.08133 0.0942548 1
21.7675 0.19 1.08133 0.0942548 1
21.8182 0.19 1.08133 0.0942548 1
21.8689 0.19 1.08133 0.0942548 1
21.9196 0.19 1.08133 0.0942548 1
21.9703 0.19 1.08133 0.0942548 1
22.0211 0.19 1.08133 0.0942548 1
22.0718 0.19 1.08133 0.0942548 1
22.1225 0.19 1.08133 0.0942548 1
22.1575 0.17389 0.96437 0.0863587 0
22.1732 0.19 1.08133 0.0942548 1
22.2239 0.19 1.08133 0.0942548 1
22.2746 0.19 1.08133 0.0942548 1
22.3254 0.19 1.08133 0.0942548 1
22.3761 0.19 1.08133 0.0942548 1
22.4268 0.19 1.08133 0.0942548 1
22.4775 0.19 1.08133 0.0942548 1
22.5282 0.19 1.08133 0.0942548 1
22.5789 0.19 1.08133 0.0942548 1
22.6189 0.178809 1.00342 0.0888707 0
22.6297 0.19 1.08133 0.0942548 1
22.6804 0.19 1.08133 0.0942548 1
22.7311 0.19 1.08133 0.0942548 1
22.7818 0.19 1.08133 0.0942548 1
22.8325 0.19 1.08133 0.0942548 1
22.8832 0.19 1.08133 0.0942548 1
22.934 0.19 1.08133 0.0942548 1
22.9847 0.19 1.08133 0.0942548 1
23.0354 0.19 1.08133 0.0942548 1
23.0804 0.183925 1.04256 0.0913827 0
23.0861 0.19 1.08133 0.0942548 1
23.1368 0.19 1.08133 0.0942548 1
23.1875 0.19 1.08133 0.0942548 1
23.2383 0.19 1.08133 0.0942548 1
23.289 0.19 1.08133 0.0942548 1
23.3397 0.19 1.08133 0.0942548 1
23.3904 0.19 1.08133 0.0942548 1
23.4411 0.19 1.08133 0.0942548 1
23.4918 0.19 1.08133 0.0942548 1
23.5418 0.189226 1.077 0.0938947 0
23.5426 0.19 1.08133 0.0942548 1
23.5933 0.19 1.08133 0.0942548 1
23.644 0.19 1.08133 0.0942548 1
23.6947 0.19 1.08133 0.0942548 1
23.7454 0.19 1.08133 0.0942548 1
23.7961 0.19 1.08133 0.0942548 1
23.8469 0.19 1.08133 0.0942548 1
23.8976 0.19 1.08133 0.0942548 1
23.9483 0.19 1.08133 0.0942548 1
24.0033 0.194681 1.10325 0.0964067 0
23.999 0.19 1.08133 0.0942548 1
24.0497 0.19 1.08133 0.0942548 1
24.1004 0.19 1.08133 0.0942548 1
24.1512 0.19 1.08133 0.0942548 1
24.2019 0.19 1.08133 0.0942548 1
24.2526 0.19 1.08133 0.0942548 1
24.3033 0.19 1.08133 0.0942548 1
24.354 0.19 1.08133 0.0942548 1
24.4047 0.19 1.08133 0.0942548 1
24.4555 0.19 1.08133 0.0942548 1
24.4605 0.145884 1.01268 0.0712867 0
24.5062 0.19 1.08133 0.0942548 1
24.5569 0.19 1.08133 0.0942548 1
24.6076 0.19 1.08133 0.0942548 1
24.6583 0.19 1.08133 0.0942548 1
24.709 0.19 1.08133 0.0942548 1
24.7598 0.19 1.08133 0.0942548 1
24.8105 0.19 1.08133 0.0942548 1
24.8612 0.19 1.08133 0.0942548 1
24.9119 0.19 1.08133 0.0942548 1
24.9219 0.1508 0.956742 0.0737987 0
24.9626 0.19 1.08133 0.0942548 1
25.0133 0.19 1.08133 0.0942548 1
25.0641 0.19 1.08133 0.0942548 1
25.1148 0.19 1.08133 0.0942548 1
25.1655 0.19 1.08133 0.0942548 1
25.2162 0.19 1.08133 0.0942548 1
25.2669 0.19 1.08133 0.0942548 1
25.3176 0.19 1.08133 0.0942548 1
25.3684 0.19 1.08133 0.0942548 1
25.3834 0.155483 0.919832 0.0763107 0
25.4191 0.19 1.08133 0.0942548 1
25.4698 0.19 1.08133 0.0942548 1
25.5205 0.19 1.08133 0.0942548 1
25.5712 0.19 1.08133 0.0942548 1
25.6219 0.19 1.08133 0.0942548 1
25.6727 0.19 1.08133 0.0942548 1
25.7234 0.19 1.08133 0.0942548 1
25.7741 0.19 1.08133 0.0942548 1
25.8248 0.19 1.08133 0.0942548 1
25.8448 0.160035 0.904355 0.0788227 0
25.8755 0.19 1.08133 0.0942548 1
25.9262 0.19 1.08133 0.0942548 1
25.977 0.19 1.08133 0.0942548 1
26.0277 0.19 1.08133 0.0942548 1
26.0784 0.19 1.08133 0.0942548 1
26.1291 0.19 1.08133 0.0942548 1
26.1798 0.19 1.08133 0.0942548 1
26.2306 0.19 1.08133 0.0942548 1
26.2813 0.19 1.08133 0.0942548 1
26.3063 0.164561 0.909296 0.0813347 0
26.332 0.19 1.08133 0.0942548 1
26.3827 0.19 1.08133 0.0942548 1
26.4334 0.19 1.08133 0.0942548 1
26.4841 0.19 1.08133 0.0942548 1
26.5349 0.19 1.08133 0.0942548 1
26.5856 0.19 1.08133 0.0942548 1
26.6363 0.19 1.08133 0.0942548 1
26.687 0.19 1.08133 0.0942548 1
26.7377 0.19 1.08133 0.0942548 1
26.7677 0.169156 0.931041 0.0838467 0
26.7884 0.19 1.08133 0.0942548 1
26.8392 0.19 1.08133 0.0942548 1
26.8899 0.19 1.08133 0.0942548 1
26.9406 0.19 1.08133 0.0942548 1
26.9913 0.19 1.08133 0.0942548 1
27.042 0.19 1.08133 0.0942548 1
27.0927 0.19 1.08133 0.0942548 1
27.1435 0.19 1.08133 0.0942548 1
27.1942 0.19 1.08133 0.0942548 1
27.2292 0.17389 0.96437 0.0863587 0
27.2449 0.19 1.08133 0.0942548 1
27.2956 0.19 1.08133 0.0942548 1
27.3463 0.19 1.08133 0.0942548 1
27.397 0.19 1.08133 0.0942548 1
27.4478 0.19 1.08133 0.0942548 1
27.4985 0.19 1.08133 0.0942548 1
27.5492 0.19 1.08133 0.0942548 1
27.5999 0.19 1.08133 0.0942548 1
27.6506 0.19 1.08133 0.0942548 1
27.6906 0.178809 1.00342 0.0888707 0
27.7013 0.19 1.08133 0.0942548 1
27.7521 0.19 1.08133 0.0942548 1
27.8028 0.19 1.08133 0.0942548 1
27.8535 0.19 1.08133 0.0942548 1
27.9042 0.19 1.08133 0.0942548 1
27.9549 0.19 1.08133 0.0942548 1
28.0056 0.19 1.08133 0.0942548 1
28.0564 0.19 1.08133 0.0942548 1
28.1071 0.19 1.08133 0.0942548 1
28.1521 0.183925 1.04256 0.0913827 0
28.1578 0.19 1.08133 0.0942548 1
28.2085 0.19 1.08133 0.0942548 1
28.2592 0.19 1.08133 0.0942548 1
28.3099 0.19 1.08133 0.0942548 1
28.3607 0.19 1.08133 0.0942548 1
28.4114 0.19 1.08133 0.0942548 1
28.4621 0.19 1.08133 0.0942548 1
28.5128 0.19 1.08133 0.0942548 1
28.5635 0.19 1.08133 0.0942548 1
28.6135 0.189226 1.077 0.0938947 0
28.6142 0.19 1.08133 0.0942548 1
28.665 0.19 1.08133 0.0942548 1
28.7157 0.19 1.08133 0.0942548 1
28.7664 0.19 1.08133 0.0942548 1
28.8171 0.19 1.08133 0.0942548 1
28.8678 0.19 1.08133 0.0942548 1
28.9185 0.19 1.08133 0.0942548 1
28.9693 0.19 1.08133 0.0942548 1
29.02 0.19 1.08133 0.0942548 1
29.075 0.194681 1.10325 0.0964067 0
29.0707 0.19 1.08133 0.0942548 1
29.1214 0.19 1.08133 0.0942548 1
29.1721 0.19 1.08133 0.0942548 1
29.2228 0.19 1.08133 0.0942548 1
29.2736 0.19 1.08133 0.0942548 1
29.3243 0.19 1.08133 0.0942548 1
29.375 0.19 1.08133 0.0942548 1
29.4257 0.19 1.08133 0.0942548 1
29.4764 0.19 1.08133 0.0942548 1
29.5271 0.19 1.08133 0.0942548 1
29.5321 0.145884 1.01268 0.0712867 0
29.5779 0.19 1.08133 0.0942548 1
29.6286 0.19 1.08133 0.0942548 1
29.6793 0.19 1.08133 0.0942548 1
29.73 0.19 1.08133 0.0942548 1
29.7807 0.19 1.08133 0.0942548 1
29.8314 0.19 1.08133 0.0942548 1
29.8822 0.19 1.08133 0.0942548 1
29.9329 0.19 1.08133 0.0942548 1
29.9836 0.19 1.08133 0.0942548 1
29.9936 0.1508 0.956742 0.0737987 0
30.0343 0.19 1.08133 0.0942548 1
30.085 0.19 1.08133 0.0942548 1
30.1357 0.19 1.08133 0.0942548 1
30.1865 0.19 1.08133 0.0942548 1
30.2372 0.19 1.08133 0.0942548 1
30.2879 0.19 1.08133 0.0942548 1
30.3386 0.19 1.08133 0.0942548 1
30.3893 0.19 1.08133 0.0942548 1
30.44 0.19 1.08133 0.0942548 1
30.455 0.155483 0.919832 0.0763107 0
30.4908 0.19 1.08133 0.0942548 1
30.5415 0.19 1.08133 0.0942548 1
30.5922 0.19 1.08133 0.0942548 1
30.6429 0.19 1.08133 0.0942548 1
30.6936 0.19 1.08133 0.0942548 1
30.7443 0.19 1.08133 0.0942548 1
30.7951 0.19 1.08133 0.0942548 1
30.8458 0.19 1.08133 0.0942548 1
30.8965 0.19 1.08133 0.0942548 1
30.9165 0.160035 0.904355 0.0788227 0
30.9472 0.19 1.08133 0.0942548 1
30.9979 0.19 1.08133 0.0942548 1
31.0486 0.19 1.08133 0.0942548 1
31.0994 0.19 1.08133 0.0942548 1
31.1501 0.19 1.08133 0.0942548 1
31.2008 0.19 1.08133 0.0942548 1
31.2515 0.19 1.08133 0.0942548 1
31.3022 0.19 1.08133 0.0942548 1
31.3529 0.19 1.08133 0.0942548 1
31.3779 0.164561 0.909296 0.0813347 0
31.4037 0.19 1.08133 0.0942548 1
31.4544 0.19 1.08133 0.0942548 1
31.5051 0.19 1.08133 0.0942548 1
31.5558 0.19 1.08133 0.0942548 1
31.6065 0.19 1.08133 0.0942548 1
31.6572 0.19 1.08133 0.0942548 1
31.708 0.19 1.08133 0.0942548 1
31.7587 0.19 1.08133 0.0942548 1
31.8094 0.19 1.08133 0.0942548 1
31.8394 0.169156 0.931041 0.0838467 0
31.8601 0.19 1.08133 0.0942548 1
31.9108 0.19 1.08133 0.0942548 1
31.9615 0.19 1.08133 0.0942548 1
32.0123 0.19 1.08133 0.0942548 1
32.063 0.19 1.08133 0.0942548 1
32.1137 0.19 1.08133 0.0942548 1
32.1644 0.19 1.08133 0.0942548 1
32.2151 0.19 1.08133 0.0942548 1
32.2658 0.19 1.08133 0.0942548 1
32.3008 0.17389 0.96437 0.0863587 0
32.3166 0.19 1.08133 0.0942548 1
32.3673 0.19 1.08133 0.0942548 1
32.418 0.19 1.08133 0.0942548 1
32.4687 0.19 1.08133 0.0942548 1
32.5194 0.19 1.08133 0.0942548 1
32.5701 0.19 1.08133 0.0942548 1
32.6209 0.19 1.08133 0.0942548 1
32.6716 0.19 1.08133 0.0942548 1
32.7223 0.19 1.08133 0.0942548 1
32.7623 0.178809 1.00342 0.0888707 0
32.773 0.19 1.08133 0.0942548 1
32.8237 0.19 1.08133 0.0942548 1
32.8744 0.19 1.08133 0.0942548 1
32.9252 0.19 1.08133 0.0942548 1
32.9759 0.19 1.08133 0.0942548 1
33.0266 0.19 1.08133 0.0942548 1
33.0773 0.19 1.08133 0.0942548 1
33.128 0.19 1.08133 0.0942548 1
33.1787 0.19 1.08133 0.0942548 1
33.2237 0.183925 1.04256 0.0913827 0
33.2295 0.19 1.08133 0.0942548 1
33.2802 0.19 1.08133 0.0942548 1
33.3309 0.19 1.08133 0.0942548 1
33.3816 0.19 1.08133 0.0942548 1
33.4323 0.19 1.08133 0.0942548 1
33.483 0.19 1.08133 0.0942548 1
33.5338 0.19 1.08133 0.0942548 1
33.5845 0.19 1.08133 0.0942548 1
33.6352 0.19 1.08133 0.0942548 1
33.6852 0.189226 1.077 0.0938947 0
33.6859 0.19 1.08133 0.0942548 1
33.7366 0.19 1.08133 0.0942548 1
33.7873 0.19 1.08133 0.0942548 1
33.8381 0.19 1.08133 0.0942548 1
33.8888 0.19 1.08133 0.0942548 1
33.9395 0.19 1.08133 0.0942548 1
33.9902 0.19 1.08133 0.0942548 1
34.0409 0.19 1.08133 0.0942548 1
34.0916 0.19 1.08133 0.0942548 1
34.1466 0.194681 1.10325 0.0964067 0
34.1424 0.19 1.08133 0.0942548 1
34.1931 0.19 1.08133 0.0942548 1
34.2438 0.19 1.08133 0.0942548 1
34.2945 0.19 1.08133 0.0942548 1
34.3452 0.19 1.08133 0.0942548 1
34.3959 0.19 1.08133 0.0942548 1
34.4467 0.19 1.08133 0.0942548 1
34.4974 0.19 1.08133 0.0942548 1
34.5481 0.19 1.08133 0.0942548 1
34.5988 0.19 1.08133 0.0942548 1
34.6038 0.145884 1.01268 0.0712867 0
34.6495 0.19 1.08133 0.0942548 1
34.7002 0.19 1.08133 0.0942548 1
34.751 0.19 1.08133 0.0942548 1
34.8017 0.19 1.08133 0.0942548 1
34.8524 0.19 1.08133 0.0942548 1
34.9031 0.19 1.08133 0.0942548 1
34.9538 0.19 1.08133 0.0942548 1
35.0045 0.19 1.08133 0.0942548 1
35.0553 0.19 1.08133 0.0942548 1
35.0653 0.1508 0.956742 0.0737987 0
35.106 0.19 1.08133 0.0942548 1
35.1567 0.19 1.08133 0.0942548 1
35.2074 0.19 1.08133 0.0942548 1
35.2581 0.19 1.08133 0.0942548 1
35.3088 0.19 1.08133 0.0942548 1
35.3596 0.19 1.08133 0.0942548 1
35.4103 0.19 1.08133 0.0942548 1
35.461 0.19 1.08133 0.0942548 1
35.5117 0.19 1.08133 0.0942548 1
35.5267 0.155483 0.919832 0.0763107 0
35.5624 0.19 1.08133 0.0942548 1
35.6131 0.19 1.08133 0.0942548 1
35.6639 0.19 1.08133 0.0942548 1
35.7146 0.19 1.08133 0.0942548 1
35.7653 0.19 1.08133 0.0942548 1
35.816 0.19 1.08133 0.0942548 1
35.8667 0.19 1.08133 0.0942548 1
35.9175 0.19 1.08133 0.0942548 1
35.9682 0.19 1.08133 0.0942548 1
35.9882 0.160035 0.904355 0.0788227 0
36.0189 0.19 1.08133 0.0942548 1
36.0696 0.19 1.08133 0.0942548 1
36.1203 0.19 1.08133 0.0942548 1
36.171 0.19 1.08133 0.0942548 1
36.2218 0.19 1.08133 0.0942548 1
36.2725 0.19 1.08133 0.0942548 1
36.3232 0.19 1.08133 0.0942548 1
36.3739 0.19 1.08133 0.0942548 1
36.4246 0.19 1.08133 0.0942548 1
36.4496 0.164561 0.909296 0.0813347 0
36.4753 0.19 1.08133 0.0942548 1
36.5261 0.19 1.08133 0.0942548 1
36.5768 0.19 1.08133 0.0942548 1
36.6275 0.19 1.08133 0.0942548 1
36.6782 0.19 1.08133 0.0942548 1
36.7289 0.19 1.08133 0.0942548 1
36.7796 0.19 1.08133 0.0942548 1
36.8304 0.19 1.08133 0.0942548 1
36.8811 0.19 1.08133 0.0942548 1
36.9111 0.169156 0.931041 0.0838467 0
36.9318 0.19 1.08133 0.0942548 1
36.9825 0.19 1.08133 0.0942548 1
37.0332 0.19 1.08133 0.0942548 1
37.0839 0.19 1.08133 0.0942548 1
37.1347 0.19 1.08133 0.0942548 1
37.1854 0.19 1.08133 0.0942548 1
37.2361 0.19 1.08133 0.0942548 1
37.2868 0.19 1.08133 0.0942548 1
37.3375 0.19 1.08133 0.0942548 1
37.3725 0.17389 0.96437 0.0863587 0
37.3882 0.19 1.08133 0.0942548 1
37.439 0.19 1.08133 0.0942548 1
37.4897 0.19 1.08133 0.0942548 1
37.5404 0.19 1.08133 0.0942548 1
37.5911 0.19 1.08133 0.0942548 1
37.6418 0.19 1.08133 0.0942548 1
37.6925 0.19 1.08133 0.0942548 1
37.7433 0.19 1.08133 0.0942548 1
37.794 0.19 1.08133 0.0942548 1
37.834 0.178809 1.00342 0.0888707 0
37.8447 0.19 1.08133 0.0942548 1
37.8954 0.19 1.08133 0.0942548 1
37.9461 0.19 1.08133 0.0942548 1
37.9968 0.19 1.08133 0.0942548 1
38.0476 0.19 1.08133 0.0942548 1
38.0983 0.19 1.08133 0.0942548 1
38.149 0.19 1.08133 0.0942548 1
38.1997 0.19 1.08133 0.0942548 1
38.2504 0.19 1.08133 0.0942548 1
38.2954 0.183925 1.04256 0.0913827 0
38.3011 0.19 1.08133 0.0942548 1
38.3519 0.19 1.08133 0.0942548 1
38.4026 0.19 1.08133 0.0942548 1
38.4533 0.19 1.08133 0.0942548 1
38.504 0.19 1.08133 0.0942548 1
38.5547 0.19 1.08133 0.0942548 1
38.6054 0.19 1.08133 0.0942548 1
38.6562 0.19 1.08133 0.0942548 1
38.7069 0.19 1.08133 0.0942548 1
38.7569 0.189226 1.077 0.0938947 0
38.7576 0.19 1.08133 0.0942548 1
38.8083 0.19 1.08133 0.0942548 1
38.859 0.19 1.08133 0.0942548 1
38.9097 0.19 1.08133 0.0942548 1
38.9605 0.19 1.08133 0.0942548 1
39.0112 0.19 1.08133 0.0942548 1
39.0619 0.19 1.08133 0.0942548 1
39.1126 0.19 1.08133 0.0942548 1
39.1633 0.19 1.08133 0.0942548 1
39.2183 0.194681 1.10325 0.0964067 0
39.214 0.19 1.08133 0.0942548 1
39.2648 0.19 1.08133 0.0942548 1
39.3155 0.19 1.08133 0.0942548 1
39.3662 0.19 1.08133 0.0942548 1
39.4169 0.19 1.08133 0.0942548 1
39.4676 0.19 1.08133 0.0942548 1
39.5183 0.19 1.08133 0.0942548 1
39.5691 0.19 1.08133 0.0942548 1
39.6198 0.19 1.08133 0.0942548 1
39.6705 0.19 1.08133 0.0942548 1
39.6755 0.145884 1.01268 0.0712867 0
39.7212 0.19 1.08133 0.0942548 1
39.7719 0.19 1.08133 0.0942548 1
39.8226 0.19 1.08133 0.0942548 1
39.8734 0.19 1.08133 0.0942548 1
39.9241 0.19 1.08133 0.0942548 1
39.9748 0.19 1.08133 0.0942548 1
40.0255 0.19 1.08133 0.0942548 1
40.0762 0.19 1.08133 0.0942548 1
40.1269 0.19 1.08133 0.0942548 1
40.1369 0.1508 0.956742 0.0737987 0
40.1777 0.19 1.08133 0.0942548 1
40.2284 0.19 1.08133 0.0942548 1
40.2791 0.19 1.08133 0.0942548 1
40.3298 0.19 1.08133 0.0942548 1
40.3805 0.19 1.08133 0.0942548 1
40.4312 0.19 1.08133 0.0942548 1
40.482 0.19 1.08133 0.0942548 1
40.5327 0.19 1.08133 0.0942548 1
40.5834 0.19 1.08133 0.0942548 1
40.5984 0.155483 0.919832 0.0763107 0
40.6341 0.19 1.08133 0.0942548 1
40.6848 0.19 1.08133 0.0942548 1
40.7355 0.19 1.08133 0.0942548 1
40.7863 0.19 1.08133 0.0942548 1
40.837 0.19 1.08133 0.0942548 1
40.8877 0.19 1.08133 0.0942548 1
40.9384 0.19 1.08133 0.0942548 1
40.9891 0.19 1.08133 0.0942548 1
41.0398 0.19 1.08133 0.0942548 1
41.0598 0.160035 0.904355 0.0788227 0
41.0906 0.19 1.08133 0.0942548 1
41.1413 0.19 1.08133 0.0942548 1
41.192 0.19 1.08133 0.0942548 1
41.2427 0.19 1.08133 0.0942548 1
41.2934 0.19 1.08133 0.0942548 1
41.3441 0.19 1.08133 0.0942548 1
41.3949 0.19 1.08133 0.0942548 1
41.4456 0.19 1.08133 0.0942548 1
41.4963 0.19 1.08133 0.0942548 1
41.5213 0.164561 0.909296 0.0813347 0
41.547 0.19 1.08133 0.0942548 1
41.5977 0.19 1.08133 0.0942548 1
41.6484 0.19 1.08133 0.0942548 1
41.6992 0.19 1.08133 0.0942548 1
41.7499 0.19 1.08133 0.0942548 1
41.8006 0.19 1.08133 0.0942548 1
41.8513 0.19 1.08133 0.0942548 1
41.902 0.19 1.08133 0.0942548 1
41.9527 0.19 1.08133 0.0942548 1
41.9827 0.169156 0.931041 0.0838467 0
42.0035 0.19 1.08133 0.0942548 1
42.0542 0.19 1.08133 0.0942548 1
42.1049 0.19 1.08133 0.0942548 1
42.1556 0.19 1.08133 0.0942548 1
42.2063 0.19 1.08133 0.0942548 1
42.257 0.19 1.08133 0.0942548 1
42.3078 0.19 1.08133 0.0942548 1
42.3585 0.19 1.08133 0.0942548 1
42.4092 0.19 1.08133 0.0942548 1
42.4442 0.17389 0.96437 0.0863587 0
42.4599 0.19 1.08133 0.0942548 1
42.5106 0.19 1.08133 0.0942548 1
42.5613 0.19 1.08133 0.0942548 1
42.6121 0.19 1.08133 0.0942548 1
42.6628 0.19 1.08133 0.0942548 1
42.7135 0.19 1.08133 0.0942548 1
42.7642 0.19 1.08133 0.0942548 1
42.8149 0.19 1.08133 0.0942548 1
42.8656 0.19 1.08133 0.0942548 1
42.9056 0.178809 1.00342 0.0888707 0
42.9164 0.19 1.08133 0.0942548 1
42.9671 0.19 1.08133 0.0942548 1
43.0178 0.19 1.08133 0.0942548 1
43.0685 0.19 1.08133 0.0942548 1
43.1192 0.19 1.08133 0.0942548 1
43.1699 0.19 1.08133 0.0942548 1
43.2207 0.19 1.08133 0.0942548 1
43.2714 0.19 1.08133 0.0942548 1
43.3221 0.19 1.08133 0.0942548 1
43.3671 0.183925 1.04256 0.0913827 0
43.3728 0.19 1.08133 0.0942548 1
43.4235 0.19 1.08133 0.0942548 1
43.4742 0.19 1.08133 0.0942548 1
43.525 0.19 1.08133 0.0942548 1
43.5757 0.19 1.08133 0.0942548 1
43.6264 0.19 1.08133 0.0942548 1
43.6771 0.19 1.08133 0.0942548 1
43.7278 0.19 1.08133 0.0942548 1
43.7785 0.19 1.08133 0.0942548 1
43.8285 0.189226 1.077 0.0938947 0
43.8293 0.19 1.08133 0.0942548 1
43.88 0.19 1.08133 0.0942548 1
43.9307 0.19 1.08133 0.0942548 1
43.9814 0.19 1.08133 0.0942548 1
44.0321 0.19 1.08133 0.0942548 1
44.0828 0.19 1.08133 0.0942548 1
44.1336 0.19 1.08133 0.0942548 1
44.1843 0.19 1.08133 0.0942548 1
44.235 0.19 1.08133 0.0942548 1
44.29 0.194681 1.10325 0.0964067 0
44.2857 0.19 1.08133 0.0942548 1
44.3364 0.19 1.08133 0.0942548 1
44.3871 0.19 1.08133 0.0942548 1
44.4379 0.19 1.08133 0.0942548 1
44.4886 0.19 1.08133 0.0942548 1
44.5393 0.19 1.08133 0.0942548 1
44.59 0.19 1.08133 0.0942548 1
44.6407 0.19 1.08133 0.0942548 1
44.6914 0.19 1.08133 0.0942548 1
44.7422 0.19 1.08133 0.0942548 1
44.7472 0.145884 1.01268 0.0712867 0
44.7929 0.19 1.08133 0.0942548 1
44.8436 0.19 1.08133 0.0942548 1
44.8943 0.19 1.08133 0.0942548 1
44.945 0.19 1.08133 0.0942548 1
44.9957 0.19 1.08133 0.0942548 1
45.0465 0.19 1.08133 0.0942548 1
45.0972 0.19 1.08133 0.0942548 1
45.1479 0.19 1.08133 0.0942548 1
45.1986 0.19 1.08133 0.0942548 1
45.2086 0.1508 0.956742 0.0737987 0
45.2493 0.19 1.08133 0.0942548 1
45.3001 0.19 1.08133 0.0942548 1
45.3508 0.19 1.08133 0.0942548 1
45.4015 0.19 1.08133 0.0942548 1
45.4522 0.19 1.08133 0.0942548 1
45.5029 0.19 1.08133 0.0942548 1
45.5536 0.19 1.08133 0.0942548 1
45.6044 0.19 1.08133 0.0942548 1
45.6551 0.19 1.08133 0.0942548 1
45.6701 0.155483 0.919832 0.0763107 0
45.7058 0.19 1.08133 0.0942548 1
45.7565 0.19 1.08133 0.0942548 1
45.8072 0.19 1.08133 0.0942548 1
45.8579 0.19 1.08133 0.0942548 1
45.9087 0.19 1.08133 0.0942548 1
45.9594 0.19 1.08133 0.0942548 1
46.0101 0.19 1.08133 0.0942548 1
46.0608 0.19 1.08133 0.0942548 1
46.1115 0.19 1.08133 0.0942548 1
46.1315 0.160035 0.904355 0.0788227 0
46.1622 0.19 1.08133 0.0942548 1
46.213 0.19 1.08133 0.0942548 1
46.2637 0.19 1.08133 0.0942548 1
46.3144 0.19 1.08133 0.0942548 1
46.3651 0.19 1.08133 0.0942548 1
46.4158 0.19 1.08133 0.0942548 1
46.4665 0.19 1.08133 0.0942548 1
46.5173 0.19 1.08133 0.0942548 1
46.568 0.19 1.08133 0.0942548 1
46.593 0.164561 0.909296 0.0813347 0
46.6187 0.19 1.08133 0.0942548 1
46.6694 0.19 1.08133 0.0942548 1
46.7201 0.19 1.08133 0.0942548 1
46.7708 0.19 1.08133 0.0942548 1
46.8216 0.19 1.08133 0.0942548 1
46.8723 0.19 1.08133 0.0942548 1
46.923 0.19 1.08133 0.0942548 1
46.9737 0.19 1.08133 0.0942548 1
47.0244 0.19 1.08133 0.0942548 1
47.0544 0.169156 0.931041 0.0838467 0
47.0751 0.19 1.08133 0.0942548 1
47.1259 0.19 1.08133 0.0942548 1
47.1766 0.19 1.08133 0.0942548 1
47.2273 0.19 1.08133 0.0942548 1
47.278 0.19 1.08133 0.0942548 1
47.3287 0.19 1.08133 0.0942548 1
47.3794 0.19 1.08133 0.0942548 1
47.4302 0.19 1.08133 0.0942548 1
47.4809 0.19 1.08133 0.0942548 1
47.5159 0.17389 0.96437 0.0863587 0
47.5316 0.19 1.08133 0.0942548 1
47.5823 0.19 1.08133 0.0942548 1
47.633 0.19 1.08133 0.0942548 1
47.6837 0.19 1.08133 0.0942548 1
47.7345 0.19 1.08133 0.0942548 1
47.7852 0.19 1.08133 0.0942548 1
47.8359 0.19 1.08133 0.0942548 1
47.8866 0.19 1.08133 0.0942548 1
47.9373 0.19 1.08133 0.0942548 1
47.9773 0.178809 1.00342 0.0888707 0
47.988 0.19 1.08133 0.0942548 1
48.0388 0.19 1.08133 0.0942548 1
48.0895 0.19 1.08133 0.0942548 1
48.1402 0.19 1.08133 0.0942548 1
48.1909 0.19 1.08133 0.0942548 1
48.2416 0.19 1.08133 0.0942548 1
48.2923 0.19 1.08133 0.0942548 1
48.3431 0.19 1.08133 0.0942548 1
48.3938 0.19 1.08133 0.0942548 1
48.4388 0.183925 1.04256 0.0913827 0
48.4445 0.19 1.08133 0.0942548 1
48.4952 0.19 1.08133 0.0942548 1
48.5459 0.19 1.08133 0.0942548 1
48.5966 0.19 1.08133 0.0942548 1
48.6474 0.19 1.08133 0.0942548 1
48.6981 0.19 1.08133 0.0942548 1
48.7488 0.19 1.08133 0.0942548 1
48.7995 0.19 1.08133 0.0942548 1
48.8502 0.19 1.08133 0.0942548 1
48.9002 0.189226 1.077 0.0938947 0
48.9009 0.19 1.08133 0.0942548 1
48.9517 0.19 1.08133 0.0942548 1
49.0024 0.19 1.08133 0.0942548 1
49.0531 0.19 1.08133 0.0942548 1
49.1038 0.19 1.08133 0.0942548 1
49.1545 0.19 1.08133 0.0942548 1
49.2052 0.19 1.08133 0.0942548 1
49.256 0.19 1.08133 0.0942548 1
49.3067 0.19 1.08133 0.0942548 1
49.3617 0.194681 1.10325 0.0964067 0
49.3574 0.19 1.08133 0.0942548 1
49.4081 0.19 1.08133 0.0942548 1
49.4588 0.19 1.08133 0.0942548 1
49.5095 0.19 1.08133 0.0942548 1
49.5603 0.19 1.08133 0.0942548 1
49.611 0.19 1.08133 0.0942548 1
49.6617 0.19 1.08133 0.0942548 1
49.7124 0.19 1.08133 0.0942548 1
49.7631 0.19 1.08133 0.0942548 1
49.8138 0.19 1.08133 0.0942548 1
49.8188 0.145884 1.01268 0.0712867 0
49.8646 0.19 1.08133 0.0942548 1
49.9153 0.19 1.08133 0.0942548 1
49.966 0.19 1.08133 0.0942548 1
0.5024 0.5024 0.5024 0.5024 0.5024
