t x v M dripped?
0 0 0 0.01 0
0.167005 0.19 0.947076 0.0936029 1
0.213953 0.19 1.16564 0.0949427 1
0.267249 0.19 0.984757 0.0939553 1
0.314829 0.19 1.13447 0.0946433 1
0.367268 0.19 1.02305 0.0940516 1
0.416159 0.19 1.11519 0.0944715 1
0.468079 0.19 1.0452 0.0941244 1
0.483079 0.156947 0.868926 0.0770387 0
0.517718 0.19 1.10159 0.094379 1
0.569226 0.19 1.05848 0.0941722 1
0.619316 0.19 1.09273 0.0943273 1
0.670543 0.19 1.06638 0.0942032 1
0.7209 0.19 1.08715 0.0942977 1
0.771946 0.19 1.0711 0.0942228 1
0.822462 0.19 1.08368 0.0942803 1
0.873395 0.19 1.07393 0.0942351 1
0.924005 0.19 1.08156 0.09427 1
0.949005 0.164541 0.906624 0.0812954 0
0.974869 0.19 1.07563 0.0942426 1
1.02554 0.19 1.08026 0.0942639 1
1.07636 0.19 1.07666 0.0942473 1
1.12706 0.19 1.07947 0.0942602 1
1.17785 0.19 1.07729 0.0942501 1
1.22857 0.19 1.07899 0.0942579 1
1.27935 0.19 1.07766 0.0942518 1
1.33009 0.19 1.0787 0.0942566 1
1.38086 0.19 1.07789 0.0942529 1
1.41086 0.169212 0.925856 0.0838723 0
1.4316 0.19 1.07852 0.0942557 1
1.48236 0.19 1.07803 0.0942535 1
1.53311 0.19 1.07841 0.0942552 1
1.58387 0.19 1.07811 0.0942539 1
1.63462 0.19 1.07834 0.0942549 1
1.68537 0.19 1.07817 0.0942541 1
1.73612 0.19 1.07831 0.0942548 1
1.78688 0.19 1.0782 0.0942543 1
1.83763 0.19 1.07828 0.0942546 1
1.87263 0.173913 0.95963 0.0863674 0
1.88839 0.19 1.07822 0.0942543 1
1.93914 0.19 1.07827 0.0942546 1
1.98989 0.19 1.07823 0.0942544 1
2.04065 0.19 1.07826 0.0942545 1
2.0914 0.19 1.07823 0.0942544 1
2.14215 0.19 1.07825 0.0942545 1
2.19291 0.19 1.07824 0.0942544 1
2.24366 0.19 1.07825 0.0942545 1
2.29442 0.19 1.07824 0.0942545 1
2.33442 0.17881 0.999137 0.0888712 0
2.34517 0.19 1.07825 0.0942545 1
2.39592 0.19 1.07824 0.0942545 1
2.44668 0.19 1.07825 0.0942545 1
2.49743 0.19 1.07824 0.0942545 1
2.54819 0.19 1.07825 0.0942545 1
2.59894 0.19 1.07824 0.0942545 1
2.64969 0.19 1.07824 0.0942545 1
2.70045 0.19 1.07824 0.0942545 1
2.7512 0.19 1.07824 0.0942545 1
2.7962 0.183905 1.03875 0.0913741 0
2.80195 0.19 1.07824 0.0942545 1
2.85271 0.19 1.07824 0.0942545 1
2.90346 0.19 1.07824 0.0942545 1
2.95422 0.19 1.07824 0.0942545 1
3.00497 0.19 1.07824 0.0942545 1
3.05572 0.19 1.07824 0.0942545 1
3.10648 0.19 1.07824 0.0942545 1
3.15723 0.19 1.07824 0.0942545 1
3.20798 0.19 1.07824 0.0942545 1
3.25798 0.189189 1.07363 0.0938771 0
3.25874 0.19 1.07824 0.0942545 1
3.30949 0.19 1.07824 0.0942545 1
3.36025 0.19 1.07824 0.0942545 1
3.411 0.19 1.07824 0.0942545 1
3.46175 0.19 1.07824 0.0942545 1
3.51251 0.19 1.07824 0.0942545 1
3.56326 0.19 1.07824 0.0942545 1
3.61401 0.19 1.07824 0.0942545 1
3.66477 0.19 1.07824 0.0942545 1
3.71977 0.194628 1.10025 0.0963801 0
3.71552 0.19 1.07824 0.0942545 1
3.76628 0.19 1.07824 0.0942545 1
3.81703 0.19 1.07824 0.0942545 1
3.86778 0.19 1.07824 0.0942545 1
3.91854 0.19 1.07824 0.0942545 1
3.96929 0.19 1.07824 0.0942545 1
4.02004 0.19 1.07824 0.0942545 1
4.0708 0.19 1.07824 0.0942545 1
4.12155 0.19 1.07824 0.0942545 1
4.17231 0.19 1.07824 0.0942545 1
4.17731 0.146054 1.00884 0.0713501 0
4.22306 0.19 1.07824 0.0942545 1
4.27381 0.19 1.07824 0.0942545 1
4.32457 0.19 1.07824 0.0942545 1
4.37532 0.19 1.07824 0.0942545 1
4.42607 0.19 1.07824 0.0942545 1
4.47683 0.19 1.07824 0.0942545 1
4.52758 0.19 1.07824 0.0942545 1
4.57834 0.19 1.07824 0.0942545 1
4.62909 0.19 1.07824 0.0942545 1
4.63909 0.15095 0.95225 0.0738531 0
4.67984 0.19 1.07824 0.0942545 1
4.7306 0.19 1.07824 0.0942545 1
4.78135 0.19 1.07824 0.0942545 1
4.8321 0.19 1.07824 0.0942545 1
4.88286 0.19 1.07824 0.0942545 1
4.93361 0.19 1.07824 0.0942545 1
4.98437 0.19 1.07824 0.0942545 1
5.03512 0.19 1.07824 0.0942545 1
5.08587 0.19 1.07824 0.0942545 1
5.10087 0.155609 0.914857 0.0763561 0
5.13663 0.19 1.07824 0.0942545 1
5.18738 0.19 1.07824 0.0942545 1
5.23813 0.19 1.07824 0.0942545 1
5.28889 0.19 1.07824 0.0942545 1
5.33964 0.19 1.07824 0.0942545 1
5.3904 0.19 1.07824 0.0942545 1
5.44115 0.19 1.07824 0.0942545 1
5.4919 0.19 1.07824 0.0942545 1
5.54266 0.19 1.07824 0.0942545 1
5.56266 0.160135 0.899119 0.0788591 0
5.59341 0.19 1.07824 0.0942545 1
5.64416 0.19 1.07824 0.0942545 1
5.69492 0.19 1.07824 0.0942545 1
5.74567 0.19 1.07824 0.0942545 1
5.79643 0.19 1.07824 0.0942545 1
5.84718 0.19 1.07824 0.0942545 1
5.89793 0.19 1.07824 0.0942545 1
5.94869 0.19 1.07824 0.0942545 1
5.99944 0.19 1.07824 0.0942545 1
6.02444 0.164635 0.904032 0.0813621 0
6.05019 0.19 1.07824 0.0942545 1
6.10095 0.19 1.07824 0.0942545 1
6.1517 0.19 1.07824 0.0942545 1
6.20246 0.19 1.07824 0.0942545 1
6.25321 0.19 1.07824 0.0942545 1
6.30396 0.19 1.07824 0.0942545 1
6.35472 0.19 1.07824 0.0942545 1
6.40547 0.19 1.07824 0.0942545 1
6.45622 0.19 1.07824 0.0942545 1
6.48622 0.169203 0.925962 0.0838651 0
6.50698 0.19 1.07824 0.0942545 1
6.55773 0.19 1.07824 0.0942545 1
6.60849 0.19 1.07824 0.0942545 1
6.65924 0.19 1.07824 0.0942545 1
6.70999 0.19 1.07824 0.0942545 1
6.76075 0.19 1.07824 0.0942545 1
6.8115 0.19 1.07824 0.0942545 1
6.86225 0.19 1.07824 0.0942545 1
6.91301 0.19 1.07824 0.0942545 1
6.94801 0.173914 0.959636 0.0863681 0
6.96376 0.19 1.07824 0.0942545 1
7.01452 0.19 1.07824 0.0942545 1
7.06527 0.19 1.07824 0.0942545 1
7.11602 0.19 1.07824 0.0942545 1
7.16678 0.19 1.07824 0.0942545 1
7.21753 0.19 1.07824 0.0942545 1
7.26828 0.19 1.07824 0.0942545 1
7.31904 0.19 1.07824 0.0942545 1
7.36979 0.19 1.07824 0.0942545 1
7.40979 0.178809 0.999135 0.0888711 0
7.42055 0.19 1.07824 0.0942545 1
7.4713 0.19 1.07824 0.0942545 1
7.52205 0.19 1.07824 0.0942545 1
7.57281 0.19 1.07824 0.0942545 1
7.62356 0.19 1.07824 0.0942545 1
7.67431 0.19 1.07824 0.0942545 1
7.72507 0.19 1.07824 0.0942545 1
7.77582 0.19 1.07824 0.0942545 1
7.82658 0.19 1.07824 0.0942545 1
7.87158 0.183905 1.03875 0.0913741 0
7.87733 0.19 1.07824 0.0942545 1
7.92808 0.19 1.07824 0.0942545 1
7.97884 0.19 1.07824 0.0942545 1
8.02959 0.19 1.07824 0.0942545 1
8.08034 0.19 1.07824 0.0942545 1
8.1311 0.19 1.07824 0.0942545 1
8.18185 0.19 1.07824 0.0942545 1
8.23261 0.19 1.07824 0.0942545 1
8.28336 0.19 1.07824 0.0942545 1
8.33336 0.189189 1.07363 0.0938771 0
8.33411 0.19 1.07824 0.0942545 1
8.38487 0.19 1.07824 0.0942545 1
8.43562 0.19 1.07824 0.0942545 1
8.48637 0.19 1.07824 0.0942545 1
8.53713 0.19 1.07824 0.0942545 1
8.58788 0.19 1.07824 0.0942545 1
8.63864 0.19 1.07824 0.0942545 1
8.68939 0.19 1.07824 0.0942545 1
8.74014 0.19 1.07824 0.0942545 1
8.79514 0.194628 1.10025 0.0963801 0
8.7909 0.19 1.07824 0.0942545 1
8.84165 0.19 1.07824 0.0942545 1
8.8924 0.19 1.07824 0.0942545 1
8.94316 0.19 1.07824 0.0942545 1
8.99391 0.19 1.07824 0.0942545 1
9.04467 0.19 1.07824 0.0942545 1
9.09542 0.19 1.07824 0.0942545 1
9.14617 0.19 1.07824 0.0942545 1
9.19693 0.19 1.07824 0.0942545 1
9.24768 0.19 1.07824 0.0942545 1
9.25268 0.146054 1.00884 0.0713501 0
9.29843 0.19 1.07824 0.0942545 1
9.34919 0.19 1.07824 0.0942545 1
9.39994 0.19 1.07824 0.0942545 1
9.4507 0.19 1.07824 0.0942545 1
9.50145 0.19 1.07824 0.0942545 1
9.5522 0.19 1.07824 0.0942545 1
9.60296 0.19 1.07824 0.0942545 1
9.65371 0.19 1.07824 0.0942545 1
9.70446 0.19 1.07824 0.0942545 1
9.71446 0.15095 0.95225 0.0738531 0
9.75522 0.19 1.07824 0.0942545 1
9.80597 0.19 1.07824 0.0942545 1
9.85673 0.19 1.07824 0.0942545 1
9.90748 0.19 1.07824 0.0942545 1
9.95823 0.19 1.07824 0.0942545 1
10.009 0.19 1.07824 0.0942545 1
10.0597 0.19 1.07824 0.0942545 1
10.1105 0.19 1.07824 0.0942545 1
10.1612 0.19 1.07824 0.0942545 1
10.1762 0.155609 0.914857 0.0763561 0
10.212 0.19 1.07824 0.0942545 1
10.2628 0.19 1.07824 0.0942545 1
10.3135 0.19 1.07824 0.0942545 1
10.3643 0.19 1.07824 0.0942545 1
10.415 0.19 1.07824 0.0942545 1
10.4658 0.19 1.07824 0.0942545 1
10.5165 0.19 1.07824 0.0942545 1
10.5673 0.19 1.07824 0.0942545 1
10.618 0.19 1.07824 0.0942545 1
10.638 0.160135 0.899119 0.0788591 0
10.6688 0.19 1.07824 0.0942545 1
10.7195 0.19 1.07824 0.0942545 1
10.7703 0.19 1.07824 0.0942545 1
10.821 0.19 1.07824 0.0942545 1
10.8718 0.19 1.07824 0.0942545 1
10.9226 0.19 1.07824 0.0942545 1
10.9733 0.19 1.07824 0.0942545 1
11.0241 0.19 1.07824 0.0942545 1
11.0748 0.19 1.07824 0.0942545 1
11.0998 0.164635 0.904032 0.0813621 0
11.1256 0.19 1.07824 0.0942545 1
11.1763 0.19 1.07824 0.0942545 1
11.2271 0.19 1.07824 0.0942545 1
11.2778 0.19 1.07824 0.0942545 1
11.3286 0.19 1.07824 0.0942545 1
11.3793 0.19 1.07824 0.0942545 1
11.4301 0.19 1.07824 0.0942545 1
11.4808 0.19 1.07824 0.0942545 1
11.5316 0.19 1.07824 0.0942545 1
11.5616 0.169203 0.925962 0.0838651 0
11.5824 0.19 1.07824 0.0942545 1
11.6331 0.19 1.07824 0.0942545 1
11.6839 0.19 1.07824 0.0942545 1
11.7346 0.19 1.07824 0.0942545 1
11.7854 0.19 1.07824 0.0942545 1
11.8361 0.19 1.07824 0.0942545 1
11.8869 0.19 1.07824 0.0942545 1
11.9376 0.19 1.07824 0.0942545 1
11.9884 0.19 1.07824 0.0942545 1
12.0234 0.173914 0.959636 0.0863681 0
12.0391 0.19 1.07824 0.0942545 1
12.0899 0.19 1.07824 0.0942545 1
12.1406 0.19 1.07824 0.0942545 1
12.1914 0.19 1.07824 0.0942545 1
12.2422 0.19 1.07824 0.0942545 1
12.2929 0.19 1.07824 0.0942545 1
12.3437 0.19 1.07824 0.0942545 1
12.3944 0.19 1.07824 0.0942545 1
12.4452 0.19 1.07824 0.0942545 1
12.4852 0.178809 0.999135 0.0888711 0
12.4959 0.19 1.07824 0.0942545 1
12.5467 0.19 1.07824 0.0942545 1
12.5974 0.19 1.07824 0.0942545 1
12.6482 0.19 1.07824 0.0942545 1
12.6989 0.19 1.07824 0.0942545 1
12.7497 0.19 1.07824 0.0942545 1
12.8004 0.19 1.07824 0.0942545 1
12.8512 0.19 1.07824 0.0942545 1
12.902 0.19 1.07824 0.0942545 1
12.947 0.183905 1.03875 0.0913741 0
12.9527 0.19 1.07824 0.0942545 1
13.0035 0.19 1.07824 0.0942545 1
13.0542 0.19 1.07824 0.0942545 1
13.105 0.19 1.07824 0.0942545 1
13.1557 0.19 1.07824 0.0942545 1
13.2065 0.19 1.07824 0.0942545 1
13.2572 0.19 1.07824 0.0942545 1
13.308 0.19 1.07824 0.0942545 1
13.3587 0.19 1.07824 0.0942545 1
13.4087 0.189189 1.07363 0.0938771 0
13.4095 0.19 1.07824 0.0942545 1
13.4602 0.19 1.07824 0.0942545 1
13.511 0.19 1.07824 0.0942545 1
13.5618 0.19 1.07824 0.0942545 1
13.6125 0.19 1.07824 0.0942545 1
13.6633 0.19 1.07824 0.0942545 1
13.714 0.19 1.07824 0.0942545 1
13.7648 0.19 1.07824 0.0942545 1
13.8155 0.19 1.07824 0.0942545 1
13.8705 0.194628 1.10025 0.0963801 0
13.8663 0.19 1.07824 0.0942545 1
13.917 0.19 1.07824 0.0942545 1
13.9678 0.19 1.07824 0.0942545 1
14.0185 0.19 1.07824 0.0942545 1
14.0693 0.19 1.07824 0.0942545 1
14.12 0.19 1.07824 0.0942545 1
14.1708 0.19 1.07824 0.0942545 1
14.2215 0.19 1.07824 0.0942545 1
14.2723 0.19 1.07824 0.0942545 1
14.3231 0.19 1.07824 0.0942545 1
14.3281 0.146054 1.00884 0.0713501 0
14.3738 0.19 1.07824 0.0942545 1
14.4246 0.19 1.07824 0.0942545 1
14.4753 0.19 1.07824 0.0942545 1
14.5261 0.19 1.07824 0.0942545 1
14.5768 0.19 1.07824 0.0942545 1
14.6276 0.19 1.07824 0.0942545 1
14.6783 0.19 1.07824 0.0942545 1
14.7291 0.19 1.07824 0.0942545 1
14.7798 0.19 1.07824 0.0942545 1
14.7898 0.15095 0.95225 0.0738531 0
14.8306 0.19 1.07824 0.0942545 1
14.8813 0.19 1.07824 0.0942545 1
14.9321 0.19 1.07824 0.0942545 1
14.9829 0.19 1.07824 0.0942545 1
15.0336 0.19 1.07824 0.0942545 1
15.0844 0.19 1.07824 0.0942545 1
15.1351 0.19 1.07824 0.0942545 1
15.1859 0.19 1.07824 0.0942545 1
15.2366 0.19 1.07824 0.0942545 1
15.2516 0.155609 0.914857 0.0763561 0
15.2874 0.19 1.07824 0.0942545 1
15.3381 0.19 1.07824 0.0942545 1
15.3889 0.19 1.07824 0.0942545 1
15.4396 0.19 1.07824 0.0942545 1
15.4904 0.19 1.07824 0.0942545 1
15.5411 0.19 1.07824 0.0942545 1
15.5919 0.19 1.07824 0.0942545 1
15.6427 0.19 1.07824 0.0942545 1
15.6934 0.19 1.07824 0.0942545 1
15.7134 0.160135 0.899119 0.0788591 0
15.7442 0.19 1.07824 0.0942545 1
15.7949 0.19 1.07824 0.0942545 1
15.8457 0.19 1.07824 0.0942545 1
15.8964 0.19 1.07824 0.0942545 1
15.9472 0.19 1.07824 0.0942545 1
15.9979 0.19 1.07824 0.0942545 1
16.0487 0.19 1.07824 0.0942545 1
16.0994 0.19 1.07824 0.0942545 1
16.1502 0.19 1.07824 0.0942545 1
16.1752 0.164635 0.904032 0.0813621 0
16.2009 0.19 1.07824 0.0942545 1
16.2517 0.19 1.07824 0.0942545 1
16.3025 0.19 1.07824 0.0942545 1
16.3532 0.19 1.07824 0.0942545 1
16.404 0.19 1.07824 0.0942545 1
16.4547 0.19 1.07824 0.0942545 1
16.5055 0.19 1.07824 0.0942545 1
16.5562 0.19 1.07824 0.0942545 1
16.607 0.19 1.07824 0.0942545 1
16.637 0.169203 0.925962 0.0838651 0
16.6577 0.19 1.07824 0.0942545 1
16.7085 0.19 1.07824 0.0942545 1
16.7592 0.19 1.07824 0.0942545 1
16.81 0.19 1.07824 0.0942545 1
16.8607 0.19 1.07824 0.0942545 1
16.9115 0.19 1.07824 0.0942545 1
16.9623 0.19 1.07824 0.0942545 1
17.013 0.19 1.07824 0.0942545 1
17.0638 0.19 1.07824 0.0942545 1
17.0988 0.173914 0.959636 0.0863681 0
17.1145 0.19 1.07824 0.0942545 1
17.1653 0.19 1.07824 0.0942545 1
17.216 0.19 1.07824 0.0942545 1
17.2668 0.19 1.07824 0.0942545 1
17.3175 0.19 1.07824 0.0942545 1
17.3683 0.19 1.07824 0.0942545 1
17.419 0.19 1.07824 0.0942545 1
17.4698 0.19 1.07824 0.0942545 1
17.5205 0.19 1.07824 0.0942545 1
17.5605 0.178809 0.999135 0.0888711 0
17.5713 0.19 1.07824 0.0942545 1
17.6221 0.19 1.07824 0.0942545 1
17.6728 0.19 1.07824 0.0942545 1
17.7236 0.19 1.07824 0.0942545 1
17.7743 0.19 1.07824 0.0942545 1
17.8251 0.19 1.07824 0.0942545 1
17.8758 0.19 1.07824 0.0942545 1
17.9266 0.19 1.07824 0.0942545 1
17.9773 0.19 1.07824 0.0942545 1
18.0223 0.183905 1.03875 0.0913741 0
18.0281 0.19 1.07824 0.0942545 1
18.0788 0.19 1.07824 0.0942545 1
18.1296 0.19 1.07824 0.0942545 1
18.1803 0.19 1.07824 0.0942545 1
18.2311 0.19 1.07824 0.0942545 1
18.2818 0.19 1.07824 0.0942545 1
18.3326 0.19 1.07824 0.0942545 1
18.3834 0.19 1.07824 0.0942545 1
18.4341 0.19 1.07824 0.0942545 1
18.4841 0.189189 1.07363 0.0938771 0
18.4849 0.19 1.07824 0.0942545 1
18.5356 0.19 1.07824 0.0942545 1
18.5864 0.19 1.07824 0.0942545 1
18.6371 0.19 1.07824 0.0942545 1
18.6879 0.19 1.07824 0.0942545 1
18.7386 0.19 1.07824 0.0942545 1
18.7894 0.19 1.07824 0.0942545 1
18.8401 0.19 1.07824 0.0942545 1
18.8909 0.19 1.07824 0.0942545 1
18.9459 0.194628 1.10025 0.0963801 0
18.9416 0.19 1.07824 0.0942545 1
18.9924 0.19 1.07824 0.0942545 1
19.0432 0.19 1.07824 0.0942545 1
19.0939 0.19 1.07824 0.0942545 1
19.1447 0.19 1.07824 0.0942545 1
19.1954 0.19 1.07824 0.0942545 1
19.2462 0.19 1.07824 0.0942545 1
19.2969 0.19 1.07824 0.0942545 1
19.3477 0.19 1.07824 0.0942545 1
19.3984 0.19 1.07824 0.0942545 1
19.4034 0.146054 1.00884 0.0713501 0
19.4492 0.19 1.07824 0.0942545 1
19.4999 0.19 1.07824 0.0942545 1
19.5507 0.19 1.07824 0.0942545 1
19.6014 0.19 1.07824 0.0942545 1
19.6522 0.19 1.07824 0.0942545 1
19.703 0.19 1.07824 0.0942545 1
19.7537 0.19 1.07824 0.0942545 1
19.8045 0.19 1.07824 0.0942545 1
19.8552 0.19 1.07824 0.0942545 1
19.8652 0.15095 0.95225 0.0738531 0
19.906 0.19 1.07824 0.0942545 1
19.9567 0.19 1.07824 0.0942545 1
20.0075 0.19 1.07824 0.0942545 1
20.0582 0.19 1.07824 0.0942545 1
20.109 0.19 1.07824 0.0942545 1
20.1597 0.19 1.07824 0.0942545 1
20.2105 0.19 1.07824 0.0942545 1
20.2612 0.19 1.07824 0.0942545 1
20.312 0.19 1.07824 0.0942545 1
20.327 0.155609 0.914857 0.0763561 0
20.3628 0.19 1.07824 0.0942545 1
20.4135 0.19 1.07824 0.0942545 1
20.4643 0.19 1.07824 0.0942545 1
20.515 0.19 1.07824 0.0942545 1
20.5658 0.19 1.07824 0.0942545 1
20.6165 0.19 1.07824 0.0942545 1
20.6673 0.19 1.07824 0.0942545 1
20.718 0.19 1.07824 0.0942545 1
20.7688 0.19 1.07824 0.0942545 1
20.7888 0.160135 0.899119 0.0788591 0
20.8195 0.19 1.07824 0.0942545 1
20.8703 0.19 1.07824 0.0942545 1
20.921 0.19 1.07824 0.0942545 1
20.9718 0.19 1.07824 0.0942545 1
21.0226 0.19 1.07824 0.0942545 1
21.0733 0.19 1.07824 0.0942545 1
21.1241 0.19 1.07824 0.0942545 1
21.1748 0.19 1.07824 0.0942545 1
21.2256 0.19 1.07824 0.0942545 1
21.2506 0.164635 0.904032 0.0813621 0
21.2763 0.19 1.07824 0.0942545 1
21.3271 0.19 1.07824 0.0942545 1
21.3778 0.19 1.07824 0.0942545 1
21.4286 0.19 1.07824 0.0942545 1
21.4793 0.19 1.07824 0.0942545 1
21.5301 0.19 1.07824 0.0942545 1
21.5808 0.19 1.07824 0.0942545 1
21.6316 0.19 1.07824 0.0942545 1
21.6824 0.19 1.07824 0.0942545 1
21.7124 0.169203 0.925962 0.0838651 0
21.7331 0.19 1.07824 0.0942545 1
21.7839 0.19 1.07824 0.0942545 1
21.8346 0.19 1.07824 0.0942545 1
21.8854 0.19 1.07824 0.0942545 1
21.9361 0.19 1.07824 0.0942545 1
21.9869 0.19 1.07824 0.0942545 1
22.0376 0.19 1.07824 0.0942545 1
22.0884 0.19 1.07824 0.0942545 1
22.1391 0.19 1.07824 0.0942545 1
22.1741 0.173914 0.959636 0.0863681 0
22.1899 0.19 1.07824 0.0942545 1
22.2406 0.19 1.07824 0.0942545 1
22.2914 0.19 1.07824 0.0942545 1
22.3422 0.19 1.07824 0.0942545 1
22.3929 0.19 1.07824 0.0942545 1
22.4437 0.19 1.07824 0.0942545 1
22.4944 0.19 1.07824 0.0942545 1
22.5452 0.19 1.07824 0.0942545 1
22.5959 0.19 1.07824 0.0942545 1
22.6359 0.178809 0.999135 0.0888711 0
22.6467 0.19 1.07824 0.0942545 1
22.6974 0.19 1.07824 0.0942545 1
22.7482 0.19 1.07824 0.0942545 1
22.7989 0.19 1.07824 0.0942545 1
22.8497 0.19 1.07824 0.0942545 1
22.9004 0.19 1.07824 0.0942545 1
22.9512 0.19 1.07824 0.0942545 1
23.0019 0.19 1.07824 0.0942545 1
23.0527 0.19 1.07824 0.0942545 1
23.0977 0.183905 1.03875 0.0913741 0
23.1035 0.19 1.07824 0.0942545 1
23.1542 0.19 1.07824 0.0942545 1
23.205 0.19 1.07824 0.0942545 1
23.2557 0.19 1.07824 0.0942545 1
23.3065 0.19 1.07824 0.0942545 1
23.3572 0.19 1.07824 0.0942545 1
23.408 0.19 1.07824 0.0942545 1
23.4587 0.19 1.07824 0.0942545 1
23.5095 0.19 1.07824 0.0942545 1
23.5595 0.189189 1.07363 0.0938771 0
23.5602 0.19 1.07824 0.0942545 1
23.611 0.19 1.07824 0.0942545 1
23.6617 0.19 1.07824 0.0942545 1
23.7125 0.19 1.07824 0.0942545 1
23.7633 0.19 1.07824 0.0942545 1
23.814 0.19 1.07824 0.0942545 1
23.8648 0.19 1.07824 0.0942545 1
23.9155 0.19 1.07824 0.0942545 1
23.9663 0.19 1.07824 0.0942545 1
24.0213 0.194628 1.10025 0.0963801 0
24.017 0.19 1.07824 0.0942545 1
24.0678 0.19 1.07824 0.0942545 1
24.1185 0.19 1.07824 0.0942545 1
24.1693 0.19 1.07824 0.0942545 1
24.22 0.19 1.07824 0.0942545 1
24.2708 0.19 1.07824 0.0942545 1
24.3215 0.19 1.07824 0.0942545 1
24.3723 0.19 1.07824 0.0942545 1
24.4231 0.19 1.07824 0.0942545 1
24.4738 0.19 1.07824 0.0942545 1
24.4788 0.146054 1.00884 0.0713501 0
24.5246 0.19 1.07824 0.0942545 1
24.5753 0.19 1.07824 0.0942545 1
24.6261 0.19 1.07824 0.0942545 1
24.6768 0.19 1.07824 0.0942545 1
24.7276 0.19 1.07824 0.0942545 1
24.7783 0.19 1.07824 0.0942545 1
24.8291 0.19 1.07824 0.0942545 1
24.8798 0.19 1.07824 0.0942545 1
24.9306 0.19 1.07824 0.0942545 1
24.9406 0.15095 0.95225 0.0738531 0
24.9813 0.19 1.07824 0.0942545 1
25.0321 0.19 1.07824 0.0942545 1
25.0829 0.19 1.07824 0.0942545 1
25.1336 0.19 1.07824 0.0942545 1
25.1844 0.19 1.07824 0.0942545 1
25.2351 0.19 1.07824 0.0942545 1
25.2859 0.19 1.07824 0.0942545 1
25.3366 0.19 1.07824 0.0942545 1
25.3874 0.19 1.07824 0.0942545 1
25.4024 0.155609 0.914857 0.0763561 0
25.4381 0.19 1.07824 0.0942545 1
25.4889 0.19 1.07824 0.0942545 1
25.5396 0.19 1.07824 0.0942545 1
25.5904 0.19 1.07824 0.0942545 1
25.6411 0.19 1.07824 0.0942545 1
25.6919 0.19 1.07824 0.0942545 1
25.7427 0.19 1.07824 0.0942545 1
25.7934 0.19 1.07824 0.0942545 1
25.8442 0.19 1.07824 0.0942545 1
25.8642 0.160135 0.899119 0.0788591 0
25.8949 0.19 1.07824 0.0942545 1
25.9457 0.19 1.07824 0.0942545 1
25.9964 0.19 1.07824 0.0942545 1
26.0472 0.19 1.07824 0.0942545 1
26.0979 0.19 1.07824 0.0942545 1
26.1487 0.19 1.07824 0.0942545 1
26.1994 0.19 1.07824 0.0942545 1
26.2502 0.19 1.07824 0.0942545 1
26.3009 0.19 1.07824 0.0942545 1
26.3259 0.164635 0.904032 0.0813621 0
26.3517 0.19 1.07824 0.0942545 1
26.4025 0.19 1.07824 0.0942545 1
26.4532 0.19 1.07824 0.0942545 1
26.504 0.19 1.07824 0.0942545 1
26.5547 0.19 1.07824 0.0942545 1
26.6055 0.19 1.07824 0.0942545 1
26.6562 0.19 1.07824 0.0942545 1
26.707 0.19 1.07824 0.0942545 1
26.7577 0.19 1.07824 0.0942545 1
26.7877 0.169203 0.925962 0.0838651 0
26.8085 0.19 1.07824 0.0942545 1
26.8592 0.19 1.07824 0.0942545 1
26.91 0.19 1.07824 0.0942545 1
26.9607 0.19 1.07824 0.0942545 1
27.0115 0.19 1.07824 0.0942545 1
27.0622 0.19 1.07824 0.0942545 1
27.113 0.19 1.07824 0.0942545 1
27.1638 0.19 1.07824 0.0942545 1
27.2145 0.19 1.07824 0.0942545 1
27.2495 0.173914 0.959636 0.0863681 0
27.2653 0.19 1.07824 0.0942545 1
27.316 0.19 1.07824 0.0942545 1
27.3668 0.19 1.07824 0.0942545 1
27.4175 0.19 1.07824 0.0942545 1
27.4683 0.19 1.07824 0.0942545 1
27.519 0.19 1.07824 0.0942545 1
27.5698 0.19 1.07824 0.0942545 1
27.6205 0.19 1.07824 0.0942545 1
27.6713 0.19 1.07824 0.0942545 1
27.7113 0.178809 0.999135 0.0888711 0
27.722 0.19 1.07824 0.0942545 1
27.7728 0.19 1.07824 0.0942545 1
27.8236 0.19 1.07824 0.0942545 1
27.8743 0.19 1.07824 0.0942545 1
27.9251 0.19 1.07824 0.0942545 1
27.9758 0.19 1.07824 0.0942545 1
28.0266 0.19 1.07824 0.0942545 1
28.0773 0.19 1.07824 0.0942545 1
28.1281 0.19 1.07824 0.0942545 1
28.1731 0.183905 1.03875 0.0913741 0
28.1788 0.19 1.07824 0.0942545 1
28.2296 0.19 1.07824 0.0942545 1
28.2803 0.19 1.07824 0.0942545 1
28.3311 0.19 1.07824 0.0942545 1
28.3818 0.19 1.07824 0.0942545 1
28.4326 0.19 1.07824 0.0942545 1
28.4834 0.19 1.07824 0.0942545 1
28.5341 0.19 1.07824 0.0942545 1
28.5849 0.19 1.07824 0.0942545 1
28.6349 0.189189 1.07363 0.0938771 0
28.6356 0.19 1.07824 0.0942545 1
28.6864 0.19 1.07824 0.0942545 1
28.7371 0.19 1.07824 0.0942545 1
28.7879 0.19 1.07824 0.0942545 1
28.8386 0.19 1.07824 0.0942545 1
28.8894 0.19 1.07824 0.0942545 1
28.9401 0.19 1.07824 0.0942545 1
28.9909 0.19 1.07824 0.0942545 1
29.0416 0.19 1.07824 0.0942545 1
29.0966 0.194628 1.10025 0.0963801 0
29.0924 0.19 1.07824 0.0942545 1
29.1432 0.19 1.07824 0.0942545 1
29.1939 0.19 1.07824 0.0942545 1
29.2447 0.19 1.07824 0.0942545 1
29.2954 0.19 1.07824 0.0942545 1
29.3462 0.19 1.07824 0.0942545 1
29.3969 0.19 1.07824 0.0942545 1
29.4477 0.19 1.07824 0.0942545 1
29.4984 0.19 1.07824 0.0942545 1
29.5492 0.19 1.07824 0.0942545 1
29.5542 0.146054 1.00884 0.0713501 0
29.5999 0.19 1.07824 0.0942545 1
29.6507 0.19 1.07824 0.0942545 1
29.7014 0.19 1.07824 0.0942545 1
29.7522 0.19 1.07824 0.0942545 1
29.803 0.19 1.07824 0.0942545 1
29.8537 0.19 1.07824 0.0942545 1
29.9045 0.19 1.07824 0.0942545 1
29.9552 0.19 1.07824 0.0942545 1
30.006 0.19 1.07824 0.0942545 1
30.016 0.15095 0.95225 0.0738531 0
30.0567 0.19 1.07824 0.0942545 1
30.1075 0.19 1.07824 0.0942545 1
30.1582 0.19 1.07824 0.0942545 1
30.209 0.19 1.07824 0.0942545 1
30.2597 0.19 1.07824 0.0942545 1
30.3105 0.19 1.07824 0.0942545 1
30.3612 0.19 1.07824 0.0942545 1
30.412 0.19 1.07824 0.0942545 1
30.4628 0.19 1.07824 0.0942545 1
30.4778 0.155609 0.914857 0.0763561 0
30.5135 0.19 1.07824 0.0942545 1
30.5643 0.19 1.07824 0.0942545 1
30.615 0.19 1.07824 0.0942545 1
30.6658 0.19 1.07824 0.0942545 1
30.7165 0.19 1.07824 0.0942545 1
30.7673 0.19 1.07824 0.0942545 1
30.818 0.19 1.07824 0.0942545 1
30.8688 0.19 1.07824 0.0942545 1
30.9195 0.19 1.07824 0.0942545 1
30.9395 0.160135 0.899119 0.0788591 0
30.9703 0.19 1.07824 0.0942545 1
31.021 0.19 1.07824 0.0942545 1
31.0718 0.19 1.07824 0.0942545 1
31.1225 0.19 1.07824 0.0942545 1
31.1733 0.19 1.07824 0.0942545 1
31.2241 0.19 1.07824 0.0942545 1
31.2748 0.19 1.07824 0.0942545 1
31.3256 0.19 1.07824 0.0942545 1
31.3763 0.19 1.07824 0.0942545 1
31.4013 0.164635 0.904032 0.0813621 0
31.4271 0.19 1.07824 0.0942545 1
31.4778 0.19 1.07824 0.0942545 1
31.5286 0.19 1.07824 0.0942545 1
31.5793 0.19 1.07824 0.0942545 1
31.6301 0.19 1.07824 0.0942545 1
31.6808 0.19 1.07824 0.0942545 1
31.7316 0.19 1.07824 0.0942545 1
31.7823 0.19 1.07824 0.0942545 1
31.8331 0.19 1.07824 0.0942545 1
31.8631 0.169203 0.925962 0.0838651 0
31.8839 0.19 1.07824 0.0942545 1
31.9346 0.19 1.07824 0.0942545 1
31.9854 0.19 1.07824 0.0942545 1
32.0361 0.19 1.07824 0.0942545 1
32.0869 0.19 1.07824 0.0942545 1
32.1376 0.19 1.07824 0.0942545 1
32.1884 0.19 1.07824 0.0942545 1
32.2391 0.19 1.07824 0.0942545 1
32.2899 0.19 1.07824 0.0942545 1
32.3249 0.173914 0.959636 0.0863681 0
32.3406 0.19 1.07824 0.0942545 1
32.3914 0.19 1.07824 0.0942545 1
32.4421 0.19 1.07824 0.0942545 1
32.4929 0.19 1.07824 0.0942545 1
32.5437 0.19 1.07824 0.0942545 1
32.5944 0.19 1.07824 0.0942545 1
32.6452 0.19 1.07824 0.0942545 1
32.6959 0.19 1.07824 0.0942545 1
32.7467 0.19 1.07824 0.0942545 1
32.7867 0.178809 0.999135 0.0888711 0
32.7974 0.19 1.07824 0.0942545 1
32.8482 0.19 1.07824 0.0942545 1
32.8989 0.19 1.07824 0.0942545 1
32.9497 0.19 1.07824 0.0942545 1
33.0004 0.19 1.07824 0.0942545 1
33.0512 0.19 1.07824 0.0942545 1
33.1019 0.19 1.07824 0.0942545 1
33.1527 0.19 1.07824 0.0942545 1
33.2035 0.19 1.07824 0.0942545 1
33.2485 0.183905 1.03875 0.0913741 0
33.2542 0.19 1.07824 0.0942545 1
33.305 0.19 1.07824 0.0942545 1
33.3557 0.19 1.07824 0.0942545 1
33.4065 0.19 1.07824 0.0942545 1
33.4572 0.19 1.07824 0.0942545 1
33.508 0.19 1.07824 0.0942545 1
33.5587 0.19 1.07824 0.0942545 1
33.6095 0.19 1.07824 0.0942545 1
33.6602 0.19 1.07824 0.0942545 1
33.7102 0.189189 1.07363 0.0938771 0
33.711 0.19 1.07824 0.0942545 1
33.7617 0.19 1.07824 0.0942545 1
33.8125 0.19 1.07824 0.0942545 1
33.8633 0.19 1.07824 0.0942545 1
33.914 0.19 1.07824 0.0942545 1
33.9648 0.19 1.07824 0.0942545 1
34.0155 0.19 1.07824 0.0942545 1
34.0663 0.19 1.07824 0.0942545 1
34.117 0.19 1.07824 0.0942545 1
34.172 0.194628 1.10025 0.0963801 0
34.1678 0.19 1.07824 0.0942545 1
34.2185 0.19 1.07824 0.0942545 1
34.2693 0.19 1.07824 0.0942545 1
34.32 0.19 1.07824 0.0942545 1
34.3708 0.19 1.07824 0.0942545 1
34.4215 0.19 1.07824 0.0942545 1
34.4723 0.19 1.07824 0.0942545 1
34.5231 0.19 1.07824 0.0942545 1
34.5738 0.19 1.07824 0.0942545 1
34.6246 0.19 1.07824 0.0942545 1
34.6296 0.146054 1.00884 0.0713501 0
34.6753 0.19 1.07824 0.0942545 1
34.7261 0.19 1.07824 0.0942545 1
34.7768 0.19 1.07824 0.0942545 1
34.8276 0.19 1.07824 0.0942545 1
34.8783 0.19 1.07824 0.0942545 1
34.9291 0.19 1.07824 0.0942545 1
34.9798 0.19 1.07824 0.0942545 1
35.0306 0.19 1.07824 0.0942545 1
35.0813 0.19 1.07824 0.0942545 1
35.0913 0.15095 0.95225 0.0738531 0
35.1321 0.19 1.07824 0.0942545 1
35.1829 0.19 1.07824 0.0942545 1
35.2336 0.19 1.07824 0.0942545 1
35.2844 0.19 1.07824 0.0942545 1
35.3351 0.19 1.07824 0.0942545 1
35.3859 0.19 1.07824 0.0942545 1
35.4366 0.19 1.07824 0.0942545 1
35.4874 0.19 1.07824 0.0942545 1
35.5381 0.19 1.07824 0.0942545 1
35.5531 0.155609 0.914857 0.0763561 0
35.5889 0.19 1.07824 0.0942545 1
35.6396 0.19 1.07824 0.0942545 1
35.6904 0.19 1.07824 0.0942545 1
35.7411 0.19 1.07824 0.0942545 1
35.7919 0.19 1.07824 0.0942545 1
35.8426 0.19 1.07824 0.0942545 1
35.8934 0.19 1.07824 0.0942545 1
35.9442 0.19 1.07824 0.0942545 1
35.9949 0.19 1.07824 0.0942545 1
36.0149 0.160135 0.899119 0.0788591 0
36.0457 0.19 1.07824 0.0942545 1
36.0964 0.19 1.07824 0.0942545 1
36.1472 0.19 1.07824 0.0942545 1
36.1979 0.19 1.07824 0.0942545 1
36.2487 0.19 1.07824 0.0942545 1
36.2994 0.19 1.07824 0.0942545 1
36.3502 0.19 1.07824 0.0942545 1
36.4009 0.19 1.07824 0.0942545 1
36.4517 0.19 1.07824 0.0942545 1
36.4767 0.164635 0.904032 0.0813621 0
36.5024 0.19 1.07824 0.0942545 1
36.5532 0.19 1.07824 0.0942545 1
36.604 0.19 1.07824 0.0942545 1
36.6547 0.19 1.07824 0.0942545 1
36.7055 0.19 1.07824 0.0942545 1
36.7562 0.19 1.07824 0.0942545 1
36.807 0.19 1.07824 0.0942545 1
36.8577 0.19 1.07824 0.0942545 1
36.9085 0.19 1.07824 0.0942545 1
36.9385 0.169203 0.925962 0.0838651 0
36.9592 0.19 1.07824 0.0942545 1
37.01 0.19 1.07824 0.0942545 1
37.0607 0.19 1.07824 0.0942545 1
37.1115 0.19 1.07824 0.0942545 1
37.1622 0.19 1.07824 0.0942545 1
37.213 0.19 1.07824 0.0942545 1
37.2638 0.19 1.07824 0.0942545 1
37.3145 0.19 1.07824 0.0942545 1
37.3653 0.19 1.07824 0.0942545 1
37.4003 0.173914 0.959636 0.0863681 0
37.416 0.19 1.07824 0.0942545 1
37.4668 0.19 1.07824 0.0942545 1
37.5175 0.19 1.07824 0.0942545 1
37.5683 0.19 1.07824 0.0942545 1
37.619 0.19 1.07824 0.0942545 1
37.6698 0.19 1.07824 0.0942545 1
37.7205 0.19 1.07824 0.0942545 1
37.7713 0.19 1.07824 0.0942545 1
37.822 0.19 1.07824 0.0942545 1
37.862 0.178809 0.999135 0.0888711 0
37.8728 0.19 1.07824 0.0942545 1
37.9236 0.19 1.07824 0.0942545 1
37.9743 0.19 1.07824 0.0942545 1
38.0251 0.19 1.07824 0.0942545 1
38.0758 0.19 1.07824 0.0942545 1
38.1266 0.19 1.07824 0.0942545 1
38.1773 0.19 1.07824 0.0942545 1
38.2281 0.19 1.07824 0.0942545 1
38.2788 0.19 1.07824 0.0942545 1
38.3238 0.183905 1.03875 0.0913741 0
38.3296 0.19 1.07824 0.0942545 1
38.3803 0.19 1.07824 0.0942545 1
38.4311 0.19 1.07824 0.0942545 1
38.4818 0.19 1.07824 0.0942545 1
38.5326 0.19 1.07824 0.0942545 1
38.5834 0.19 1.07824 0.0942545 1
38.6341 0.19 1.07824 0.0942545 1
38.6849 0.19 1.07824 0.0942545 1
38.7356 0.19 1.07824 0.0942545 1
38.7856 0.189189 1.07363 0.0938771 0
38.7864 0.19 1.07824 0.0942545 1
38.8371 0.19 1.07824 0.0942545 1
38.8879 0.19 1.07824 0.0942545 1
38.9386 0.19 1.07824 0.0942545 1
38.9894 0.19 1.07824 0.0942545 1
39.0401 0.19 1.07824 0.0942545 1
39.0909 0.19 1.07824 0.0942545 1
39.1416 0.19 1.07824 0.0942545 1
39.1924 0.19 1.07824 0.0942545 1
39.2474 0.194628 1.10025 0.0963801 0
39.2432 0.19 1.07824 0.0942545 1
39.2939 0.19 1.07824 0.0942545 1
39.3447 0.19 1.07824 0.0942545 1
39.3954 0.19 1.07824 0.0942545 1
39.4462 0.19 1.07824 0.0942545 1
39.4969 0.19 1.07824 0.0942545 1
39.5477 0.19 1.07824 0.0942545 1
39.5984 0.19 1.07824 0.0942545 1
39.6492 0.19 1.07824 0.0942545 1
39.6999 0.19 1.07824 0.0942545 1
39.7049 0.146054 1.00884 0.0713501 0
39.7507 0.19 1.07824 0.0942545 1
39.8014 0.19 1.07824 0.0942545 1
39.8522 0.19 1.07824 0.0942545 1
39.9029 0.19 1.07824 0.0942545 1
39.9537 0.19 1.07824 0.0942545 1
40.0045 0.19 1.07824 0.0942545 1
40.0552 0.19 1.07824 0.0942545 1
40.106 0.19 1.07824 0.0942545 1
40.1567 0.19 1.07824 0.0942545 1
40.1667 0.15095 0.95225 0.0738531 0
40.2075 0.19 1.07824 0.0942545 1
40.2582 0.19 1.07824 0.0942545 1
40.309 0.19 1.07824 0.0942545 1
40.3597 0.19 1.07824 0.0942545 1
40.4105 0.19 1.07824 0.0942545 1
40.4612 0.19 1.07824 0.0942545 1
40.512 0.19 1.07824 0.0942545 1
40.5627 0.19 1.07824 0.0942545 1
40.6135 0.19 1.07824 0.0942545 1
40.6285 0.155609 0.914857 0.0763561 0
40.6643 0.19 1.07824 0.0942545 1
40.715 0.19 1.07824 0.0942545 1
40.7658 0.19 1.07824 0.0942545 1
40.8165 0.19 1.07824 0.0942545 1
40.8673 0.19 1.07824 0.0942545 1
40.918 0.19 1.07824 0.0942545 1
40.9688 0.19 1.07824 0.0942545 1
41.0195 0.19 1.07824 0.0942545 1
41.0703 0.19 1.07824 0.0942545 1
41.0903 0.160135 0.899119 0.0788591 0
41.121 0.19 1.07824 0.0942545 1
41.1718 0.19 1.07824 0.0942545 1
41.2225 0.19 1.07824 0.0942545 1
41.2733 0.19 1.07824 0.0942545 1
41.3241 0.19 1.07824 0.0942545 1
41.3748 0.19 1.07824 0.0942545 1
41.4256 0.19 1.07824 0.0942545 1
41.4763 0.19 1.07824 0.0942545 1
41.5271 0.19 1.07824 0.0942545 1
41.5521 0.164635 0.904032 0.0813621 0
41.5778 0.19 1.07824 0.0942545 1
41.6286 0.19 1.07824 0.0942545 1
41.6793 0.19 1.07824 0.0942545 1
41.7301 0.19 1.07824 0.0942545 1
41.7808 0.19 1.07824 0.0942545 1
41.8316 0.19 1.07824 0.0942545 1
41.8823 0.19 1.07824 0.0942545 1
41.9331 0.19 1.07824 0.0942545 1
41.9839 0.19 1.07824 0.0942545 1
42.0139 0.169203 0.925962 0.0838651 0
42.0346 0.19 1.07824 0.0942545 1
42.0854 0.19 1.07824 0.0942545 1
42.1361 0.19 1.07824 0.0942545 1
42.1869 0.19 1.07824 0.0942545 1
42.2376 0.19 1.07824 0.0942545 1
42.2884 0.19 1.07824 0.0942545 1
42.3391 0.19 1.07824 0.0942545 1
42.3899 0.19 1.07824 0.0942545 1
42.4406 0.19 1.07824 0.0942545 1
42.4756 0.173914 0.959636 0.0863681 0
42.4914 0.19 1.07824 0.0942545 1
42.5421 0.19 1.07824 0.0942545 1
42.5929 0.19 1.07824 0.0942545 1
42.6437 0.19 1.07824 0.0942545 1
42.6944 0.19 1.07824 0.0942545 1
42.7452 0.19 1.07824 0.0942545 1
42.7959 0.19 1.07824 0.0942545 1
42.8467 0.19 1.07824 0.0942545 1
42.8974 0.19 1.07824 0.0942545 1
42.9374 0.178809 0.999135 0.0888711 0
42.9482 0.19 1.07824 0.0942545 1
42.9989 0.19 1.07824 0.0942545 1
43.0497 0.19 1.07824 0.0942545 1
43.1004 0.19 1.07824 0.0942545 1
43.1512 0.19 1.07824 0.0942545 1
43.2019 0.19 1.07824 0.0942545 1
43.2527 0.19 1.07824 0.0942545 1
43.3035 0.19 1.07824 0.0942545 1
43.3542 0.19 1.07824 0.0942545 1
43.3992 0.183905 1.03875 0.0913741 0
43.405 0.19 1.07824 0.0942545 1
43.4557 0.19 1.07824 0.0942545 1
43.5065 0.19 1.07824 0.0942545 1
43.5572 0.19 1.07824 0.0942545 1
43.608 0.19 1.07824 0.0942545 1
43.6587 0.19 1.07824 0.0942545 1
43.7095 0.19 1.07824 0.0942545 1
43.7602 0.19 1.07824 0.0942545 1
43.811 0.19 1.07824 0.0942545 1
43.861 0.189189 1.07363 0.0938771 0
43.8617 0.19 1.07824 0.0942545 1
43.9125 0.19 1.07824 0.0942545 1
43.9633 0.19 1.07824 0.0942545 1
44.014 0.19 1.07824 0.0942545 1
44.0648 0.19 1.07824 0.0942545 1
44.1155 0.19 1.07824 0.0942545 1
44.1663 0.19 1.07824 0.0942545 1
44.217 0.19 1.07824 0.0942545 1
44.2678 0.19 1.07824 0.0942545 1
44.3228 0.194628 1.10025 0.0963801 0
44.3185 0.19 1.07824 0.0942545 1
44.3693 0.19 1.07824 0.0942545 1
44.42 0.19 1.07824 0.0942545 1
44.4708 0.19 1.07824 0.0942545 1
44.5215 0.19 1.07824 0.0942545 1
44.5723 0.19 1.07824 0.0942545 1
44.623 0.19 1.07824 0.0942545 1
44.6738 0.19 1.07824 0.0942545 1
44.7246 0.19 1.07824 0.0942545 1
44.7753 0.19 1.07824 0.0942545 1
44.7803 0.146054 1.00884 0.0713501 0
44.8261 0.19 1.07824 0.0942545 1
44.8768 0.19 1.07824 0.0942545 1
44.9276 0.19 1.07824 0.0942545 1
44.9783 0.19 1.07824 0.0942545 1
45.0291 0.19 1.07824 0.0942545 1
45.0798 0.19 1.07824 0.0942545 1
45.1306 0.19 1.07824 0.0942545 1
45.1813 0.19 1.07824 0.0942545 1
45.2321 0.19 1.07824 0.0942545 1
45.2421 0.15095 0.95225 0.0738531 0
45.2828 0.19 1.07824 0.0942545 1
45.3336 0.19 1.07824 0.0942545 1
45.3844 0.19 1.07824 0.0942545 1
45.4351 0.19 1.07824 0.0942545 1
45.4859 0.19 1.07824 0.0942545 1
45.5366 0.19 1.07824 0.0942545 1
45.5874 0.19 1.07824 0.0942545 1
45.6381 0.19 1.07824 0.0942545 1
45.6889 0.19 1.07824 0.0942545 1
45.7039 0.155609 0.914857 0.0763561 0
45.7396 0.19 1.07824 0.0942545 1
45.7904 0.19 1.07824 0.0942545 1
45.8411 0.19 1.07824 0.0942545 1
45.8919 0.19 1.07824 0.0942545 1
45.9426 0.19 1.07824 0.0942545 1
45.9934 0.19 1.07824 0.0942545 1
46.0442 0.19 1.07824 0.0942545 1
46.0949 0.19 1.07824 0.0942545 1
46.1457 0.19 1.07824 0.0942545 1
46.1657 0.160135 0.899119 0.0788591 0
46.1964 0.19 1.07824 0.0942545 1
46.2472 0.19 1.07824 0.0942545 1
46.2979 0.19 1.07824 0.0942545 1
46.3487 0.19 1.07824 0.0942545 1
46.3994 0.19 1.07824 0.0942545 1
46.4502 0.19 1.07824 0.0942545 1
46.5009 0.19 1.07824 0.0942545 1
46.5517 0.19 1.07824 0.0942545 1
46.6024 0.19 1.07824 0.0942545 1
46.6274 0.164635 0.904032 0.0813621 0
46.6532 0.19 1.07824 0.0942545 1
46.704 0.19 1.07824 0.0942545 1
46.7547 0.19 1.07824 0.0942545 1
46.8055 0.19 1.07824 0.0942545 1
46.8562 0.19 1.07824 0.0942545 1
46.907 0.19 1.07824 0.0942545 1
46.9577 0.19 1.07824 0.0942545 1
47.0085 0.19 1.07824 0.0942545 1
47.0592 0.19 1.07824 0.0942545 1
47.0892 0.169203 0.925962 0.0838651 0
47.11 0.19 1.07824 0.0942545 1
47.1607 0.19 1.07824 0.0942545 1
47.2115 0.19 1.07824 0.0942545 1
47.2622 0.19 1.07824 0.0942545 1
47.313 0.19 1.07824 0.0942545 1
47.3638 0.19 1.07824 0.0942545 1
47.4145 0.19 1.07824 0.0942545 1
47.4653 0.19 1.07824 0.0942545 1
47.516 0.19 1.07824 0.0942545 1
47.551 0.173914 0.959636 0.0863681 0
47.5668 0.19 1.07824 0.0942545 1
47.6175 0.19 1.07824 0.0942545 1
47.6683 0.19 1.07824 0.0942545 1
47.719 0.19 1.07824 0.0942545 1
47.7698 0.19 1.07824 0.0942545 1
47.8205 0.19 1.07824 0.0942545 1
47.8713 0.19 1.07824 0.0942545 1
47.922 0.19 1.07824 0.0942545 1
47.9728 0.19 1.07824 0.0942545 1
48.0128 0.178809 0.999135 0.0888711 0
48.0236 0.19 1.07824 0.0942545 1
48.0743 0.19 1.07824 0.0942545 1
48.1251 0.19 1.07824 0.0942545 1
48.1758 0.19 1.07824 0.0942545 1
48.2266 0.19 1.07824 0.0942545 1
48.2773 0.19 1.07824 0.0942545 1
48.3281 0.19 1.07824 0.0942545 1
48.3788 0.19 1.07824 0.0942545 1
48.4296 0.19 1.07824 0.0942545 1
48.4746 0.183905 1.03875 0.0913741 0
48.4803 0.19 1.07824 0.0942545 1
48.5311 0.19 1.07824 0.0942545 1
48.5818 0.19 1.07824 0.0942545 1
48.6326 0.19 1.07824 0.0942545 1
48.6833 0.19 1.07824 0.0942545 1
48.7341 0.19 1.07824 0.0942545 1
48.7849 0.19 1.07824 0.0942545 1
48.8356 0.19 1.07824 0.0942545 1
48.8864 0.19 1.07824 0.0942545 1
48.9364 0.189189 1.07363 0.0938771 0
48.9371 0.19 1.07824 0.0942545 1
48.9879 0.19 1.07824 0.0942545 1
49.0386 0.19 1.07824 0.0942545 1
49.0894 0.19 1.07824 0.0942545 1
49.1401 0.19 1.07824 0.0942545 1
49.1909 0.19 1.07824 0.0942545 1
49.2416 0.19 1.07824 0.0942545 1
49.2924 0.19 1.07824 0.0942545 1
49.3431 0.19 1.07824 0.0942545 1
49.3981 0.194628 1.10025 0.0963801 0
49.3939 0.19 1.07824 0.0942545 1
49.4447 0.19 1.07824 0.0942545 1
49.4954 0.19 1.07824 0.0942545 1
49.5462 0.19 1.07824 0.0942545 1
49.5969 0.19 1.07824 0.0942545 1
49.6477 0.19 1.07824 0.0942545 1
49.6984 0.19 1.07824 0.0942545 1
49.7492 0.19 1.07824 0.0942545 1
49.7999 0.19 1.07824 0.0942545 1
49.8507 0.19 1.07824 0.0942545 1
49.8557 0.146054 1.00884 0.0713501 0
49.9014 0.19 1.07824 0.0942545 1
49.9522 0.19 1.07824 0.0942545 1
0.5006 0.5006 0.5006 0.5006 0.5006
