t x v M dripped?
0 0 0 0.01 0
0.165899 0.19 0.951827 0.0935467 1
0.212928 0.19 1.17518 0.0949703 1
0.266304 0.19 0.984983 0.0939488 1
0.313669 0.19 1.14224 0.0946675 1
0.366106 0.19 1.02475 0.0940414 1
0.414833 0.19 1.12273 0.0944883 1
0.466758 0.19 1.04772 0.0941161 1
0.481758 0.156846 0.87359 0.0770184 0
0.516254 0.19 1.10866 0.0943906 1
0.567756 0.19 1.06172 0.0941657 1
0.617725 0.19 1.09932 0.0943354 1
0.668935 0.19 1.07019 0.0941984 1
0.719188 0.19 1.09333 0.0943033 1
0.770205 0.19 1.07532 0.0942195 1
0.82063 0.19 1.08956 0.0942843 1
0.871525 0.19 1.07844 0.0942328 1
0.922053 0.19 1.08721 0.0942729 1
0.952053 0.169026 0.935613 0.0837573 0
0.972871 0.19 1.08035 0.0942412 1
1.02346 0.19 1.08575 0.0942659 1
1.07423 0.19 1.08152 0.0942465 1
1.12486 0.19 1.08484 0.0942617 1
1.1756 0.19 1.08224 0.0942497 1
1.22626 0.19 1.08428 0.0942591 1
1.27698 0.19 1.08268 0.0942517 1
1.32765 0.19 1.08394 0.0942575 1
1.37836 0.19 1.08295 0.0942529 1
1.41336 0.173886 0.967592 0.0863611 0
1.42904 0.19 1.08373 0.0942565 1
1.47974 0.19 1.08312 0.0942537 1
1.53042 0.19 1.0836 0.0942559 1
1.58112 0.19 1.08322 0.0942542 1
1.63181 0.19 1.08352 0.0942555 1
1.68251 0.19 1.08328 0.0942545 1
1.7332 0.19 1.08347 0.0942553 1
1.78389 0.19 1.08332 0.0942546 1
1.83458 0.19 1.08344 0.0942552 1
1.87458 0.178807 1.00625 0.0888693 0
1.88527 0.19 1.08335 0.0942548 1
1.93597 0.19 1.08342 0.0942551 1
1.98666 0.19 1.08336 0.0942548 1
2.03735 0.19 1.08341 0.094255 1
2.08804 0.19 1.08337 0.0942549 1
2.13874 0.19 1.0834 0.094255 1
2.18943 0.19 1.08338 0.0942549 1
2.24012 0.19 1.08339 0.094255 1
2.29081 0.19 1.08338 0.0942549 1
2.33581 0.183938 1.0451 0.0913884 0
2.3415 0.19 1.08339 0.094255 1
2.3922 0.19 1.08338 0.0942549 1
2.44289 0.19 1.08339 0.0942549 1
2.49358 0.19 1.08338 0.0942549 1
2.54427 0.19 1.08339 0.0942549 1
2.59497 0.19 1.08339 0.0942549 1
2.64566 0.19 1.08339 0.0942549 1
2.69635 0.19 1.08339 0.0942549 1
2.74704 0.19 1.08339 0.0942549 1
2.79704 0.189251 1.07924 0.0939063 0
2.79774 0.19 1.08339 0.0942549 1
2.84843 0.19 1.08339 0.0942549 1
2.89912 0.19 1.08339 0.0942549 1
2.94981 0.19 1.08339 0.0942549 1
3.0005 0.19 1.08339 0.0942549 1
3.0512 0.19 1.08339 0.0942549 1
3.10189 0.19 1.08339 0.0942549 1
3.15258 0.19 1.08339 0.0942549 1
3.20327 0.19 1.08339 0.0942549 1
3.25827 0.194717 1.10524 0.0964243 0
3.25397 0.19 1.08339 0.0942549 1
3.30466 0.19 1.08339 0.0942549 1
3.35535 0.19 1.08339 0.0942549 1
3.40604 0.19 1.08339 0.0942549 1
3.45673 0.19 1.08339 0.0942549 1
3.50743 0.19 1.08339 0.0942549 1
3.55812 0.19 1.08339 0.0942549 1
3.60881 0.19 1.08339 0.0942549 1
3.6595 0.19 1.08339 0.0942549 1
3.7102 0.19 1.08339 0.0942549 1
3.7152 0.14577 1.01524 0.0712443 0
3.76089 0.19 1.08339 0.0942549 1
3.81158 0.19 1.08339 0.0942549 1
3.86227 0.19 1.08339 0.0942549 1
3.91297 0.19 1.08339 0.0942549 1
3.96366 0.19 1.08339 0.0942549 1
4.01435 0.19 1.08339 0.0942549 1
4.06504 0.19 1.08339 0.0942549 1
4.11573 0.19 1.08339 0.0942549 1
4.16643 0.19 1.08339 0.0942549 1
4.17643 0.150701 0.959742 0.0737623 0
4.21712 0.19 1.08339 0.0942549 1
4.26781 0.19 1.08339 0.0942549 1
4.3185 0.19 1.08339 0.0942549 1
4.3692 0.19 1.08339 0.0942549 1
4.41989 0.19 1.08339 0.0942549 1
4.47058 0.19 1.08339 0.0942549 1
4.52127 0.19 1.08339 0.0942549 1
4.57196 0.19 1.08339 0.0942549 1
4.62266 0.19 1.08339 0.0942549 1
4.63766 0.155399 0.923155 0.0762803 0
4.67335 0.19 1.08339 0.0942549 1
4.72404 0.19 1.08339 0.0942549 1
4.77473 0.19 1.08339 0.0942549 1
4.82543 0.19 1.08339 0.0942549 1
4.87612 0.19 1.08339 0.0942549 1
4.92681 0.19 1.08339 0.0942549 1
4.9775 0.19 1.08339 0.0942549 1
5.02819 0.19 1.08339 0.0942549 1
5.07889 0.19 1.08339 0.0942549 1
5.09889 0.159968 0.907851 0.0787983 0
5.12958 0.19 1.08339 0.0942549 1
5.18027 0.19 1.08339 0.0942549 1
5.23096 0.19 1.08339 0.0942549 1
5.28166 0.19 1.08339 0.0942549 1
5.33235 0.19 1.08339 0.0942549 1
5.38304 0.19 1.08339 0.0942549 1
5.43373 0.19 1.08339 0.0942549 1
5.48443 0.19 1.08339 0.0942549 1
5.53512 0.19 1.08339 0.0942549 1
5.56012 0.164512 0.912808 0.0813163 0
5.58581 0.19 1.08339 0.0942549 1
5.6365 0.19 1.08339 0.0942549 1
5.68719 0.19 1.08339 0.0942549 1
5.73789 0.19 1.08339 0.0942549 1
5.78858 0.19 1.08339 0.0942549 1
5.83927 0.19 1.08339 0.0942549 1
5.88996 0.19 1.08339 0.0942549 1
5.94066 0.19 1.08339 0.0942549 1
5.99135 0.19 1.08339 0.0942549 1
6.02135 0.169124 0.934429 0.0838343 0
6.04204 0.19 1.08339 0.0942549 1
6.09273 0.19 1.08339 0.0942549 1
6.14342 0.19 1.08339 0.0942549 1
6.19412 0.19 1.08339 0.0942549 1
6.24481 0.19 1.08339 0.0942549 1
6.2955 0.19 1.08339 0.0942549 1
6.34619 0.19 1.08339 0.0942549 1
6.39689 0.19 1.08339 0.0942549 1
6.44758 0.19 1.08339 0.0942549 1
6.48258 0.173875 0.967525 0.0863523 0
6.49827 0.19 1.08339 0.0942549 1
6.54896 0.19 1.08339 0.0942549 1
6.59966 0.19 1.08339 0.0942549 1
6.65035 0.19 1.08339 0.0942549 1
6.70104 0.19 1.08339 0.0942549 1
6.75173 0.19 1.08339 0.0942549 1
6.80242 0.19 1.08339 0.0942549 1
6.85312 0.19 1.08339 0.0942549 1
6.90381 0.19 1.08339 0.0942549 1
6.94381 0.178808 1.00628 0.0888703 0
6.9545 0.19 1.08339 0.0942549 1
7.00519 0.19 1.08339 0.0942549 1
7.05589 0.19 1.08339 0.0942549 1
7.10658 0.19 1.08339 0.0942549 1
7.15727 0.19 1.08339 0.0942549 1
7.20796 0.19 1.08339 0.0942549 1
7.25865 0.19 1.08339 0.0942549 1
7.30935 0.19 1.08339 0.0942549 1
7.36004 0.19 1.08339 0.0942549 1
7.40504 0.183938 1.0451 0.0913883 0
7.41073 0.19 1.08339 0.0942549 1
7.46142 0.19 1.08339 0.0942549 1
7.51212 0.19 1.08339 0.0942549 1
7.56281 0.19 1.08339 0.0942549 1
7.6135 0.19 1.08339 0.0942549 1
7.66419 0.19 1.08339 0.0942549 1
7.71489 0.19 1.08339 0.0942549 1
7.76558 0.19 1.08339 0.0942549 1
7.81627 0.19 1.08339 0.0942549 1
7.86627 0.189251 1.07924 0.0939063 0
7.86696 0.19 1.08339 0.0942549 1
7.91765 0.19 1.08339 0.0942549 1
7.96835 0.19 1.08339 0.0942549 1
8.01904 0.19 1.08339 0.0942549 1
8.06973 0.19 1.08339 0.0942549 1
8.12042 0.19 1.08339 0.0942549 1
8.17112 0.19 1.08339 0.0942549 1
8.22181 0.19 1.08339 0.0942549 1
8.2725 0.19 1.08339 0.0942549 1
8.3275 0.194717 1.10524 0.0964243 0
8.32319 0.19 1.08339 0.0942549 1
8.37388 0.19 1.08339 0.0942549 1
8.42458 0.19 1.08339 0.0942549 1
8.47527 0.19 1.08339 0.0942549 1
8.52596 0.19 1.08339 0.0942549 1
8.57665 0.19 1.08339 0.0942549 1
8.62735 0.19 1.08339 0.0942549 1
8.67804 0.19 1.08339 0.0942549 1
8.72873 0.19 1.08339 0.0942549 1
8.77942 0.19 1.08339 0.0942549 1
8.78442 0.14577 1.01524 0.0712443 0
8.83012 0.19 1.08339 0.0942549 1
8.88081 0.19 1.08339 0.0942549 1
8.9315 0.19 1.08339 0.0942549 1
8.98219 0.19 1.08339 0.0942549 1
9.03288 0.19 1.08339 0.0942549 1
9.08358 0.19 1.08339 0.0942549 1
9.13427 0.19 1.08339 0.0942549 1
9.18496 0.19 1.08339 0.0942549 1
9.23565 0.19 1.08339 0.0942549 1
9.24565 0.150701 0.959742 0.0737623 0
9.28635 0.19 1.08339 0.0942549 1
9.33704 0.19 1.08339 0.0942549 1
9.38773 0.19 1.08339 0.0942549 1
9.43842 0.19 1.08339 0.0942549 1
9.48911 0.19 1.08339 0.0942549 1
9.53981 0.19 1.08339 0.0942549 1
9.5905 0.19 1.08339 0.0942549 1
9.64119 0.19 1.08339 0.0942549 1
9.69188 0.19 1.08339 0.0942549 1
9.70688 0.155399 0.923155 0.0762803 0
9.74258 0.19 1.08339 0.0942549 1
9.79327 0.19 1.08339 0.0942549 1
9.84396 0.19 1.08339 0.0942549 1
9.89465 0.19 1.08339 0.0942549 1
9.94535 0.19 1.08339 0.0942549 1
9.99604 0.19 1.08339 0.0942549 1
10.0467 0.19 1.08339 0.0942549 1
10.0974 0.19 1.08339 0.0942549 1
10.1481 0.19 1.08339 0.0942549 1
10.1681 0.159968 0.907851 0.0787983 0
10.1988 0.19 1.08339 0.0942549 1
10.2495 0.19 1.08339 0.0942549 1
10.3002 0.19 1.08339 0.0942549 1
10.3509 0.19 1.08339 0.0942549 1
10.4016 0.19 1.08339 0.0942549 1
10.4523 0.19 1.08339 0.0942549 1
10.503 0.19 1.08339 0.0942549 1
10.5537 0.19 1.08339 0.0942549 1
10.6043 0.19 1.08339 0.0942549 1
10.6293 0.164512 0.912808 0.0813163 0
10.655 0.19 1.08339 0.0942549 1
10.7057 0.19 1.08339 0.0942549 1
10.7564 0.19 1.08339 0.0942549 1
10.8071 0.19 1.08339 0.0942549 1
10.8578 0.19 1.08339 0.0942549 1
10.9085 0.19 1.08339 0.0942549 1
10.9592 0.19 1.08339 0.0942549 1
11.0099 0.19 1.08339 0.0942549 1
11.0606 0.19 1.08339 0.0942549 1
11.0906 0.169124 0.934429 0.0838343 0
11.1113 0.19 1.08339 0.0942549 1
11.162 0.19 1.08339 0.0942549 1
11.2127 0.19 1.08339 0.0942549 1
11.2633 0.19 1.08339 0.0942549 1
11.314 0.19 1.08339 0.0942549 1
11.3647 0.19 1.08339 0.0942549 1
11.4154 0.19 1.08339 0.0942549 1
11.4661 0.19 1.08339 0.0942549 1
11.5168 0.19 1.08339 0.0942549 1
11.5518 0.173875 0.967525 0.0863523 0
11.5675 0.19 1.08339 0.0942549 1
11.6182 0.19 1.08339 0.0942549 1
11.6689 0.19 1.08339 0.0942549 1
11.7196 0.19 1.08339 0.0942549 1
11.7703 0.19 1.08339 0.0942549 1
11.821 0.19 1.08339 0.0942549 1
11.8717 0.19 1.08339 0.0942549 1
11.9223 0.19 1.08339 0.0942549 1
11.973 0.19 1.08339 0.0942549 1
12.013 0.178808 1.00628 0.0888703 0
12.0237 0.19 1.08339 0.0942549 1
12.0744 0.19 1.08339 0.0942549 1
12.1251 0.19 1.08339 0.0942549 1
12.1758 0.19 1.08339 0.0942549 1
12.2265 0.19 1.08339 0.0942549 1
12.2772 0.19 1.08339 0.0942549 1
12.3279 0.19 1.08339 0.0942549 1
12.3786 0.19 1.08339 0.0942549 1
12.4293 0.19 1.08339 0.0942549 1
12.4743 0.183938 1.0451 0.0913883 0
12.48 0.19 1.08339 0.0942549 1
12.5307 0.19 1.08339 0.0942549 1
12.5813 0.19 1.08339 0.0942549 1
12.632 0.19 1.08339 0.0942549 1
12.6827 0.19 1.08339 0.0942549 1
12.7334 0.19 1.08339 0.0942549 1
12.7841 0.19 1.08339 0.0942549 1
12.8348 0.19 1.08339 0.0942549 1
12.8855 0.19 1.08339 0.0942549 1
12.9355 0.189251 1.07924 0.0939063 0
12.9362 0.19 1.08339 0.0942549 1
12.9869 0.19 1.08339 0.0942549 1
13.0376 0.19 1.08339 0.0942549 1
13.0883 0.19 1.08339 0.0942549 1
13.139 0.19 1.08339 0.0942549 1
13.1897 0.19 1.08339 0.0942549 1
13.2403 0.19 1.08339 0.0942549 1
13.291 0.19 1.08339 0.0942549 1
13.3417 0.19 1.08339 0.0942549 1
13.3967 0.194717 1.10524 0.0964243 0
13.3924 0.19 1.08339 0.0942549 1
13.4431 0.19 1.08339 0.0942549 1
13.4938 0.19 1.08339 0.0942549 1
13.5445 0.19 1.08339 0.0942549 1
13.5952 0.19 1.08339 0.0942549 1
13.6459 0.19 1.08339 0.0942549 1
13.6966 0.19 1.08339 0.0942549 1
13.7473 0.19 1.08339 0.0942549 1
13.798 0.19 1.08339 0.0942549 1
13.8487 0.19 1.08339 0.0942549 1
13.8537 0.14577 1.01524 0.0712443 0
13.8993 0.19 1.08339 0.0942549 1
13.95 0.19 1.08339 0.0942549 1
14.0007 0.19 1.08339 0.0942549 1
14.0514 0.19 1.08339 0.0942549 1
14.1021 0.19 1.08339 0.0942549 1
14.1528 0.19 1.08339 0.0942549 1
14.2035 0.19 1.08339 0.0942549 1
14.2542 0.19 1.08339 0.0942549 1
14.3049 0.19 1.08339 0.0942549 1
14.3149 0.150701 0.959742 0.0737623 0
14.3556 0.19 1.08339 0.0942549 1
14.4063 0.19 1.08339 0.0942549 1
14.457 0.19 1.08339 0.0942549 1
14.5076 0.19 1.08339 0.0942549 1
14.5583 0.19 1.08339 0.0942549 1
14.609 0.19 1.08339 0.0942549 1
14.6597 0.19 1.08339 0.0942549 1
14.7104 0.19 1.08339 0.0942549 1
14.7611 0.19 1.08339 0.0942549 1
14.7761 0.155399 0.923155 0.0762803 0
14.8118 0.19 1.08339 0.0942549 1
14.8625 0.19 1.08339 0.0942549 1
14.9132 0.19 1.08339 0.0942549 1
14.9639 0.19 1.08339 0.0942549 1
15.0146 0.19 1.08339 0.0942549 1
15.0653 0.19 1.08339 0.0942549 1
15.116 0.19 1.08339 0.0942549 1
15.1666 0.19 1.08339 0.0942549 1
15.2173 0.19 1.08339 0.0942549 1
15.2373 0.159968 0.907851 0.0787983 0
15.268 0.19 1.08339 0.0942549 1
15.3187 0.19 1.08339 0.0942549 1
15.3694 0.19 1.08339 0.0942549 1
15.4201 0.19 1.08339 0.0942549 1
15.4708 0.19 1.08339 0.0942549 1
15.5215 0.19 1.08339 0.0942549 1
15.5722 0.19 1.08339 0.0942549 1
15.6229 0.19 1.08339 0.0942549 1
15.6736 0.19 1.08339 0.0942549 1
15.6986 0.164512 0.912808 0.0813163 0
15.7243 0.19 1.08339 0.0942549 1
15.775 0.19 1.08339 0.0942549 1
15.8256 0.19 1.08339 0.0942549 1
15.8763 0.19 1.08339 0.0942549 1
15.927 0.19 1.08339 0.0942549 1
15.9777 0.19 1.08339 0.0942549 1
16.0284 0.19 1.08339 0.0942549 1
16.0791 0.19 1.08339 0.0942549 1
16.1298 0.19 1.08339 0.0942549 1
16.1598 0.169124 0.934429 0.0838343 0
16.1805 0.19 1.08339 0.0942549 1
16.2312 0.19 1.08339 0.0942549 1
16.2819 0.19 1.08339 0.0942549 1
16.3326 0.19 1.08339 0.0942549 1
16.3833 0.19 1.08339 0.0942549 1
16.434 0.19 1.08339 0.0942549 1
16.4846 0.19 1.08339 0.0942549 1
16.5353 0.19 1.08339 0.0942549 1
16.586 0.19 1.08339 0.0942549 1
16.621 0.173875 0.967525 0.0863523 0
16.6367 0.19 1.08339 0.0942549 1
16.6874 0.19 1.08339 0.0942549 1
16.7381 0.19 1.08339 0.0942549 1
16.7888 0.19 1.08339 0.0942549 1
16.8395 0.19 1.08339 0.0942549 1
16.8902 0.19 1.08339 0.0942549 1
16.9409 0.19 1.08339 0.0942549 1
16.9916 0.19 1.08339 0.0942549 1
17.0423 0.19 1.08339 0.0942549 1
17.0823 0.178808 1.00628 0.0888703 0
17.093 0.19 1.08339 0.0942549 1
17.1436 0.19 1.08339 0.0942549 1
17.1943 0.19 1.08339 0.0942549 1
17.245 0.19 1.08339 0.0942549 1
17.2957 0.19 1.08339 0.0942549 1
17.3464 0.19 1.08339 0.0942549 1
17.3971 0.19 1.08339 0.0942549 1
17.4478 0.19 1.08339 0.0942549 1
17.4985 0.19 1.08339 0.0942549 1
17.5435 0.183938 1.0451 0.0913883 0
17.5492 0.19 1.08339 0.0942549 1
17.5999 0.19 1.08339 0.0942549 1
17.6506 0.19 1.08339 0.0942549 1
17.7013 0.19 1.08339 0.0942549 1
17.752 0.19 1.08339 0.0942549 1
17.8026 0.19 1.08339 0.0942549 1
17.8533 0.19 1.08339 0.0942549 1
17.904 0.19 1.08339 0.0942549 1
17.9547 0.19 1.08339 0.0942549 1
18.0047 0.189251 1.07924 0.0939063 0
18.0054 0.19 1.08339 0.0942549 1
18.0561 0.19 1.08339 0.0942549 1
18.1068 0.19 1.08339 0.0942549 1
18.1575 0.19 1.08339 0.0942549 1
18.2082 0.19 1.08339 0.0942549 1
18.2589 0.19 1.08339 0.0942549 1
18.3096 0.19 1.08339 0.0942549 1
18.3603 0.19 1.08339 0.0942549 1
18.411 0.19 1.08339 0.0942549 1
18.466 0.194717 1.10524 0.0964243 0
18.4616 0.19 1.08339 0.0942549 1
18.5123 0.19 1.08339 0.0942549 1
18.563 0.19 1.08339 0.0942549 1
18.6137 0.19 1.08339 0.0942549 1
18.6644 0.19 1.08339 0.0942549 1
18.7151 0.19 1.08339 0.0942549 1
18.7658 0.19 1.08339 0.0942549 1
18.8165 0.19 1.08339 0.0942549 1
18.8672 0.19 1.08339 0.0942549 1
18.9179 0.19 1.08339 0.0942549 1
18.9229 0.14577 1.01524 0.0712443 0
18.9686 0.19 1.08339 0.0942549 1
19.0193 0.19 1.08339 0.0942549 1
19.07 0.19 1.08339 0.0942549 1
19.1206 0.19 1.08339 0.0942549 1
19.1713 0.19 1.08339 0.0942549 1
19.222 0.19 1.08339 0.0942549 1
19.2727 0.19 1.08339 0.0942549 1
19.3234 0.19 1.08339 0.0942549 1
19.3741 0.19 1.08339 0.0942549 1
19.3841 0.150701 0.959742 0.0737623 0
19.4248 0.19 1.08339 0.0942549 1
19.4755 0.19 1.08339 0.0942549 1
19.5262 0.19 1.08339 0.0942549 1
19.5769 0.19 1.08339 0.0942549 1
19.6276 0.19 1.08339 0.0942549 1
19.6783 0.19 1.08339 0.0942549 1
19.729 0.19 1.08339 0.0942549 1
19.7796 0.19 1.08339 0.0942549 1
19.8303 0.19 1.08339 0.0942549 1
19.8453 0.155399 0.923155 0.0762803 0
19.881 0.19 1.08339 0.0942549 1
19.9317 0.19 1.08339 0.0942549 1
19.9824 0.19 1.08339 0.0942549 1
20.0331 0.19 1.08339 0.0942549 1
20.0838 0.19 1.08339 0.0942549 1
20.1345 0.19 1.08339 0.0942549 1
20.1852 0.19 1.08339 0.0942549 1
20.2359 0.19 1.08339 0.0942549 1
20.2866 0.19 1.08339 0.0942549 1
20.3066 0.159968 0.907851 0.0787983 0
20.3373 0.19 1.08339 0.0942549 1
20.388 0.19 1.08339 0.0942549 1
20.4386 0.19 1.08339 0.0942549 1
20.4893 0.19 1.08339 0.0942549 1
20.54 0.19 1.08339 0.0942549 1
20.5907 0.19 1.08339 0.0942549 1
20.6414 0.19 1.08339 0.0942549 1
20.6921 0.19 1.08339 0.0942549 1
20.7428 0.19 1.08339 0.0942549 1
20.7678 0.164512 0.912808 0.0813163 0
20.7935 0.19 1.08339 0.0942549 1
20.8442 0.19 1.08339 0.0942549 1
20.8949 0.19 1.08339 0.0942549 1
20.9456 0.19 1.08339 0.0942549 1
20.9963 0.19 1.08339 0.0942549 1
21.047 0.19 1.08339 0.0942549 1
21.0976 0.19 1.08339 0.0942549 1
21.1483 0.19 1.08339 0.0942549 1
21.199 0.19 1.08339 0.0942549 1
21.229 0.169124 0.934429 0.0838343 0
21.2497 0.19 1.08339 0.0942549 1
21.3004 0.19 1.08339 0.0942549 1
21.3511 0.19 1.08339 0.0942549 1
21.4018 0.19 1.08339 0.0942549 1
21.4525 0.19 1.08339 0.0942549 1
21.5032 0.19 1.08339 0.0942549 1
21.5539 0.19 1.08339 0.0942549 1
21.6046 0.19 1.08339 0.0942549 1
21.6553 0.19 1.08339 0.0942549 1
21.6903 0.173875 0.967525 0.0863523 0
21.706 0.19 1.08339 0.0942549 1
21.7566 0.19 1.08339 0.0942549 1
21.8073 0.19 1.08339 0.0942549 1
21.858 0.19 1.08339 0.0942549 1
21.9087 0.19 1.08339 0.0942549 1
21.9594 0.19 1.08339 0.0942549 1
22.0101 0.19 1.08339 0.0942549 1
22.0608 0.19 1.08339 0.0942549 1
22.1115 0.19 1.08339 0.0942549 1
22.1515 0.178808 1.00628 0.0888703 0
22.1622 0.19 1.08339 0.0942549 1
22.2129 0.19 1.08339 0.0942549 1
22.2636 0.19 1.08339 0.0942549 1
22.3143 0.19 1.08339 0.0942549 1
22.365 0.19 1.08339 0.0942549 1
22.4156 0.19 1.08339 0.0942549 1
22.4663 0.19 1.08339 0.0942549 1
22.517 0.19 1.08339 0.0942549 1
22.5677 0.19 1.08339 0.0942549 1
22.6127 0.183938 1.0451 0.0913883 0
22.6184 0.19 1.08339 0.0942549 1
22.6691 0.19 1.08339 0.0942549 1
22.7198 0.19 1.08339 0.0942549 1
22.7705 0.19 1.08339 0.0942549 1
22.8212 0.19 1.08339 0.0942549 1
22.8719 0.19 1.08339 0.0942549 1
22.9226 0.19 1.08339 0.0942549 1
22.9733 0.19 1.08339 0.0942549 1
23.024 0.19 1.08339 0.0942549 1
23.074 0.189251 1.07924 0.0939063 0
23.0746 0.19 1.08339 0.0942549 1
23.1253 0.19 1.08339 0.0942549 1
23.176 0.19 1.08339 0.0942549 1
23.2267 0.19 1.08339 0.0942549 1
23.2774 0.19 1.08339 0.0942549 1
23.3281 0.19 1.08339 0.0942549 1
23.3788 0.19 1.08339 0.0942549 1
23.4295 0.19 1.08339 0.0942549 1
23.4802 0.19 1.08339 0.0942549 1
23.5352 0.194717 1.10524 0.0964243 0
23.5309 0.19 1.08339 0.0942549 1
23.5816 0.19 1.08339 0.0942549 1
23.6323 0.19 1.08339 0.0942549 1
23.683 0.19 1.08339 0.0942549 1
23.7336 0.19 1.08339 0.0942549 1
23.7843 0.19 1.08339 0.0942549 1
23.835 0.19 1.08339 0.0942549 1
23.8857 0.19 1.08339 0.0942549 1
23.9364 0.19 1.08339 0.0942549 1
23.9871 0.19 1.08339 0.0942549 1
23.9921 0.14577 1.01524 0.0712443 0
24.0378 0.19 1.08339 0.0942549 1
24.0885 0.19 1.08339 0.0942549 1
24.1392 0.19 1.08339 0.0942549 1
24.1899 0.19 1.08339 0.0942549 1
24.2406 0.19 1.08339 0.0942549 1
24.2913 0.19 1.08339 0.0942549 1
24.342 0.19 1.08339 0.0942549 1
24.3926 0.19 1.08339 0.0942549 1
24.4433 0.19 1.08339 0.0942549 1
24.4533 0.150701 0.959742 0.0737623 0
24.494 0.19 1.08339 0.0942549 1
24.5447 0.19 1.08339 0.0942549 1
24.5954 0.19 1.08339 0.0942549 1
24.6461 0.19 1.08339 0.0942549 1
24.6968 0.19 1.08339 0.0942549 1
24.7475 0.19 1.08339 0.0942549 1
24.7982 0.19 1.08339 0.0942549 1
24.8489 0.19 1.08339 0.0942549 1
24.8996 0.19 1.08339 0.0942549 1
24.9146 0.155399 0.923155 0.0762803 0
24.9503 0.19 1.08339 0.0942549 1
25.001 0.19 1.08339 0.0942549 1
25.0516 0.19 1.08339 0.0942549 1
25.1023 0.19 1.08339 0.0942549 1
25.153 0.19 1.08339 0.0942549 1
25.2037 0.19 1.08339 0.0942549 1
25.2544 0.19 1.08339 0.0942549 1
25.3051 0.19 1.08339 0.0942549 1
25.3558 0.19 1.08339 0.0942549 1
25.3758 0.159968 0.907851 0.0787983 0
25.4065 0.19 1.08339 0.0942549 1
25.4572 0.19 1.08339 0.0942549 1
25.5079 0.19 1.08339 0.0942549 1
25.5586 0.19 1.08339 0.0942549 1
25.6093 0.19 1.08339 0.0942549 1
25.6599 0.19 1.08339 0.0942549 1
25.7106 0.19 1.08339 0.0942549 1
25.7613 0.19 1.08339 0.0942549 1
25.812 0.19 1.08339 0.0942549 1
25.837 0.164512 0.912808 0.0813163 0
25.8627 0.19 1.08339 0.0942549 1
25.9134 0.19 1.08339 0.0942549 1
25.9641 0.19 1.08339 0.0942549 1
26.0148 0.19 1.08339 0.0942549 1
26.0655 0.19 1.08339 0.0942549 1
26.1162 0.19 1.08339 0.0942549 1
26.1669 0.19 1.08339 0.0942549 1
26.2176 0.19 1.08339 0.0942549 1
26.2683 0.19 1.08339 0.0942549 1
26.2983 0.169124 0.934429 0.0838343 0
26.3189 0.19 1.08339 0.0942549 1
26.3696 0.19 1.08339 0.0942549 1
26.4203 0.19 1.08339 0.0942549 1
26.471 0.19 1.08339 0.0942549 1
26.5217 0.19 1.08339 0.0942549 1
26.5724 0.19 1.08339 0.0942549 1
26.6231 0.19 1.08339 0.0942549 1
26.6738 0.19 1.08339 0.0942549 1
26.7245 0.19 1.08339 0.0942549 1
26.7595 0.173875 0.967525 0.0863523 0
26.7752 0.19 1.08339 0.0942549 1
26.8259 0.19 1.08339 0.0942549 1
26.8766 0.19 1.08339 0.0942549 1
26.9273 0.19 1.08339 0.0942549 1
26.9779 0.19 1.08339 0.0942549 1
27.0286 0.19 1.08339 0.0942549 1
27.0793 0.19 1.08339 0.0942549 1
27.13 0.19 1.08339 0.0942549 1
27.1807 0.19 1.08339 0.0942549 1
27.2207 0.178808 1.00628 0.0888703 0
27.2314 0.19 1.08339 0.0942549 1
27.2821 0.19 1.08339 0.0942549 1
27.3328 0.19 1.08339 0.0942549 1
27.3835 0.19 1.08339 0.0942549 1
27.4342 0.19 1.08339 0.0942549 1
27.4849 0.19 1.08339 0.0942549 1
27.5356 0.19 1.08339 0.0942549 1
27.5863 0.19 1.08339 0.0942549 1
27.6369 0.19 1.08339 0.0942549 1
27.6819 0.183938 1.0451 0.0913883 0
27.6876 0.19 1.08339 0.0942549 1
27.7383 0.19 1.08339 0.0942549 1
27.789 0.19 1.08339 0.0942549 1
27.8397 0.19 1.08339 0.0942549 1
27.8904 0.19 1.08339 0.0942549 1
27.9411 0.19 1.08339 0.0942549 1
27.9918 0.19 1.08339 0.0942549 1
28.0425 0.19 1.08339 0.0942549 1
28.0932 0.19 1.08339 0.0942549 1
28.1432 0.189251 1.07924 0.0939063 0
28.1439 0.19 1.08339 0.0942549 1
28.1946 0.19 1.08339 0.0942549 1
28.2453 0.19 1.08339 0.0942549 1
28.2959 0.19 1.08339 0.0942549 1
28.3466 0.19 1.08339 0.0942549 1
28.3973 0.19 1.08339 0.0942549 1
28.448 0.19 1.08339 0.0942549 1
28.4987 0.19 1.08339 0.0942549 1
28.5494 0.19 1.08339 0.0942549 1
28.6044 0.194717 1.10524 0.0964243 0
28.6001 0.19 1.08339 0.0942549 1
28.6508 0.19 1.08339 0.0942549 1
28.7015 0.19 1.08339 0.0942549 1
28.7522 0.19 1.08339 0.0942549 1
28.8029 0.19 1.08339 0.0942549 1
28.8536 0.19 1.08339 0.0942549 1
28.9043 0.19 1.08339 0.0942549 1
28.9549 0.19 1.08339 0.0942549 1
29.0056 0.19 1.08339 0.0942549 1
29.0563 0.19 1.08339 0.0942549 1
29.0613 0.14577 1.01524 0.0712443 0
29.107 0.19 1.08339 0.0942549 1
29.1577 0.19 1.08339 0.0942549 1
29.2084 0.19 1.08339 0.0942549 1
29.2591 0.19 1.08339 0.0942549 1
29.3098 0.19 1.08339 0.0942549 1
29.3605 0.19 1.08339 0.0942549 1
29.4112 0.19 1.08339 0.0942549 1
29.4619 0.19 1.08339 0.0942549 1
29.5126 0.19 1.08339 0.0942549 1
29.5226 0.150701 0.959742 0.0737623 0
29.5633 0.19 1.08339 0.0942549 1
29.6139 0.19 1.08339 0.0942549 1
29.6646 0.19 1.08339 0.0942549 1
29.7153 0.19 1.08339 0.0942549 1
29.766 0.19 1.08339 0.0942549 1
29.8167 0.19 1.08339 0.0942549 1
29.8674 0.19 1.08339 0.0942549 1
29.9181 0.19 1.08339 0.0942549 1
29.9688 0.19 1.08339 0.0942549 1
29.9838 0.155399 0.923155 0.0762803 0
30.0195 0.19 1.08339 0.0942549 1
30.0702 0.19 1.08339 0.0942549 1
30.1209 0.19 1.08339 0.0942549 1
30.1716 0.19 1.08339 0.0942549 1
30.2223 0.19 1.08339 0.0942549 1
30.2729 0.19 1.08339 0.0942549 1
30.3236 0.19 1.08339 0.0942549 1
30.3743 0.19 1.08339 0.0942549 1
30.425 0.19 1.08339 0.0942549 1
30.445 0.159968 0.907851 0.0787983 0
30.4757 0.19 1.08339 0.0942549 1
30.5264 0.19 1.08339 0.0942549 1
30.5771 0.19 1.08339 0.0942549 1
30.6278 0.19 1.08339 0.0942549 1
30.6785 0.19 1.08339 0.0942549 1
30.7292 0.19 1.08339 0.0942549 1
30.7799 0.19 1.08339 0.0942549 1
30.8306 0.19 1.08339 0.0942549 1
30.8813 0.19 1.08339 0.0942549 1
30.9063 0.164512 0.912808 0.0813163 0
30.9319 0.19 1.08339 0.0942549 1
30.9826 0.19 1.08339 0.0942549 1
31.0333 0.19 1.08339 0.0942549 1
31.084 0.19 1.08339 0.0942549 1
31.1347 0.19 1.08339 0.0942549 1
31.1854 0.19 1.08339 0.0942549 1
31.2361 0.19 1.08339 0.0942549 1
31.2868 0.19 1.08339 0.0942549 1
31.3375 0.19 1.08339 0.0942549 1
31.3675 0.169124 0.934429 0.0838343 0
31.3882 0.19 1.08339 0.0942549 1
31.4389 0.19 1.08339 0.0942549 1
31.4896 0.19 1.08339 0.0942549 1
31.5403 0.19 1.08339 0.0942549 1
31.5909 0.19 1.08339 0.0942549 1
31.6416 0.19 1.08339 0.0942549 1
31.6923 0.19 1.08339 0.0942549 1
31.743 0.19 1.08339 0.0942549 1
31.7937 0.19 1.08339 0.0942549 1
31.8287 0.173875 0.967525 0.0863523 0
31.8444 0.19 1.08339 0.0942549 1
31.8951 0.19 1.08339 0.0942549 1
31.9458 0.19 1.08339 0.0942549 1
31.9965 0.19 1.08339 0.0942549 1
32.0472 0.19 1.08339 0.0942549 1
32.0979 0.19 1.08339 0.0942549 1
32.1486 0.19 1.08339 0.0942549 1
32.1993 0.19 1.08339 0.0942549 1
32.2499 0.19 1.08339 0.0942549 1
32.2899 0.178808 1.00628 0.0888703 0
32.3006 0.19 1.08339 0.0942549 1
32.3513 0.19 1.08339 0.0942549 1
32.402 0.19 1.08339 0.0942549 1
32.4527 0.19 1.08339 0.0942549 1
32.5034 0.19 1.08339 0.0942549 1
32.5541 0.19 1.08339 0.0942549 1
32.6048 0.19 1.08339 0.0942549 1
32.6555 0.19 1.08339 0.0942549 1
32.7062 0.19 1.08339 0.0942549 1
32.7512 0.183938 1.0451 0.0913883 0
32.7569 0.19 1.08339 0.0942549 1
32.8076 0.19 1.08339 0.0942549 1
32.8583 0.19 1.08339 0.0942549 1
32.9089 0.19 1.08339 0.0942549 1
32.9596 0.19 1.08339 0.0942549 1
33.0103 0.19 1.08339 0.0942549 1
33.061 0.19 1.08339 0.0942549 1
33.1117 0.19 1.08339 0.0942549 1
33.1624 0.19 1.08339 0.0942549 1
33.2124 0.189251 1.07924 0.0939063 0
33.2131 0.19 1.08339 0.0942549 1
33.2638 0.19 1.08339 0.0942549 1
33.3145 0.19 1.08339 0.0942549 1
33.3652 0.19 1.08339 0.0942549 1
33.4159 0.19 1.08339 0.0942549 1
33.4666 0.19 1.08339 0.0942549 1
33.5173 0.19 1.08339 0.0942549 1
33.5679 0.19 1.08339 0.0942549 1
33.6186 0.19 1.08339 0.0942549 1
33.6736 0.194717 1.10524 0.0964243 0
33.6693 0.19 1.08339 0.0942549 1
33.72 0.19 1.08339 0.0942549 1
33.7707 0.19 1.08339 0.0942549 1
33.8214 0.19 1.08339 0.0942549 1
33.8721 0.19 1.08339 0.0942549 1
33.9228 0.19 1.08339 0.0942549 1
33.9735 0.19 1.08339 0.0942549 1
34.0242 0.19 1.08339 0.0942549 1
34.0749 0.19 1.08339 0.0942549 1
34.1256 0.19 1.08339 0.0942549 1
34.1306 0.14577 1.01524 0.0712443 0
34.1763 0.19 1.08339 0.0942549 1
34.2269 0.19 1.08339 0.0942549 1
34.2776 0.19 1.08339 0.0942549 1
34.3283 0.19 1.08339 0.0942549 1
34.379 0.19 1.08339 0.0942549 1
34.4297 0.19 1.08339 0.0942549 1
34.4804 0.19 1.08339 0.0942549 1
34.5311 0.19 1.08339 0.0942549 1
34.5818 0.19 1.08339 0.0942549 1
34.5918 0.150701 0.959742 0.0737623 0
34.6325 0.19 1.08339 0.0942549 1
34.6832 0.19 1.08339 0.0942549 1
34.7339 0.19 1.08339 0.0942549 1
34.7846 0.19 1.08339 0.0942549 1
34.8353 0.19 1.08339 0.0942549 1
34.8859 0.19 1.08339 0.0942549 1
34.9366 0.19 1.08339 0.0942549 1
34.9873 0.19 1.08339 0.0942549 1
35.038 0.19 1.08339 0.0942549 1
35.053 0.155399 0.923155 0.0762803 0
35.0887 0.19 1.08339 0.0942549 1
35.1394 0.19 1.08339 0.0942549 1
35.1901 0.19 1.08339 0.0942549 1
35.2408 0.19 1.08339 0.0942549 1
35.2915 0.19 1.08339 0.0942549 1
35.3422 0.19 1.08339 0.0942549 1
35.3929 0.19 1.08339 0.0942549 1
35.4436 0.19 1.08339 0.0942549 1
35.4943 0.19 1.08339 0.0942549 1
35.5143 0.159968 0.907851 0.0787983 0
35.5449 0.19 1.08339 0.0942549 1
35.5956 0.19 1.08339 0.0942549 1
35.6463 0.19 1.08339 0.0942549 1
35.697 0.19 1.08339 0.0942549 1
35.7477 0.19 1.08339 0.0942549 1
35.7984 0.19 1.08339 0.0942549 1
35.8491 0.19 1.08339 0.0942549 1
35.8998 0.19 1.08339 0.0942549 1
35.9505 0.19 1.08339 0.0942549 1
35.9755 0.164512 0.912808 0.0813163 0
36.0012 0.19 1.08339 0.0942549 1
36.0519 0.19 1.08339 0.0942549 1
36.1026 0.19 1.08339 0.0942549 1
36.1532 0.19 1.08339 0.0942549 1
36.2039 0.19 1.08339 0.0942549 1
36.2546 0.19 1.08339 0.0942549 1
36.3053 0.19 1.08339 0.0942549 1
36.356 0.19 1.08339 0.0942549 1
36.4067 0.19 1.08339 0.0942549 1
36.4367 0.169124 0.934429 0.0838343 0
36.4574 0.19 1.08339 0.0942549 1
36.5081 0.19 1.08339 0.0942549 1
36.5588 0.19 1.08339 0.0942549 1
36.6095 0.19 1.08339 0.0942549 1
36.6602 0.19 1.08339 0.0942549 1
36.7109 0.19 1.08339 0.0942549 1
36.7616 0.19 1.08339 0.0942549 1
36.8122 0.19 1.08339 0.0942549 1
36.8629 0.19 1.08339 0.0942549 1
36.8979 0.173875 0.967525 0.0863523 0
36.9136 0.19 1.08339 0.0942549 1
36.9643 0.19 1.08339 0.0942549 1
37.015 0.19 1.08339 0.0942549 1
37.0657 0.19 1.08339 0.0942549 1
37.1164 0.19 1.08339 0.0942549 1
37.1671 0.19 1.08339 0.0942549 1
37.2178 0.19 1.08339 0.0942549 1
37.2685 0.19 1.08339 0.0942549 1
37.3192 0.19 1.08339 0.0942549 1
37.3592 0.178808 1.00628 0.0888703 0
37.3699 0.19 1.08339 0.0942549 1
37.4206 0.19 1.08339 0.0942549 1
37.4712 0.19 1.08339 0.0942549 1
37.5219 0.19 1.08339 0.0942549 1
37.5726 0.19 1.08339 0.0942549 1
37.6233 0.19 1.08339 0.0942549 1
37.674 0.19 1.08339 0.0942549 1
37.7247 0.19 1.08339 0.0942549 1
37.7754 0.19 1.08339 0.0942549 1
37.8204 0.183938 1.0451 0.0913883 0
37.8261 0.19 1.08339 0.0942549 1
37.8768 0.19 1.08339 0.0942549 1
37.9275 0.19 1.08339 0.0942549 1
37.9782 0.19 1.08339 0.0942549 1
38.0289 0.19 1.08339 0.0942549 1
38.0796 0.19 1.08339 0.0942549 1
38.1302 0.19 1.08339 0.0942549 1
38.1809 0.19 1.08339 0.0942549 1
38.2316 0.19 1.08339 0.0942549 1
38.2816 0.189251 1.07924 0.0939063 0
38.2823 0.19 1.08339 0.0942549 1
38.333 0.19 1.08339 0.0942549 1
38.3837 0.19 1.08339 0.0942549 1
38.4344 0.19 1.08339 0.0942549 1
38.4851 0.19 1.08339 0.0942549 1
38.5358 0.19 1.08339 0.0942549 1
38.5865 0.19 1.08339 0.0942549 1
38.6372 0.19 1.08339 0.0942549 1
38.6879 0.19 1.08339 0.0942549 1
38.7429 0.194717 1.10524 0.0964243 0
38.7386 0.19 1.08339 0.0942549 1
38.7892 0.19 1.08339 0.0942549 1
38.8399 0.19 1.08339 0.0942549 1
38.8906 0.19 1.08339 0.0942549 1
38.9413 0.19 1.08339 0.0942549 1
38.992 0.19 1.08339 0.0942549 1
39.0427 0.19 1.08339 0.0942549 1
39.0934 0.19 1.08339 0.0942549 1
39.1441 0.19 1.08339 0.0942549 1
39.1948 0.19 1.08339 0.0942549 1
39.1998 0.14577 1.01524 0.0712443 0
39.2455 0.19 1.08339 0.0942549 1
39.2962 0.19 1.08339 0.0942549 1
39.3469 0.19 1.08339 0.0942549 1
39.3976 0.19 1.08339 0.0942549 1
39.4482 0.19 1.08339 0.0942549 1
39.4989 0.19 1.08339 0.0942549 1
39.5496 0.19 1.08339 0.0942549 1
39.6003 0.19 1.08339 0.0942549 1
39.651 0.19 1.08339 0.0942549 1
39.661 0.150701 0.959742 0.0737623 0
39.7017 0.19 1.08339 0.0942549 1
39.7524 0.19 1.08339 0.0942549 1
39.8031 0.19 1.08339 0.0942549 1
39.8538 0.19 1.08339 0.0942549 1
39.9045 0.19 1.08339 0.0942549 1
39.9552 0.19 1.08339 0.0942549 1
40.0059 0.19 1.08339 0.0942549 1
40.0566 0.19 1.08339 0.0942549 1
40.1072 0.19 1.08339 0.0942549 1
40.1222 0.155399 0.923155 0.0762803 0
40.1579 0.19 1.08339 0.0942549 1
40.2086 0.19 1.08339 0.0942549 1
40.2593 0.19 1.08339 0.0942549 1
40.31 0.19 1.08339 0.0942549 1
40.3607 0.19 1.08339 0.0942549 1
40.4114 0.19 1.08339 0.0942549 1
40.4621 0.19 1.08339 0.0942549 1
40.5128 0.19 1.08339 0.0942549 1
40.5635 0.19 1.08339 0.0942549 1
40.5835 0.159968 0.907851 0.0787983 0
40.6142 0.19 1.08339 0.0942549 1
40.6649 0.19 1.08339 0.0942549 1
40.7156 0.19 1.08339 0.0942549 1
40.7662 0.19 1.08339 0.0942549 1
40.8169 0.19 1.08339 0.0942549 1
40.8676 0.19 1.08339 0.0942549 1
40.9183 0.19 1.08339 0.0942549 1
40.969 0.19 1.08339 0.0942549 1
41.0197 0.19 1.08339 0.0942549 1
41.0447 0.164512 0.912808 0.0813163 0
41.0704 0.19 1.08339 0.0942549 1
41.1211 0.19 1.08339 0.0942549 1
41.1718 0.19 1.08339 0.0942549 1
41.2225 0.19 1.08339 0.0942549 1
41.2732 0.19 1.08339 0.0942549 1
41.3239 0.19 1.08339 0.0942549 1
41.3746 0.19 1.08339 0.0942549 1
41.4252 0.19 1.08339 0.0942549 1
41.4759 0.19 1.08339 0.0942549 1
41.5059 0.169124 0.934429 0.0838343 0
41.5266 0.19 1.08339 0.0942549 1
41.5773 0.19 1.08339 0.0942549 1
41.628 0.19 1.08339 0.0942549 1
41.6787 0.19 1.08339 0.0942549 1
41.7294 0.19 1.08339 0.0942549 1
41.7801 0.19 1.08339 0.0942549 1
41.8308 0.19 1.08339 0.0942549 1
41.8815 0.19 1.08339 0.0942549 1
41.9322 0.19 1.08339 0.0942549 1
41.9672 0.173875 0.967525 0.0863523 0
41.9829 0.19 1.08339 0.0942549 1
42.0336 0.19 1.08339 0.0942549 1
42.0842 0.19 1.08339 0.0942549 1
42.1349 0.19 1.08339 0.0942549 1
42.1856 0.19 1.08339 0.0942549 1
42.2363 0.19 1.08339 0.0942549 1
42.287 0.19 1.08339 0.0942549 1
42.3377 0.19 1.08339 0.0942549 1
42.3884 0.19 1.08339 0.0942549 1
42.4284 0.178808 1.00628 0.0888703 0
42.4391 0.19 1.08339 0.0942549 1
42.4898 0.19 1.08339 0.0942549 1
42.5405 0.19 1.08339 0.0942549 1
42.5912 0.19 1.08339 0.0942549 1
42.6419 0.19 1.08339 0.0942549 1
42.6926 0.19 1.08339 0.0942549 1
42.7432 0.19 1.08339 0.0942549 1
42.7939 0.19 1.08339 0.0942549 1
42.8446 0.19 1.08339 0.0942549 1
42.8896 0.183938 1.0451 0.0913883 0
42.8953 0.19 1.08339 0.0942549 1
42.946 0.19 1.08339 0.0942549 1
42.9967 0.19 1.08339 0.0942549 1
43.0474 0.19 1.08339 0.0942549 1
43.0981 0.19 1.08339 0.0942549 1
43.1488 0.19 1.08339 0.0942549 1
43.1995 0.19 1.08339 0.0942549 1
43.2502 0.19 1.08339 0.0942549 1
43.3009 0.19 1.08339 0.0942549 1
43.3509 0.189251 1.07924 0.0939063 0
43.3516 0.19 1.08339 0.0942549 1
43.4022 0.19 1.08339 0.0942549 1
43.4529 0.19 1.08339 0.0942549 1
43.5036 0.19 1.08339 0.0942549 1
43.5543 0.19 1.08339 0.0942549 1
43.605 0.19 1.08339 0.0942549 1
43.6557 0.19 1.08339 0.0942549 1
43.7064 0.19 1.08339 0.0942549 1
43.7571 0.19 1.08339 0.0942549 1
43.8121 0.194717 1.10524 0.0964243 0
43.8078 0.19 1.08339 0.0942549 1
43.8585 0.19 1.08339 0.0942549 1
43.9092 0.19 1.08339 0.0942549 1
43.9599 0.19 1.08339 0.0942549 1
44.0106 0.19 1.08339 0.0942549 1
44.0612 0.19 1.08339 0.0942549 1
44.1119 0.19 1.08339 0.0942549 1
44.1626 0.19 1.08339 0.0942549 1
44.2133 0.19 1.08339 0.0942549 1
44.264 0.19 1.08339 0.0942549 1
44.269 0.14577 1.01524 0.0712443 0
44.3147 0.19 1.08339 0.0942549 1
44.3654 0.19 1.08339 0.0942549 1
44.4161 0.19 1.08339 0.0942549 1
44.4668 0.19 1.08339 0.0942549 1
44.5175 0.19 1.08339 0.0942549 1
44.5682 0.19 1.08339 0.0942549 1
44.6189 0.19 1.08339 0.0942549 1
44.6696 0.19 1.08339 0.0942549 1
44.7202 0.19 1.08339 0.0942549 1
44.7302 0.150701 0.959742 0.0737623 0
44.7709 0.19 1.08339 0.0942549 1
44.8216 0.19 1.08339 0.0942549 1
44.8723 0.19 1.08339 0.0942549 1
44.923 0.19 1.08339 0.0942549 1
44.9737 0.19 1.08339 0.0942549 1
45.0244 0.19 1.08339 0.0942549 1
45.0751 0.19 1.08339 0.0942549 1
45.1258 0.19 1.08339 0.0942549 1
45.1765 0.19 1.08339 0.0942549 1
45.1915 0.155399 0.923155 0.0762803 0
45.2272 0.19 1.08339 0.0942549 1
45.2779 0.19 1.08339 0.0942549 1
45.3286 0.19 1.08339 0.0942549 1
45.3792 0.19 1.08339 0.0942549 1
45.4299 0.19 1.08339 0.0942549 1
45.4806 0.19 1.08339 0.0942549 1
45.5313 0.19 1.08339 0.0942549 1
45.582 0.19 1.08339 0.0942549 1
45.6327 0.19 1.08339 0.0942549 1
45.6527 0.159968 0.907851 0.0787983 0
45.6834 0.19 1.08339 0.0942549 1
45.7341 0.19 1.08339 0.0942549 1
45.7848 0.19 1.08339 0.0942549 1
45.8355 0.19 1.08339 0.0942549 1
45.8862 0.19 1.08339 0.0942549 1
45.9369 0.19 1.08339 0.0942549 1
45.9876 0.19 1.08339 0.0942549 1
46.0382 0.19 1.08339 0.0942549 1
46.0889 0.19 1.08339 0.0942549 1
46.1139 0.164512 0.912808 0.0813163 0
46.1396 0.19 1.08339 0.0942549 1
46.1903 0.19 1.08339 0.0942549 1
46.241 0.19 1.08339 0.0942549 1
46.2917 0.19 1.08339 0.0942549 1
46.3424 0.19 1.08339 0.0942549 1
46.3931 0.19 1.08339 0.0942549 1
46.4438 0.19 1.08339 0.0942549 1
46.4945 0.19 1.08339 0.0942549 1
46.5452 0.19 1.08339 0.0942549 1
46.5752 0.169124 0.934429 0.0838343 0
46.5959 0.19 1.08339 0.0942549 1
46.6466 0.19 1.08339 0.0942549 1
46.6972 0.19 1.08339 0.0942549 1
46.7479 0.19 1.08339 0.0942549 1
46.7986 0.19 1.08339 0.0942549 1
46.8493 0.19 1.08339 0.0942549 1
46.9 0.19 1.08339 0.0942549 1
46.9507 0.19 1.08339 0.0942549 1
47.0014 0.19 1.08339 0.0942549 1
47.0364 0.173875 0.967525 0.0863523 0
47.0521 0.19 1.08339 0.0942549 1
47.1028 0.19 1.08339 0.0942549 1
47.1535 0.19 1.08339 0.0942549 1
47.2042 0.19 1.08339 0.0942549 1
47.2549 0.19 1.08339 0.0942549 1
47.3055 0.19 1.08339 0.0942549 1
47.3562 0.19 1.08339 0.0942549 1
47.4069 0.19 1.08339 0.0942549 1
47.4576 0.19 1.08339 0.0942549 1
47.4976 0.178808 1.00628 0.0888703 0
47.5083 0.19 1.08339 0.0942549 1
47.559 0.19 1.08339 0.0942549 1
47.6097 0.19 1.08339 0.0942549 1
47.6604 0.19 1.08339 0.0942549 1
47.7111 0.19 1.08339 0.0942549 1
47.7618 0.19 1.08339 0.0942549 1
47.8125 0.19 1.08339 0.0942549 1
47.8632 0.19 1.08339 0.0942549 1
47.9139 0.19 1.08339 0.0942549 1
47.9589 0.183938 1.0451 0.0913883 0
47.9645 0.19 1.08339 0.0942549 1
48.0152 0.19 1.08339 0.0942549 1
48.0659 0.19 1.08339 0.0942549 1
48.1166 0.19 1.08339 0.0942549 1
48.1673 0.19 1.08339 0.0942549 1
48.218 0.19 1.08339 0.0942549 1
48.2687 0.19 1.08339 0.0942549 1
48.3194 0.19 1.08339 0.0942549 1
48.3701 0.19 1.08339 0.0942549 1
48.4201 0.189251 1.07924 0.0939063 0
48.4208 0.19 1.08339 0.0942549 1
48.4715 0.19 1.08339 0.0942549 1
48.5222 0.19 1.08339 0.0942549 1
48.5729 0.19 1.08339 0.0942549 1
48.6235 0.19 1.08339 0.0942549 1
48.6742 0.19 1.08339 0.0942549 1
48.7249 0.19 1.08339 0.0942549 1
48.7756 0.19 1.08339 0.0942549 1
48.8263 0.19 1.08339 0.0942549 1
48.8813 0.194717 1.10524 0.0964243 0
48.877 0.19 1.08339 0.0942549 1
48.9277 0.19 1.08339 0.0942549 1
48.9784 0.19 1.08339 0.0942549 1
49.0291 0.19 1.08339 0.0942549 1
49.0798 0.19 1.08339 0.0942549 1
49.1305 0.19 1.08339 0.0942549 1
49.1812 0.19 1.08339 0.0942549 1
49.2319 0.19 1.08339 0.0942549 1
49.2825 0.19 1.08339 0.0942549 1
49.3332 0.19 1.08339 0.0942549 1
49.3382 0.14577 1.01524 0.0712443 0
49.3839 0.19 1.08339 0.0942549 1
49.4346 0.19 1.08339 0.0942549 1
49.4853 0.19 1.08339 0.0942549 1
49.536 0.19 1.08339 0.0942549 1
49.5867 0.19 1.08339 0.0942549 1
49.6374 0.19 1.08339 0.0942549 1
49.6881 0.19 1.08339 0.0942549 1
49.7388 0.19 1.08339 0.0942549 1
49.7895 0.19 1.08339 0.0942549 1
49.7995 0.150701 0.959742 0.0737623 0
49.8402 0.19 1.08339 0.0942549 1
49.8909 0.19 1.08339 0.0942549 1
49.9415 0.19 1.08339 0.0942549 1
49.9922 0.19 1.08339 0.0942549 1
0.5036 0.5036 0.5036 0.5036 0.5036
