t x v M dripped?
0 0 0 0.01 0
0.166266 0.19 0.950114 0.0935655 1
0.213263 0.19 1.17202 0.0949617 1
0.266613 0.19 0.984859 0.0939507 1
0.314048 0.19 1.13968 0.0946597 1
0.366486 0.19 1.02415 0.0940447 1
0.415267 0.19 1.12023 0.0944828 1
0.46719 0.19 1.04687 0.0941188 1
0.48219 0.15688 0.87202 0.0770254 0
0.516733 0.19 1.10631 0.0943867 1
0.568238 0.19 1.06064 0.0941678 1
0.618247 0.19 1.09712 0.0943327 1
0.669462 0.19 1.06892 0.0942 1
0.71975 0.19 1.09127 0.0943014 1
0.770777 0.19 1.07391 0.0942206 1
0.821232 0.19 1.0876 0.094283 1
0.872139 0.19 1.07694 0.0942336 1
0.922695 0.19 1.08532 0.0942719 1
0.947695 0.16445 0.912743 0.0812581 0
0.973528 0.19 1.07878 0.0942417 1
1.02414 0.19 1.08391 0.0942652 1
1.07493 0.19 1.0799 0.0942467 1
1.12559 0.19 1.08305 0.0942612 1
1.17634 0.19 1.08059 0.0942498 1
1.22702 0.19 1.08252 0.0942587 1
1.27776 0.19 1.08101 0.0942518 1
1.32845 0.19 1.08219 0.0942572 1
1.37918 0.19 1.08127 0.0942529 1
1.40918 0.169161 0.931484 0.0838528 0
1.42988 0.19 1.08199 0.0942563 1
1.4806 0.19 1.08142 0.0942536 1
1.53131 0.19 1.08187 0.0942557 1
1.58203 0.19 1.08152 0.0942541 1
1.63273 0.19 1.08179 0.0942553 1
1.68345 0.19 1.08158 0.0942544 1
1.73416 0.19 1.08174 0.0942551 1
1.78488 0.19 1.08161 0.0942545 1
1.83559 0.19 1.08172 0.094255 1
1.87059 0.173887 0.964889 0.0863567 0
1.8863 0.19 1.08164 0.0942546 1
1.93701 0.19 1.0817 0.0942549 1
1.98773 0.19 1.08165 0.0942547 1
2.03844 0.19 1.08169 0.0942549 1
2.08915 0.19 1.08166 0.0942547 1
2.13986 0.19 1.08168 0.0942548 1
2.19058 0.19 1.08166 0.0942548 1
2.24129 0.19 1.08168 0.0942548 1
2.292 0.19 1.08167 0.0942548 1
2.332 0.178809 1.0039 0.0888707 0
2.34271 0.19 1.08168 0.0942548 1
2.39343 0.19 1.08167 0.0942548 1
2.44414 0.19 1.08167 0.0942548 1
2.49485 0.19 1.08167 0.0942548 1
2.54557 0.19 1.08167 0.0942548 1
2.59628 0.19 1.08167 0.0942548 1
2.64699 0.19 1.08167 0.0942548 1
2.6977 0.19 1.08167 0.0942548 1
2.74842 0.19 1.08167 0.0942548 1
2.79342 0.183927 1.04298 0.0913836 0
2.79913 0.19 1.08167 0.0942548 1
2.84984 0.19 1.08167 0.0942548 1
2.90055 0.19 1.08167 0.0942548 1
2.95127 0.19 1.08167 0.0942548 1
3.00198 0.19 1.08167 0.0942548 1
3.05269 0.19 1.08167 0.0942548 1
3.1034 0.19 1.08167 0.0942548 1
3.15412 0.19 1.08167 0.0942548 1
3.20483 0.19 1.08167 0.0942548 1
3.25483 0.189231 1.07737 0.0938966 0
3.25554 0.19 1.08167 0.0942548 1
3.30626 0.19 1.08167 0.0942548 1
3.35697 0.19 1.08167 0.0942548 1
3.40768 0.19 1.08167 0.0942548 1
3.45839 0.19 1.08167 0.0942548 1
3.50911 0.19 1.08167 0.0942548 1
3.55982 0.19 1.08167 0.0942548 1
3.61053 0.19 1.08167 0.0942548 1
3.66124 0.19 1.08167 0.0942548 1
3.71624 0.194687 1.10358 0.0964096 0
3.71196 0.19 1.08167 0.0942548 1
3.76267 0.19 1.08167 0.0942548 1
3.81338 0.19 1.08167 0.0942548 1
3.86409 0.19 1.08167 0.0942548 1
3.91481 0.19 1.08167 0.0942548 1
3.96552 0.19 1.08167 0.0942548 1
4.01623 0.19 1.08167 0.0942548 1
4.06695 0.19 1.08167 0.0942548 1
4.11766 0.19 1.08167 0.0942548 1
4.16837 0.19 1.08167 0.0942548 1
4.17337 0.145865 1.0131 0.0712796 0
4.21908 0.19 1.08167 0.0942548 1
4.2698 0.19 1.08167 0.0942548 1
4.32051 0.19 1.08167 0.0942548 1
4.37122 0.19 1.08167 0.0942548 1
4.42193 0.19 1.08167 0.0942548 1
4.47265 0.19 1.08167 0.0942548 1
4.52336 0.19 1.08167 0.0942548 1
4.57407 0.19 1.08167 0.0942548 1
4.62478 0.19 1.08167 0.0942548 1
4.63478 0.150784 0.957242 0.0737926 0
4.6755 0.19 1.08167 0.0942548 1
4.72621 0.19 1.08167 0.0942548 1
4.77692 0.19 1.08167 0.0942548 1
4.82764 0.19 1.08167 0.0942548 1
4.87835 0.19 1.08167 0.0942548 1
4.92906 0.19 1.08167 0.0942548 1
4.97977 0.19 1.08167 0.0942548 1
5.03049 0.19 1.08167 0.0942548 1
5.0812 0.19 1.08167 0.0942548 1
5.0962 0.155469 0.920386 0.0763056 0
5.13191 0.19 1.08167 0.0942548 1
5.18262 0.19 1.08167 0.0942548 1
5.23334 0.19 1.08167 0.0942548 1
5.28405 0.19 1.08167 0.0942548 1
5.33476 0.19 1.08167 0.0942548 1
5.38547 0.19 1.08167 0.0942548 1
5.43619 0.19 1.08167 0.0942548 1
5.4869 0.19 1.08167 0.0942548 1
5.53761 0.19 1.08167 0.0942548 1
5.55761 0.160023 0.904938 0.0788186 0
5.58833 0.19 1.08167 0.0942548 1
5.63904 0.19 1.08167 0.0942548 1
5.68975 0.19 1.08167 0.0942548 1
5.74046 0.19 1.08167 0.0942548 1
5.79118 0.19 1.08167 0.0942548 1
5.84189 0.19 1.08167 0.0942548 1
5.8926 0.19 1.08167 0.0942548 1
5.94331 0.19 1.08167 0.0942548 1
5.99403 0.19 1.08167 0.0942548 1
6.01903 0.164553 0.909881 0.0813316 0
6.04474 0.19 1.08167 0.0942548 1
6.09545 0.19 1.08167 0.0942548 1
6.14616 0.19 1.08167 0.0942548 1
6.19688 0.19 1.08167 0.0942548 1
6.24759 0.19 1.08167 0.0942548 1
6.2983 0.19 1.08167 0.0942548 1
6.34902 0.19 1.08167 0.0942548 1
6.39973 0.19 1.08167 0.0942548 1
6.45044 0.19 1.08167 0.0942548 1
6.48044 0.16915 0.931606 0.0838446 0
6.50115 0.19 1.08167 0.0942548 1
6.55187 0.19 1.08167 0.0942548 1
6.60258 0.19 1.08167 0.0942548 1
6.65329 0.19 1.08167 0.0942548 1
6.704 0.19 1.08167 0.0942548 1
6.75472 0.19 1.08167 0.0942548 1
6.80543 0.19 1.08167 0.0942548 1
6.85614 0.19 1.08167 0.0942548 1
6.90685 0.19 1.08167 0.0942548 1
6.94185 0.173888 0.964896 0.0863576 0
6.95757 0.19 1.08167 0.0942548 1
7.00828 0.19 1.08167 0.0942548 1
7.05899 0.19 1.08167 0.0942548 1
7.10971 0.19 1.08167 0.0942548 1
7.16042 0.19 1.08167 0.0942548 1
7.21113 0.19 1.08167 0.0942548 1
7.26184 0.19 1.08167 0.0942548 1
7.31256 0.19 1.08167 0.0942548 1
7.36327 0.19 1.08167 0.0942548 1
7.40327 0.178809 1.0039 0.0888706 0
7.41398 0.19 1.08167 0.0942548 1
7.46469 0.19 1.08167 0.0942548 1
7.51541 0.19 1.08167 0.0942548 1
7.56612 0.19 1.08167 0.0942548 1
7.61683 0.19 1.08167 0.0942548 1
7.66754 0.19 1.08167 0.0942548 1
7.71826 0.19 1.08167 0.0942548 1
7.76897 0.19 1.08167 0.0942548 1
7.81968 0.19 1.08167 0.0942548 1
7.86468 0.183927 1.04298 0.0913836 0
7.8704 0.19 1.08167 0.0942548 1
7.92111 0.19 1.08167 0.0942548 1
7.97182 0.19 1.08167 0.0942548 1
8.02253 0.19 1.08167 0.0942548 1
8.07325 0.19 1.08167 0.0942548 1
8.12396 0.19 1.08167 0.0942548 1
8.17467 0.19 1.08167 0.0942548 1
8.22538 0.19 1.08167 0.0942548 1
8.2761 0.19 1.08167 0.0942548 1
8.3261 0.189231 1.07737 0.0938966 0
8.32681 0.19 1.08167 0.0942548 1
8.37752 0.19 1.08167 0.0942548 1
8.42823 0.19 1.08167 0.0942548 1
8.47895 0.19 1.08167 0.0942548 1
8.52966 0.19 1.08167 0.0942548 1
8.58037 0.19 1.08167 0.0942548 1
8.63108 0.19 1.08167 0.0942548 1
8.6818 0.19 1.08167 0.0942548 1
8.73251 0.19 1.08167 0.0942548 1
8.78751 0.194687 1.10358 0.0964096 0
8.78322 0.19 1.08167 0.0942548 1
8.83394 0.19 1.08167 0.0942548 1
8.88465 0.19 1.08167 0.0942548 1
8.93536 0.19 1.08167 0.0942548 1
8.98607 0.19 1.08167 0.0942548 1
9.03679 0.19 1.08167 0.0942548 1
9.0875 0.19 1.08167 0.0942548 1
9.13821 0.19 1.08167 0.0942548 1
9.18892 0.19 1.08167 0.0942548 1
9.23964 0.19 1.08167 0.0942548 1
9.24464 0.145865 1.0131 0.0712796 0
9.29035 0.19 1.08167 0.0942548 1
9.34106 0.19 1.08167 0.0942548 1
9.39177 0.19 1.08167 0.0942548 1
9.44249 0.19 1.08167 0.0942548 1
9.4932 0.19 1.08167 0.0942548 1
9.54391 0.19 1.08167 0.0942548 1
9.59463 0.19 1.08167 0.0942548 1
9.64534 0.19 1.08167 0.0942548 1
9.69605 0.19 1.08167 0.0942548 1
9.70605 0.150784 0.957242 0.0737926 0
9.74676 0.19 1.08167 0.0942548 1
9.79748 0.19 1.08167 0.0942548 1
9.84819 0.19 1.08167 0.0942548 1
9.8989 0.19 1.08167 0.0942548 1
9.94961 0.19 1.08167 0.0942548 1
10.0003 0.19 1.08167 0.0942548 1
10.051 0.19 1.08167 0.0942548 1
10.1018 0.19 1.08167 0.0942548 1
10.1525 0.19 1.08167 0.0942548 1
10.1675 0.155469 0.920386 0.0763056 0
10.2032 0.19 1.08167 0.0942548 1
10.2539 0.19 1.08167 0.0942548 1
10.3046 0.19 1.08167 0.0942548 1
10.3553 0.19 1.08167 0.0942548 1
10.406 0.19 1.08167 0.0942548 1
10.4567 0.19 1.08167 0.0942548 1
10.5075 0.19 1.08167 0.0942548 1
10.5582 0.19 1.08167 0.0942548 1
10.6089 0.19 1.08167 0.0942548 1
10.6289 0.160023 0.904938 0.0788186 0
10.6596 0.19 1.08167 0.0942548 1
10.7103 0.19 1.08167 0.0942548 1
10.761 0.19 1.08167 0.0942548 1
10.8117 0.19 1.08167 0.0942548 1
10.8624 0.19 1.08167 0.0942548 1
10.9132 0.19 1.08167 0.0942548 1
10.9639 0.19 1.08167 0.0942548 1
11.0146 0.19 1.08167 0.0942548 1
11.0653 0.19 1.08167 0.0942548 1
11.0903 0.164553 0.909881 0.0813316 0
11.116 0.19 1.08167 0.0942548 1
11.1667 0.19 1.08167 0.0942548 1
11.2174 0.19 1.08167 0.0942548 1
11.2681 0.19 1.08167 0.0942548 1
11.3189 0.19 1.08167 0.0942548 1
11.3696 0.19 1.08167 0.0942548 1
11.4203 0.19 1.08167 0.0942548 1
11.471 0.19 1.08167 0.0942548 1
11.5217 0.19 1.08167 0.0942548 1
11.5517 0.16915 0.931606 0.0838446 0
11.5724 0.19 1.08167 0.0942548 1
11.6231 0.19 1.08167 0.0942548 1
11.6738 0.19 1.08167 0.0942548 1
11.7246 0.19 1.08167 0.0942548 1
11.7753 0.19 1.08167 0.0942548 1
11.826 0.19 1.08167 0.0942548 1
11.8767 0.19 1.08167 0.0942548 1
11.9274 0.19 1.08167 0.0942548 1
11.9781 0.19 1.08167 0.0942548 1
12.0131 0.173888 0.964896 0.0863576 0
12.0288 0.19 1.08167 0.0942548 1
12.0795 0.19 1.08167 0.0942548 1
12.1303 0.19 1.08167 0.0942548 1
12.181 0.19 1.08167 0.0942548 1
12.2317 0.19 1.08167 0.0942548 1
12.2824 0.19 1.08167 0.0942548 1
12.3331 0.19 1.08167 0.0942548 1
12.3838 0.19 1.08167 0.0942548 1
12.4345 0.19 1.08167 0.0942548 1
12.4745 0.178809 1.0039 0.0888706 0
12.4852 0.19 1.08167 0.0942548 1
12.536 0.19 1.08167 0.0942548 1
12.5867 0.19 1.08167 0.0942548 1
12.6374 0.19 1.08167 0.0942548 1
12.6881 0.19 1.08167 0.0942548 1
12.7388 0.19 1.08167 0.0942548 1
12.7895 0.19 1.08167 0.0942548 1
12.8402 0.19 1.08167 0.0942548 1
12.8909 0.19 1.08167 0.0942548 1
12.9359 0.183927 1.04298 0.0913836 0
12.9417 0.19 1.08167 0.0942548 1
12.9924 0.19 1.08167 0.0942548 1
13.0431 0.19 1.08167 0.0942548 1
13.0938 0.19 1.08167 0.0942548 1
13.1445 0.19 1.08167 0.0942548 1
13.1952 0.19 1.08167 0.0942548 1
13.2459 0.19 1.08167 0.0942548 1
13.2967 0.19 1.08167 0.0942548 1
13.3474 0.19 1.08167 0.0942548 1
13.3974 0.189231 1.07737 0.0938966 0
13.3981 0.19 1.08167 0.0942548 1
13.4488 0.19 1.08167 0.0942548 1
13.4995 0.19 1.08167 0.0942548 1
13.5502 0.19 1.08167 0.0942548 1
13.6009 0.19 1.08167 0.0942548 1
13.6516 0.19 1.08167 0.0942548 1
13.7024 0.19 1.08167 0.0942548 1
13.7531 0.19 1.08167 0.0942548 1
13.8038 0.19 1.08167 0.0942548 1
13.8588 0.194687 1.10358 0.0964096 0
13.8545 0.19 1.08167 0.0942548 1
13.9052 0.19 1.08167 0.0942548 1
13.9559 0.19 1.08167 0.0942548 1
14.0066 0.19 1.08167 0.0942548 1
14.0573 0.19 1.08167 0.0942548 1
14.1081 0.19 1.08167 0.0942548 1
14.1588 0.19 1.08167 0.0942548 1
14.2095 0.19 1.08167 0.0942548 1
14.2602 0.19 1.08167 0.0942548 1
14.3109 0.19 1.08167 0.0942548 1
14.3159 0.145865 1.0131 0.0712796 0
14.3616 0.19 1.08167 0.0942548 1
14.4123 0.19 1.08167 0.0942548 1
14.463 0.19 1.08167 0.0942548 1
14.5138 0.19 1.08167 0.0942548 1
14.5645 0.19 1.08167 0.0942548 1
14.6152 0.19 1.08167 0.0942548 1
14.6659 0.19 1.08167 0.0942548 1
14.7166 0.19 1.08167 0.0942548 1
14.7673 0.19 1.08167 0.0942548 1
14.7773 0.150784 0.957242 0.0737926 0
14.818 0.19 1.08167 0.0942548 1
14.8687 0.19 1.08167 0.0942548 1
14.9195 0.19 1.08167 0.0942548 1
14.9702 0.19 1.08167 0.0942548 1
15.0209 0.19 1.08167 0.0942548 1
15.0716 0.19 1.08167 0.0942548 1
15.1223 0.19 1.08167 0.0942548 1
15.173 0.19 1.08167 0.0942548 1
15.2237 0.19 1.08167 0.0942548 1
15.2387 0.155469 0.920386 0.0763056 0
15.2744 0.19 1.08167 0.0942548 1
15.3252 0.19 1.08167 0.0942548 1
15.3759 0.19 1.08167 0.0942548 1
15.4266 0.19 1.08167 0.0942548 1
15.4773 0.19 1.08167 0.0942548 1
15.528 0.19 1.08167 0.0942548 1
15.5787 0.19 1.08167 0.0942548 1
15.6294 0.19 1.08167 0.0942548 1
15.6801 0.19 1.08167 0.0942548 1
15.7001 0.160023 0.904938 0.0788186 0
15.7309 0.19 1.08167 0.0942548 1
15.7816 0.19 1.08167 0.0942548 1
15.8323 0.19 1.08167 0.0942548 1
15.883 0.19 1.08167 0.0942548 1
15.9337 0.19 1.08167 0.0942548 1
15.9844 0.19 1.08167 0.0942548 1
16.0351 0.19 1.08167 0.0942548 1
16.0858 0.19 1.08167 0.0942548 1
16.1366 0.19 1.08167 0.0942548 1
16.1616 0.164553 0.909881 0.0813316 0
16.1873 0.19 1.08167 0.0942548 1
16.238 0.19 1.08167 0.0942548 1
16.2887 0.19 1.08167 0.0942548 1
16.3394 0.19 1.08167 0.0942548 1
16.3901 0.19 1.08167 0.0942548 1
16.4408 0.19 1.08167 0.0942548 1
16.4915 0.19 1.08167 0.0942548 1
16.5423 0.19 1.08167 0.0942548 1
16.593 0.19 1.08167 0.0942548 1
16.623 0.16915 0.931606 0.0838446 0
16.6437 0.19 1.08167 0.0942548 1
16.6944 0.19 1.08167 0.0942548 1
16.7451 0.19 1.08167 0.0942548 1
16.7958 0.19 1.08167 0.0942548 1
16.8465 0.19 1.08167 0.0942548 1
16.8972 0.19 1.08167 0.0942548 1
16.948 0.19 1.08167 0.0942548 1
16.9987 0.19 1.08167 0.0942548 1
17.0494 0.19 1.08167 0.0942548 1
17.0844 0.173888 0.964896 0.0863576 0
17.1001 0.19 1.08167 0.0942548 1
17.1508 0.19 1.08167 0.0942548 1
17.2015 0.19 1.08167 0.0942548 1
17.2522 0.19 1.08167 0.0942548 1
17.303 0.19 1.08167 0.0942548 1
17.3537 0.19 1.08167 0.0942548 1
17.4044 0.19 1.08167 0.0942548 1
17.4551 0.19 1.08167 0.0942548 1
17.5058 0.19 1.08167 0.0942548 1
17.5458 0.178809 1.0039 0.0888706 0
17.5565 0.19 1.08167 0.0942548 1
17.6072 0.19 1.08167 0.0942548 1
17.6579 0.19 1.08167 0.0942548 1
17.7087 0.19 1.08167 0.0942548 1
17.7594 0.19 1.08167 0.0942548 1
17.8101 0.19 1.08167 0.0942548 1
17.8608 0.19 1.08167 0.0942548 1
17.9115 0.19 1.08167 0.0942548 1
17.9622 0.19 1.08167 0.0942548 1
18.0072 0.183927 1.04298 0.0913836 0
18.0129 0.19 1.08167 0.0942548 1
18.0636 0.19 1.08167 0.0942548 1
18.1144 0.19 1.08167 0.0942548 1
18.1651 0.19 1.08167 0.0942548 1
18.2158 0.19 1.08167 0.0942548 1
18.2665 0.19 1.08167 0.0942548 1
18.3172 0.19 1.08167 0.0942548 1
18.3679 0.19 1.08167 0.0942548 1
18.4186 0.19 1.08167 0.0942548 1
18.4686 0.189231 1.07737 0.0938966 0
18.4693 0.19 1.08167 0.0942548 1
18.5201 0.19 1.08167 0.0942548 1
18.5708 0.19 1.08167 0.0942548 1
18.6215 0.19 1.08167 0.0942548 1
18.6722 0.19 1.08167 0.0942548 1
18.7229 0.19 1.08167 0.0942548 1
18.7736 0.19 1.08167 0.0942548 1
18.8243 0.19 1.08167 0.0942548 1
18.875 0.19 1.08167 0.0942548 1
18.93 0.194687 1.10358 0.0964096 0
18.9258 0.19 1.08167 0.0942548 1
18.9765 0.19 1.08167 0.0942548 1
19.0272 0.19 1.08167 0.0942548 1
19.0779 0.19 1.08167 0.0942548 1
19.1286 0.19 1.08167 0.0942548 1
19.1793 0.19 1.08167 0.0942548 1
19.23 0.19 1.08167 0.0942548 1
19.2807 0.19 1.08167 0.0942548 1
19.3315 0.19 1.08167 0.0942548 1
19.3822 0.19 1.08167 0.0942548 1
19.3872 0.145865 1.0131 0.0712796 0
19.4329 0.19 1.08167 0.0942548 1
19.4836 0.19 1.08167 0.0942548 1
19.5343 0.19 1.08167 0.0942548 1
19.585 0.19 1.08167 0.0942548 1
19.6357 0.19 1.08167 0.0942548 1
19.6864 0.19 1.08167 0.0942548 1
19.7372 0.19 1.08167 0.0942548 1
19.7879 0.19 1.08167 0.0942548 1
19.8386 0.19 1.08167 0.0942548 1
19.8486 0.150784 0.957242 0.0737926 0
19.8893 0.19 1.08167 0.0942548 1
19.94 0.19 1.08167 0.0942548 1
19.9907 0.19 1.08167 0.0942548 1
20.0414 0.19 1.08167 0.0942548 1
20.0921 0.19 1.08167 0.0942548 1
20.1429 0.19 1.08167 0.0942548 1
20.1936 0.19 1.08167 0.0942548 1
20.2443 0.19 1.08167 0.0942548 1
20.295 0.19 1.08167 0.0942548 1
20.31 0.155469 0.920386 0.0763056 0
20.3457 0.19 1.08167 0.0942548 1
20.3964 0.19 1.08167 0.0942548 1
20.4471 0.19 1.08167 0.0942548 1
20.4978 0.19 1.08167 0.0942548 1
20.5486 0.19 1.08167 0.0942548 1
20.5993 0.19 1.08167 0.0942548 1
20.65 0.19 1.08167 0.0942548 1
20.7007 0.19 1.08167 0.0942548 1
20.7514 0.19 1.08167 0.0942548 1
20.7714 0.160023 0.904938 0.0788186 0
20.8021 0.19 1.08167 0.0942548 1
20.8528 0.19 1.08167 0.0942548 1
20.9035 0.19 1.08167 0.0942548 1
20.9543 0.19 1.08167 0.0942548 1
21.005 0.19 1.08167 0.0942548 1
21.0557 0.19 1.08167 0.0942548 1
21.1064 0.19 1.08167 0.0942548 1
21.1571 0.19 1.08167 0.0942548 1
21.2078 0.19 1.08167 0.0942548 1
21.2328 0.164553 0.909881 0.0813316 0
21.2585 0.19 1.08167 0.0942548 1
21.3093 0.19 1.08167 0.0942548 1
21.36 0.19 1.08167 0.0942548 1
21.4107 0.19 1.08167 0.0942548 1
21.4614 0.19 1.08167 0.0942548 1
21.5121 0.19 1.08167 0.0942548 1
21.5628 0.19 1.08167 0.0942548 1
21.6135 0.19 1.08167 0.0942548 1
21.6642 0.19 1.08167 0.0942548 1
21.6942 0.16915 0.931606 0.0838446 0
21.715 0.19 1.08167 0.0942548 1
21.7657 0.19 1.08167 0.0942548 1
21.8164 0.19 1.08167 0.0942548 1
21.8671 0.19 1.08167 0.0942548 1
21.9178 0.19 1.08167 0.0942548 1
21.9685 0.19 1.08167 0.0942548 1
22.0192 0.19 1.08167 0.0942548 1
22.0699 0.19 1.08167 0.0942548 1
22.1207 0.19 1.08167 0.0942548 1
22.1557 0.173888 0.964896 0.0863576 0
22.1714 0.19 1.08167 0.0942548 1
22.2221 0.19 1.08167 0.0942548 1
22.2728 0.19 1.08167 0.0942548 1
22.3235 0.19 1.08167 0.0942548 1
22.3742 0.19 1.08167 0.0942548 1
22.4249 0.19 1.08167 0.0942548 1
22.4756 0.19 1.08167 0.0942548 1
22.5264 0.19 1.08167 0.0942548 1
22.5771 0.19 1.08167 0.0942548 1
22.6171 0.178809 1.0039 0.0888706 0
22.6278 0.19 1.08167 0.0942548 1
22.6785 0.19 1.08167 0.0942548 1
22.7292 0.19 1.08167 0.0942548 1
22.7799 0.19 1.08167 0.0942548 1
22.8306 0.19 1.08167 0.0942548 1
22.8813 0.19 1.08167 0.0942548 1
22.9321 0.19 1.08167 0.0942548 1
22.9828 0.19 1.08167 0.0942548 1
23.0335 0.19 1.08167 0.0942548 1
23.0785 0.183927 1.04298 0.0913836 0
23.0842 0.19 1.08167 0.0942548 1
23.1349 0.19 1.08167 0.0942548 1
23.1856 0.19 1.08167 0.0942548 1
23.2363 0.19 1.08167 0.0942548 1
23.287 0.19 1.08167 0.0942548 1
23.3378 0.19 1.08167 0.0942548 1
23.3885 0.19 1.08167 0.0942548 1
23.4392 0.19 1.08167 0.0942548 1
23.4899 0.19 1.08167 0.0942548 1
23.5399 0.189231 1.07737 0.0938966 0
23.5406 0.19 1.08167 0.0942548 1
23.5913 0.19 1.08167 0.0942548 1
23.642 0.19 1.08167 0.0942548 1
23.6927 0.19 1.08167 0.0942548 1
23.7435 0.19 1.08167 0.0942548 1
23.7942 0.19 1.08167 0.0942548 1
23.8449 0.19 1.08167 0.0942548 1
23.8956 0.19 1.08167 0.0942548 1
23.9463 0.19 1.08167 0.0942548 1
24.0013 0.194687 1.10358 0.0964096 0
23.997 0.19 1.08167 0.0942548 1
24.0477 0.19 1.08167 0.0942548 1
24.0984 0.19 1.08167 0.0942548 1
24.1492 0.19 1.08167 0.0942548 1
24.1999 0.19 1.08167 0.0942548 1
24.2506 0.19 1.08167 0.0942548 1
24.3013 0.19 1.08167 0.0942548 1
24.352 0.19 1.08167 0.0942548 1
24.4027 0.19 1.08167 0.0942548 1
24.4534 0.19 1.08167 0.0942548 1
24.4584 0.145865 1.0131 0.0712796 0
24.5041 0.19 1.08167 0.0942548 1
24.5549 0.19 1.08167 0.0942548 1
24.6056 0.19 1.08167 0.0942548 1
24.6563 0.19 1.08167 0.0942548 1
24.707 0.19 1.08167 0.0942548 1
24.7577 0.19 1.08167 0.0942548 1
24.8084 0.19 1.08167 0.0942548 1
24.8591 0.19 1.08167 0.0942548 1
24.9099 0.19 1.08167 0.0942548 1
24.9199 0.150784 0.957242 0.0737926 0
24.9606 0.19 1.08167 0.0942548 1
25.0113 0.19 1.08167 0.0942548 1
25.062 0.19 1.08167 0.0942548 1
25.1127 0.19 1.08167 0.0942548 1
25.1634 0.19 1.08167 0.0942548 1
25.2141 0.19 1.08167 0.0942548 1
25.2648 0.19 1.08167 0.0942548 1
25.3156 0.19 1.08167 0.0942548 1
25.3663 0.19 1.08167 0.0942548 1
25.3813 0.155469 0.920386 0.0763056 0
25.417 0.19 1.08167 0.0942548 1
25.4677 0.19 1.08167 0.0942548 1
25.5184 0.19 1.08167 0.0942548 1
25.5691 0.19 1.08167 0.0942548 1
25.6198 0.19 1.08167 0.0942548 1
25.6705 0.19 1.08167 0.0942548 1
25.7213 0.19 1.08167 0.0942548 1
25.772 0.19 1.08167 0.0942548 1
25.8227 0.19 1.08167 0.0942548 1
25.8427 0.160023 0.904938 0.0788186 0
25.8734 0.19 1.08167 0.0942548 1
25.9241 0.19 1.08167 0.0942548 1
25.9748 0.19 1.08167 0.0942548 1
26.0255 0.19 1.08167 0.0942548 1
26.0762 0.19 1.08167 0.0942548 1
26.127 0.19 1.08167 0.0942548 1
26.1777 0.19 1.08167 0.0942548 1
26.2284 0.19 1.08167 0.0942548 1
26.2791 0.19 1.08167 0.0942548 1
26.3041 0.164553 0.909881 0.0813316 0
26.3298 0.19 1.08167 0.0942548 1
26.3805 0.19 1.08167 0.0942548 1
26.4312 0.19 1.08167 0.0942548 1
26.4819 0.19 1.08167 0.0942548 1
26.5327 0.19 1.08167 0.0942548 1
26.5834 0.19 1.08167 0.0942548 1
26.6341 0.19 1.08167 0.0942548 1
26.6848 0.19 1.08167 0.0942548 1
26.7355 0.19 1.08167 0.0942548 1
26.7655 0.16915 0.931606 0.0838446 0
26.7862 0.19 1.08167 0.0942548 1
26.8369 0.19 1.08167 0.0942548 1
26.8876 0.19 1.08167 0.0942548 1
26.9384 0.19 1.08167 0.0942548 1
26.9891 0.19 1.08167 0.0942548 1
27.0398 0.19 1.08167 0.0942548 1
27.0905 0.19 1.08167 0.0942548 1
27.1412 0.19 1.08167 0.0942548 1
27.1919 0.19 1.08167 0.0942548 1
27.2269 0.173888 0.964896 0.0863576 0
27.2426 0.19 1.08167 0.0942548 1
27.2933 0.19 1.08167 0.0942548 1
27.3441 0.19 1.08167 0.0942548 1
27.3948 0.19 1.08167 0.0942548 1
27.4455 0.19 1.08167 0.0942548 1
27.4962 0.19 1.08167 0.0942548 1
27.5469 0.19 1.08167 0.0942548 1
27.5976 0.19 1.08167 0.0942548 1
27.6483 0.19 1.08167 0.0942548 1
27.6883 0.178809 1.0039 0.0888706 0
27.699 0.19 1.08167 0.0942548 1
27.7498 0.19 1.08167 0.0942548 1
27.8005 0.19 1.08167 0.0942548 1
27.8512 0.19 1.08167 0.0942548 1
27.9019 0.19 1.08167 0.0942548 1
27.9526 0.19 1.08167 0.0942548 1
28.0033 0.19 1.08167 0.0942548 1
28.054 0.19 1.08167 0.0942548 1
28.1047 0.19 1.08167 0.0942548 1
28.1497 0.183927 1.04298 0.0913836 0
28.1555 0.19 1.08167 0.0942548 1
28.2062 0.19 1.08167 0.0942548 1
28.2569 0.19 1.08167 0.0942548 1
28.3076 0.19 1.08167 0.0942548 1
28.3583 0.19 1.08167 0.0942548 1
28.409 0.19 1.08167 0.0942548 1
28.4597 0.19 1.08167 0.0942548 1
28.5104 0.19 1.08167 0.0942548 1
28.5612 0.19 1.08167 0.0942548 1
28.6112 0.189231 1.07737 0.0938966 0
28.6119 0.19 1.08167 0.0942548 1
28.6626 0.19 1.08167 0.0942548 1
28.7133 0.19 1.08167 0.0942548 1
28.764 0.19 1.08167 0.0942548 1
28.8147 0.19 1.08167 0.0942548 1
28.8654 0.19 1.08167 0.0942548 1
28.9162 0.19 1.08167 0.0942548 1
28.9669 0.19 1.08167 0.0942548 1
29.0176 0.19 1.08167 0.0942548 1
29.0726 0.194687 1.10358 0.0964096 0
29.0683 0.19 1.08167 0.0942548 1
29.119 0.19 1.08167 0.0942548 1
29.1697 0.19 1.08167 0.0942548 1
29.2204 0.19 1.08167 0.0942548 1
29.2711 0.19 1.08167 0.0942548 1
29.3219 0.19 1.08167 0.0942548 1
29.3726 0.19 1.08167 0.0942548 1
29.4233 0.19 1.08167 0.0942548 1
29.474 0.19 1.08167 0.0942548 1
29.5247 0.19 1.08167 0.0942548 1
29.5297 0.145865 1.0131 0.0712796 0
29.5754 0.19 1.08167 0.0942548 1
29.6261 0.19 1.08167 0.0942548 1
29.6768 0.19 1.08167 0.0942548 1
29.7276 0.19 1.08167 0.0942548 1
29.7783 0.19 1.08167 0.0942548 1
29.829 0.19 1.08167 0.0942548 1
29.8797 0.19 1.08167 0.0942548 1
29.9304 0.19 1.08167 0.0942548 1
29.9811 0.19 1.08167 0.0942548 1
29.9911 0.150784 0.957242 0.0737926 0
30.0318 0.19 1.08167 0.0942548 1
30.0825 0.19 1.08167 0.0942548 1
30.1333 0.19 1.08167 0.0942548 1
30.184 0.19 1.08167 0.0942548 1
30.2347 0.19 1.08167 0.0942548 1
30.2854 0.19 1.08167 0.0942548 1
30.3361 0.19 1.08167 0.0942548 1
30.3868 0.19 1.08167 0.0942548 1
30.4375 0.19 1.08167 0.0942548 1
30.4525 0.155469 0.920386 0.0763056 0
30.4882 0.19 1.08167 0.0942548 1
30.539 0.19 1.08167 0.0942548 1
30.5897 0.19 1.08167 0.0942548 1
30.6404 0.19 1.08167 0.0942548 1
30.6911 0.19 1.08167 0.0942548 1
30.7418 0.19 1.08167 0.0942548 1
30.7925 0.19 1.08167 0.0942548 1
30.8432 0.19 1.08167 0.0942548 1
30.8939 0.19 1.08167 0.0942548 1
30.9139 0.160023 0.904938 0.0788186 0
30.9447 0.19 1.08167 0.0942548 1
30.9954 0.19 1.08167 0.0942548 1
31.0461 0.19 1.08167 0.0942548 1
31.0968 0.19 1.08167 0.0942548 1
31.1475 0.19 1.08167 0.0942548 1
31.1982 0.19 1.08167 0.0942548 1
31.2489 0.19 1.08167 0.0942548 1
31.2996 0.19 1.08167 0.0942548 1
31.3504 0.19 1.08167 0.0942548 1
31.3754 0.164553 0.909881 0.0813316 0
31.4011 0.19 1.08167 0.0942548 1
31.4518 0.19 1.08167 0.0942548 1
31.5025 0.19 1.08167 0.0942548 1
31.5532 0.19 1.08167 0.0942548 1
31.6039 0.19 1.08167 0.0942548 1
31.6546 0.19 1.08167 0.0942548 1
31.7053 0.19 1.08167 0.0942548 1
31.7561 0.19 1.08167 0.0942548 1
31.8068 0.19 1.08167 0.0942548 1
31.8368 0.16915 0.931606 0.0838446 0
31.8575 0.19 1.08167 0.0942548 1
31.9082 0.19 1.08167 0.0942548 1
31.9589 0.19 1.08167 0.0942548 1
32.0096 0.19 1.08167 0.0942548 1
32.0603 0.19 1.08167 0.0942548 1
32.111 0.19 1.08167 0.0942548 1
32.1618 0.19 1.08167 0.0942548 1
32.2125 0.19 1.08167 0.0942548 1
32.2632 0.19 1.08167 0.0942548 1
32.2982 0.173888 0.964896 0.0863576 0
32.3139 0.19 1.08167 0.0942548 1
32.3646 0.19 1.08167 0.0942548 1
32.4153 0.19 1.08167 0.0942548 1
32.466 0.19 1.08167 0.0942548 1
32.5168 0.19 1.08167 0.0942548 1
32.5675 0.19 1.08167 0.0942548 1
32.6182 0.19 1.08167 0.0942548 1
32.6689 0.19 1.08167 0.0942548 1
32.7196 0.19 1.08167 0.0942548 1
32.7596 0.178809 1.0039 0.0888706 0
32.7703 0.19 1.08167 0.0942548 1
32.821 0.19 1.08167 0.0942548 1
32.8717 0.19 1.08167 0.0942548 1
32.9225 0.19 1.08167 0.0942548 1
32.9732 0.19 1.08167 0.0942548 1
33.0239 0.19 1.08167 0.0942548 1
33.0746 0.19 1.08167 0.0942548 1
33.1253 0.19 1.08167 0.0942548 1
33.176 0.19 1.08167 0.0942548 1
33.221 0.183927 1.04298 0.0913836 0
33.2267 0.19 1.08167 0.0942548 1
33.2774 0.19 1.08167 0.0942548 1
33.3282 0.19 1.08167 0.0942548 1
33.3789 0.19 1.08167 0.0942548 1
33.4296 0.19 1.08167 0.0942548 1
33.4803 0.19 1.08167 0.0942548 1
33.531 0.19 1.08167 0.0942548 1
33.5817 0.19 1.08167 0.0942548 1
33.6324 0.19 1.08167 0.0942548 1
33.6824 0.189231 1.07737 0.0938966 0
33.6831 0.19 1.08167 0.0942548 1
33.7339 0.19 1.08167 0.0942548 1
33.7846 0.19 1.08167 0.0942548 1
33.8353 0.19 1.08167 0.0942548 1
33.886 0.19 1.08167 0.0942548 1
33.9367 0.19 1.08167 0.0942548 1
33.9874 0.19 1.08167 0.0942548 1
34.0381 0.19 1.08167 0.0942548 1
34.0888 0.19 1.08167 0.0942548 1
34.1438 0.194687 1.10358 0.0964096 0
34.1396 0.19 1.08167 0.0942548 1
34.1903 0.19 1.08167 0.0942548 1
34.241 0.19 1.08167 0.0942548 1
34.2917 0.19 1.08167 0.0942548 1
34.3424 0.19 1.08167 0.0942548 1
34.3931 0.19 1.08167 0.0942548 1
34.4438 0.19 1.08167 0.0942548 1
34.4945 0.19 1.08167 0.0942548 1
34.5453 0.19 1.08167 0.0942548 1
34.596 0.19 1.08167 0.0942548 1
34.601 0.145865 1.0131 0.0712796 0
34.6467 0.19 1.08167 0.0942548 1
34.6974 0.19 1.08167 0.0942548 1
34.7481 0.19 1.08167 0.0942548 1
34.7988 0.19 1.08167 0.0942548 1
34.8495 0.19 1.08167 0.0942548 1
34.9002 0.19 1.08167 0.0942548 1
34.951 0.19 1.08167 0.0942548 1
35.0017 0.19 1.08167 0.0942548 1
35.0524 0.19 1.08167 0.0942548 1
35.0624 0.150784 0.957242 0.0737926 0
35.1031 0.19 1.08167 0.0942548 1
35.1538 0.19 1.08167 0.0942548 1
35.2045 0.19 1.08167 0.0942548 1
35.2552 0.19 1.08167 0.0942548 1
35.3059 0.19 1.08167 0.0942548 1
35.3567 0.19 1.08167 0.0942548 1
35.4074 0.19 1.08167 0.0942548 1
35.4581 0.19 1.08167 0.0942548 1
35.5088 0.19 1.08167 0.0942548 1
35.5238 0.155469 0.920386 0.0763056 0
35.5595 0.19 1.08167 0.0942548 1
35.6102 0.19 1.08167 0.0942548 1
35.6609 0.19 1.08167 0.0942548 1
35.7116 0.19 1.08167 0.0942548 1
35.7624 0.19 1.08167 0.0942548 1
35.8131 0.19 1.08167 0.0942548 1
35.8638 0.19 1.08167 0.0942548 1
35.9145 0.19 1.08167 0.0942548 1
35.9652 0.19 1.08167 0.0942548 1
35.9852 0.160023 0.904938 0.0788186 0
36.0159 0.19 1.08167 0.0942548 1
36.0666 0.19 1.08167 0.0942548 1
36.1173 0.19 1.08167 0.0942548 1
36.1681 0.19 1.08167 0.0942548 1
36.2188 0.19 1.08167 0.0942548 1
36.2695 0.19 1.08167 0.0942548 1
36.3202 0.19 1.08167 0.0942548 1
36.3709 0.19 1.08167 0.0942548 1
36.4216 0.19 1.08167 0.0942548 1
36.4466 0.164553 0.909881 0.0813316 0
36.4723 0.19 1.08167 0.0942548 1
36.5231 0.19 1.08167 0.0942548 1
36.5738 0.19 1.08167 0.0942548 1
36.6245 0.19 1.08167 0.0942548 1
36.6752 0.19 1.08167 0.0942548 1
36.7259 0.19 1.08167 0.0942548 1
36.7766 0.19 1.08167 0.0942548 1
36.8273 0.19 1.08167 0.0942548 1
36.878 0.19 1.08167 0.0942548 1
36.908 0.16915 0.931606 0.0838446 0
36.9288 0.19 1.08167 0.0942548 1
36.9795 0.19 1.08167 0.0942548 1
37.0302 0.19 1.08167 0.0942548 1
37.0809 0.19 1.08167 0.0942548 1
37.1316 0.19 1.08167 0.0942548 1
37.1823 0.19 1.08167 0.0942548 1
37.233 0.19 1.08167 0.0942548 1
37.2837 0.19 1.08167 0.0942548 1
37.3345 0.19 1.08167 0.0942548 1
37.3695 0.173888 0.964896 0.0863576 0
37.3852 0.19 1.08167 0.0942548 1
37.4359 0.19 1.08167 0.0942548 1
37.4866 0.19 1.08167 0.0942548 1
37.5373 0.19 1.08167 0.0942548 1
37.588 0.19 1.08167 0.0942548 1
37.6387 0.19 1.08167 0.0942548 1
37.6894 0.19 1.08167 0.0942548 1
37.7402 0.19 1.08167 0.0942548 1
37.7909 0.19 1.08167 0.0942548 1
37.8309 0.178809 1.0039 0.0888706 0
37.8416 0.19 1.08167 0.0942548 1
37.8923 0.19 1.08167 0.0942548 1
37.943 0.19 1.08167 0.0942548 1
37.9937 0.19 1.08167 0.0942548 1
38.0444 0.19 1.08167 0.0942548 1
38.0951 0.19 1.08167 0.0942548 1
38.1459 0.19 1.08167 0.0942548 1
38.1966 0.19 1.08167 0.0942548 1
38.2473 0.19 1.08167 0.0942548 1
38.2923 0.183927 1.04298 0.0913836 0
38.298 0.19 1.08167 0.0942548 1
38.3487 0.19 1.08167 0.0942548 1
38.3994 0.19 1.08167 0.0942548 1
38.4501 0.19 1.08167 0.0942548 1
38.5008 0.19 1.08167 0.0942548 1
38.5516 0.19 1.08167 0.0942548 1
38.6023 0.19 1.08167 0.0942548 1
38.653 0.19 1.08167 0.0942548 1
38.7037 0.19 1.08167 0.0942548 1
38.7537 0.189231 1.07737 0.0938966 0
38.7544 0.19 1.08167 0.0942548 1
38.8051 0.19 1.08167 0.0942548 1
38.8558 0.19 1.08167 0.0942548 1
38.9065 0.19 1.08167 0.0942548 1
38.9573 0.19 1.08167 0.0942548 1
39.008 0.19 1.08167 0.0942548 1
39.0587 0.19 1.08167 0.0942548 1
39.1094 0.19 1.08167 0.0942548 1
39.1601 0.19 1.08167 0.0942548 1
39.2151 0.194687 1.10358 0.0964096 0
39.2108 0.19 1.08167 0.0942548 1
39.2615 0.19 1.08167 0.0942548 1
39.3122 0.19 1.08167 0.0942548 1
39.363 0.19 1.08167 0.0942548 1
39.4137 0.19 1.08167 0.0942548 1
39.4644 0.19 1.08167 0.0942548 1
39.5151 0.19 1.08167 0.0942548 1
39.5658 0.19 1.08167 0.0942548 1
39.6165 0.19 1.08167 0.0942548 1
39.6672 0.19 1.08167 0.0942548 1
39.6722 0.145865 1.0131 0.0712796 0
39.7179 0.19 1.08167 0.0942548 1
39.7687 0.19 1.08167 0.0942548 1
39.8194 0.19 1.08167 0.0942548 1
39.8701 0.19 1.08167 0.0942548 1
39.9208 0.19 1.08167 0.0942548 1
39.9715 0.19 1.08167 0.0942548 1
40.0222 0.19 1.08167 0.0942548 1
40.0729 0.19 1.08167 0.0942548 1
40.1237 0.19 1.08167 0.0942548 1
40.1337 0.150784 0.957242 0.0737926 0
40.1744 0.19 1.08167 0.0942548 1
40.2251 0.19 1.08167 0.0942548 1
40.2758 0.19 1.08167 0.0942548 1
40.3265 0.19 1.08167 0.0942548 1
40.3772 0.19 1.08167 0.0942548 1
40.4279 0.19 1.08167 0.0942548 1
40.4786 0.19 1.08167 0.0942548 1
40.5294 0.19 1.08167 0.0942548 1
40.5801 0.19 1.08167 0.0942548 1
40.5951 0.155469 0.920386 0.0763056 0
40.6308 0.19 1.08167 0.0942548 1
40.6815 0.19 1.08167 0.0942548 1
40.7322 0.19 1.08167 0.0942548 1
40.7829 0.19 1.08167 0.0942548 1
40.8336 0.19 1.08167 0.0942548 1
40.8843 0.19 1.08167 0.0942548 1
40.9351 0.19 1.08167 0.0942548 1
40.9858 0.19 1.08167 0.0942548 1
41.0365 0.19 1.08167 0.0942548 1
41.0565 0.160023 0.904938 0.0788186 0
41.0872 0.19 1.08167 0.0942548 1
41.1379 0.19 1.08167 0.0942548 1
41.1886 0.19 1.08167 0.0942548 1
41.2393 0.19 1.08167 0.0942548 1
41.29 0.19 1.08167 0.0942548 1
41.3408 0.19 1.08167 0.0942548 1
41.3915 0.19 1.08167 0.0942548 1
41.4422 0.19 1.08167 0.0942548 1
41.4929 0.19 1.08167 0.0942548 1
41.5179 0.164553 0.909881 0.0813316 0
41.5436 0.19 1.08167 0.0942548 1
41.5943 0.19 1.08167 0.0942548 1
41.645 0.19 1.08167 0.0942548 1
41.6957 0.19 1.08167 0.0942548 1
41.7465 0.19 1.08167 0.0942548 1
41.7972 0.19 1.08167 0.0942548 1
41.8479 0.19 1.08167 0.0942548 1
41.8986 0.19 1.08167 0.0942548 1
41.9493 0.19 1.08167 0.0942548 1
41.9793 0.16915 0.931606 0.0838446 0
42 0.19 1.08167 0.0942548 1
42.0507 0.19 1.08167 0.0942548 1
42.1014 0.19 1.08167 0.0942548 1
42.1522 0.19 1.08167 0.0942548 1
42.2029 0.19 1.08167 0.0942548 1
42.2536 0.19 1.08167 0.0942548 1
42.3043 0.19 1.08167 0.0942548 1
42.355 0.19 1.08167 0.0942548 1
42.4057 0.19 1.08167 0.0942548 1
42.4407 0.173888 0.964896 0.0863576 0
42.4564 0.19 1.08167 0.0942548 1
42.5071 0.19 1.08167 0.0942548 1
42.5579 0.19 1.08167 0.0942548 1
42.6086 0.19 1.08167 0.0942548 1
42.6593 0.19 1.08167 0.0942548 1
42.71 0.19 1.08167 0.0942548 1
42.7607 0.19 1.08167 0.0942548 1
42.8114 0.19 1.08167 0.0942548 1
42.8621 0.19 1.08167 0.0942548 1
42.9021 0.178809 1.0039 0.0888706 0
42.9128 0.19 1.08167 0.0942548 1
42.9636 0.19 1.08167 0.0942548 1
43.0143 0.19 1.08167 0.0942548 1
43.065 0.19 1.08167 0.0942548 1
43.1157 0.19 1.08167 0.0942548 1
43.1664 0.19 1.08167 0.0942548 1
43.2171 0.19 1.08167 0.0942548 1
43.2678 0.19 1.08167 0.0942548 1
43.3185 0.19 1.08167 0.0942548 1
43.3635 0.183927 1.04298 0.0913836 0
43.3693 0.19 1.08167 0.0942548 1
43.42 0.19 1.08167 0.0942548 1
43.4707 0.19 1.08167 0.0942548 1
43.5214 0.19 1.08167 0.0942548 1
43.5721 0.19 1.08167 0.0942548 1
43.6228 0.19 1.08167 0.0942548 1
43.6735 0.19 1.08167 0.0942548 1
43.7242 0.19 1.08167 0.0942548 1
43.775 0.19 1.08167 0.0942548 1
43.825 0.189231 1.07737 0.0938966 0
43.8257 0.19 1.08167 0.0942548 1
43.8764 0.19 1.08167 0.0942548 1
43.9271 0.19 1.08167 0.0942548 1
43.9778 0.19 1.08167 0.0942548 1
44.0285 0.19 1.08167 0.0942548 1
44.0792 0.19 1.08167 0.0942548 1
44.13 0.19 1.08167 0.0942548 1
44.1807 0.19 1.08167 0.0942548 1
44.2314 0.19 1.08167 0.0942548 1
44.2864 0.194687 1.10358 0.0964096 0
44.2821 0.19 1.08167 0.0942548 1
44.3328 0.19 1.08167 0.0942548 1
44.3835 0.19 1.08167 0.0942548 1
44.4342 0.19 1.08167 0.0942548 1
44.4849 0.19 1.08167 0.0942548 1
44.5357 0.19 1.08167 0.0942548 1
44.5864 0.19 1.08167 0.0942548 1
44.6371 0.19 1.08167 0.0942548 1
44.6878 0.19 1.08167 0.0942548 1
44.7385 0.19 1.08167 0.0942548 1
44.7435 0.145865 1.0131 0.0712796 0
44.7892 0.19 1.08167 0.0942548 1
44.8399 0.19 1.08167 0.0942548 1
44.8906 0.19 1.08167 0.0942548 1
44.9414 0.19 1.08167 0.0942548 1
44.9921 0.19 1.08167 0.0942548 1
45.0428 0.19 1.08167 0.0942548 1
45.0935 0.19 1.08167 0.0942548 1
45.1442 0.19 1.08167 0.0942548 1
45.1949 0.19 1.08167 0.0942548 1
45.2049 0.150784 0.957242 0.0737926 0
45.2456 0.19 1.08167 0.0942548 1
45.2963 0.19 1.08167 0.0942548 1
45.3471 0.19 1.08167 0.0942548 1
45.3978 0.19 1.08167 0.0942548 1
45.4485 0.19 1.08167 0.0942548 1
45.4992 0.19 1.08167 0.0942548 1
45.5499 0.19 1.08167 0.0942548 1
45.6006 0.19 1.08167 0.0942548 1
45.6513 0.19 1.08167 0.0942548 1
45.6663 0.155469 0.920386 0.0763056 0
45.702 0.19 1.08167 0.0942548 1
45.7528 0.19 1.08167 0.0942548 1
45.8035 0.19 1.08167 0.0942548 1
45.8542 0.19 1.08167 0.0942548 1
45.9049 0.19 1.08167 0.0942548 1
45.9556 0.19 1.08167 0.0942548 1
46.0063 0.19 1.08167 0.0942548 1
46.057 0.19 1.08167 0.0942548 1
46.1077 0.19 1.08167 0.0942548 1
46.1277 0.160023 0.904938 0.0788186 0
46.1585 0.19 1.08167 0.0942548 1
46.2092 0.19 1.08167 0.0942548 1
46.2599 0.19 1.08167 0.0942548 1
46.3106 0.19 1.08167 0.0942548 1
46.3613 0.19 1.08167 0.0942548 1
46.412 0.19 1.08167 0.0942548 1
46.4627 0.19 1.08167 0.0942548 1
46.5134 0.19 1.08167 0.0942548 1
46.5642 0.19 1.08167 0.0942548 1
46.5892 0.164553 0.909881 0.0813316 0
46.6149 0.19 1.08167 0.0942548 1
46.6656 0.19 1.08167 0.0942548 1
46.7163 0.19 1.08167 0.0942548 1
46.767 0.19 1.08167 0.0942548 1
46.8177 0.19 1.08167 0.0942548 1
46.8684 0.19 1.08167 0.0942548 1
46.9191 0.19 1.08167 0.0942548 1
46.9699 0.19 1.08167 0.0942548 1
47.0206 0.19 1.08167 0.0942548 1
47.0506 0.16915 0.931606 0.0838446 0
47.0713 0.19 1.08167 0.0942548 1
47.122 0.19 1.08167 0.0942548 1
47.1727 0.19 1.08167 0.0942548 1
47.2234 0.19 1.08167 0.0942548 1
47.2741 0.19 1.08167 0.0942548 1
47.3248 0.19 1.08167 0.0942548 1
47.3756 0.19 1.08167 0.0942548 1
47.4263 0.19 1.08167 0.0942548 1
47.477 0.19 1.08167 0.0942548 1
47.512 0.173888 0.964896 0.0863576 0
47.5277 0.19 1.08167 0.0942548 1
47.5784 0.19 1.08167 0.0942548 1
47.6291 0.19 1.08167 0.0942548 1
47.6798 0.19 1.08167 0.0942548 1
47.7305 0.19 1.08167 0.0942548 1
47.7813 0.19 1.08167 0.0942548 1
47.832 0.19 1.08167 0.0942548 1
47.8827 0.19 1.08167 0.0942548 1
47.9334 0.19 1.08167 0.0942548 1
47.9734 0.178809 1.0039 0.0888706 0
47.9841 0.19 1.08167 0.0942548 1
48.0348 0.19 1.08167 0.0942548 1
48.0855 0.19 1.08167 0.0942548 1
48.1363 0.19 1.08167 0.0942548 1
48.187 0.19 1.08167 0.0942548 1
48.2377 0.19 1.08167 0.0942548 1
48.2884 0.19 1.08167 0.0942548 1
48.3391 0.19 1.08167 0.0942548 1
48.3898 0.19 1.08167 0.0942548 1
48.4348 0.183927 1.04298 0.0913836 0
48.4405 0.19 1.08167 0.0942548 1
48.4912 0.19 1.08167 0.0942548 1
48.542 0.19 1.08167 0.0942548 1
48.5927 0.19 1.08167 0.0942548 1
48.6434 0.19 1.08167 0.0942548 1
48.6941 0.19 1.08167 0.0942548 1
48.7448 0.19 1.08167 0.0942548 1
48.7955 0.19 1.08167 0.0942548 1
48.8462 0.19 1.08167 0.0942548 1
48.8962 0.189231 1.07737 0.0938966 0
48.8969 0.19 1.08167 0.0942548 1
48.9477 0.19 1.08167 0.0942548 1
48.9984 0.19 1.08167 0.0942548 1
49.0491 0.19 1.08167 0.0942548 1
49.0998 0.19 1.08167 0.0942548 1
49.1505 0.19 1.08167 0.0942548 1
49.2012 0.19 1.08167 0.0942548 1
49.2519 0.19 1.08167 0.0942548 1
49.3026 0.19 1.08167 0.0942548 1
49.3576 0.194687 1.10358 0.0964096 0
49.3534 0.19 1.08167 0.0942548 1
49.4041 0.19 1.08167 0.0942548 1
49.4548 0.19 1.08167 0.0942548 1
49.5055 0.19 1.08167 0.0942548 1
49.5562 0.19 1.08167 0.0942548 1
49.6069 0.19 1.08167 0.0942548 1
49.6576 0.19 1.08167 0.0942548 1
49.7083 0.19 1.08167 0.0942548 1
49.7591 0.19 1.08167 0.0942548 1
49.8098 0.19 1.08167 0.0942548 1
49.8148 0.145865 1.0131 0.0712796 0
49.8605 0.19 1.08167 0.0942548 1
49.9112 0.19 1.08167 0.0942548 1
49.9619 0.19 1.08167 0.0942548 1
0.5026 0.5026 0.5026 0.5026 0.5026
