t x v M dripped?
0 0 0 0.01 0
0.166561 0.19 0.948837 0.0935805 1
0.213536 0.19 1.16948 0.0949544 1
0.266864 0.19 0.984796 0.0939524 1
0.314357 0.19 1.13761 0.0946532 1
0.366795 0.19 1.0237 0.0940475 1
0.415619 0.19 1.11822 0.0944783 1
0.467542 0.19 1.04619 0.094121 1
0.482542 0.156907 0.870776 0.0770308 0
0.517123 0.19 1.10442 0.0943836 1
0.568629 0.19 1.05977 0.0941696 1
0.61867 0.19 1.09537 0.0943305 1
0.66989 0.19 1.06791 0.0942013 1
0.720206 0.19 1.08962 0.0942999 1
0.77124 0.19 1.07279 0.0942215 1
0.821719 0.19 1.08603 0.0942819 1
0.872637 0.19 1.07574 0.0942342 1
0.923215 0.19 1.08381 0.0942711 1
0.948215 0.164486 0.910292 0.0812731 0
0.97406 0.19 1.07752 0.0942421 1
1.0247 0.19 1.08245 0.0942647 1
1.0755 0.19 1.07861 0.094247 1
1.12617 0.19 1.08161 0.0942608 1
1.17694 0.19 1.07927 0.09425 1
1.22764 0.19 1.0811 0.0942584 1
1.27839 0.19 1.07967 0.0942518 1
1.3291 0.19 1.08079 0.0942569 1
1.37985 0.19 1.07992 0.0942529 1
1.40985 0.169181 0.929233 0.0838606 0
1.43056 0.19 1.0806 0.094256 1
1.4813 0.19 1.08007 0.0942536 1
1.53202 0.19 1.08048 0.0942555 1
1.58276 0.19 1.08016 0.094254 1
1.63348 0.19 1.08041 0.0942552 1
1.68421 0.19 1.08021 0.0942543 1
1.73494 0.19 1.08037 0.094255 1
1.78567 0.19 1.08025 0.0942544 1
1.8364 0.19 1.08034 0.0942549 1
1.8714 0.173897 0.962785 0.086361 0
1.88713 0.19 1.08027 0.0942545 1
1.93786 0.19 1.08033 0.0942548 1
1.98859 0.19 1.08028 0.0942546 1
2.03932 0.19 1.08032 0.0942547 1
2.09005 0.19 1.08029 0.0942546 1
2.14077 0.19 1.08031 0.0942547 1
2.1915 0.19 1.08029 0.0942546 1
2.24223 0.19 1.08031 0.0942547 1
2.29296 0.19 1.0803 0.0942546 1
2.33296 0.178809 1.002 0.0888709 0
2.34369 0.19 1.0803 0.0942547 1
2.39442 0.19 1.0803 0.0942547 1
2.44515 0.19 1.0803 0.0942547 1
2.49588 0.19 1.0803 0.0942547 1
2.54661 0.19 1.0803 0.0942547 1
2.59734 0.19 1.0803 0.0942547 1
2.64807 0.19 1.0803 0.0942547 1
2.69879 0.19 1.0803 0.0942547 1
2.74952 0.19 1.0803 0.0942547 1
2.79452 0.183918 1.04129 0.0913798 0
2.80025 0.19 1.0803 0.0942547 1
2.85098 0.19 1.0803 0.0942547 1
2.90171 0.19 1.0803 0.0942547 1
2.95244 0.19 1.0803 0.0942547 1
3.00317 0.19 1.0803 0.0942547 1
3.0539 0.19 1.0803 0.0942547 1
3.10463 0.19 1.0803 0.0942547 1
3.15536 0.19 1.0803 0.0942547 1
3.20608 0.19 1.0803 0.0942547 1
3.25608 0.189214 1.07588 0.0938888 0
3.25681 0.19 1.0803 0.0942547 1
3.30754 0.19 1.0803 0.0942547 1
3.35827 0.19 1.0803 0.0942547 1
3.409 0.19 1.0803 0.0942547 1
3.45973 0.19 1.0803 0.0942547 1
3.51046 0.19 1.0803 0.0942547 1
3.56119 0.19 1.0803 0.0942547 1
3.61192 0.19 1.0803 0.0942547 1
3.66265 0.19 1.0803 0.0942547 1
3.71765 0.194663 1.10225 0.0963978 0
3.71338 0.19 1.0803 0.0942547 1
3.7641 0.19 1.0803 0.0942547 1
3.81483 0.19 1.0803 0.0942547 1
3.86556 0.19 1.0803 0.0942547 1
3.91629 0.19 1.0803 0.0942547 1
3.96702 0.19 1.0803 0.0942547 1
4.01775 0.19 1.0803 0.0942547 1
4.06848 0.19 1.0803 0.0942547 1
4.11921 0.19 1.0803 0.0942547 1
4.16994 0.19 1.0803 0.0942547 1
4.17494 0.14594 1.0114 0.0713078 0
4.22067 0.19 1.0803 0.0942547 1
4.2714 0.19 1.0803 0.0942547 1
4.32212 0.19 1.0803 0.0942547 1
4.37285 0.19 1.0803 0.0942547 1
4.42358 0.19 1.0803 0.0942547 1
4.47431 0.19 1.0803 0.0942547 1
4.52504 0.19 1.0803 0.0942547 1
4.57577 0.19 1.0803 0.0942547 1
4.6265 0.19 1.0803 0.0942547 1
4.6365 0.15085 0.955244 0.0738168 0
4.67723 0.19 1.0803 0.0942547 1
4.72796 0.19 1.0803 0.0942547 1
4.77869 0.19 1.0803 0.0942547 1
4.82941 0.19 1.0803 0.0942547 1
4.88014 0.19 1.0803 0.0942547 1
4.93087 0.19 1.0803 0.0942547 1
4.9816 0.19 1.0803 0.0942547 1
5.03233 0.19 1.0803 0.0942547 1
5.08306 0.19 1.0803 0.0942547 1
5.09806 0.155525 0.918173 0.0763258 0
5.13379 0.19 1.0803 0.0942547 1
5.18452 0.19 1.0803 0.0942547 1
5.23525 0.19 1.0803 0.0942547 1
5.28598 0.19 1.0803 0.0942547 1
5.33671 0.19 1.0803 0.0942547 1
5.38743 0.19 1.0803 0.0942547 1
5.43816 0.19 1.0803 0.0942547 1
5.48889 0.19 1.0803 0.0942547 1
5.53962 0.19 1.0803 0.0942547 1
5.55962 0.160068 0.902609 0.0788348 0
5.59035 0.19 1.0803 0.0942547 1
5.64108 0.19 1.0803 0.0942547 1
5.69181 0.19 1.0803 0.0942547 1
5.74254 0.19 1.0803 0.0942547 1
5.79327 0.19 1.0803 0.0942547 1
5.844 0.19 1.0803 0.0942547 1
5.89472 0.19 1.0803 0.0942547 1
5.94545 0.19 1.0803 0.0942547 1
5.99618 0.19 1.0803 0.0942547 1
6.02118 0.164585 0.907541 0.0813438 0
6.04691 0.19 1.0803 0.0942547 1
6.09764 0.19 1.0803 0.0942547 1
6.14837 0.19 1.0803 0.0942547 1
6.1991 0.19 1.0803 0.0942547 1
6.24983 0.19 1.0803 0.0942547 1
6.30056 0.19 1.0803 0.0942547 1
6.35129 0.19 1.0803 0.0942547 1
6.40202 0.19 1.0803 0.0942547 1
6.45274 0.19 1.0803 0.0942547 1
6.48274 0.169172 0.929348 0.0838528 0
6.50347 0.19 1.0803 0.0942547 1
6.5542 0.19 1.0803 0.0942547 1
6.60493 0.19 1.0803 0.0942547 1
6.65566 0.19 1.0803 0.0942547 1
6.70639 0.19 1.0803 0.0942547 1
6.75712 0.19 1.0803 0.0942547 1
6.80785 0.19 1.0803 0.0942547 1
6.85858 0.19 1.0803 0.0942547 1
6.90931 0.19 1.0803 0.0942547 1
6.94431 0.173898 0.962792 0.0863618 0
6.96003 0.19 1.0803 0.0942547 1
7.01076 0.19 1.0803 0.0942547 1
7.06149 0.19 1.0803 0.0942547 1
7.11222 0.19 1.0803 0.0942547 1
7.16295 0.19 1.0803 0.0942547 1
7.21368 0.19 1.0803 0.0942547 1
7.26441 0.19 1.0803 0.0942547 1
7.31514 0.19 1.0803 0.0942547 1
7.36587 0.19 1.0803 0.0942547 1
7.40587 0.178809 1.00199 0.0888708 0
7.4166 0.19 1.0803 0.0942547 1
7.46733 0.19 1.0803 0.0942547 1
7.51805 0.19 1.0803 0.0942547 1
7.56878 0.19 1.0803 0.0942547 1
7.61951 0.19 1.0803 0.0942547 1
7.67024 0.19 1.0803 0.0942547 1
7.72097 0.19 1.0803 0.0942547 1
7.7717 0.19 1.0803 0.0942547 1
7.82243 0.19 1.0803 0.0942547 1
7.86743 0.183918 1.04129 0.0913798 0
7.87316 0.19 1.0803 0.0942547 1
7.92389 0.19 1.0803 0.0942547 1
7.97462 0.19 1.0803 0.0942547 1
8.02534 0.19 1.0803 0.0942547 1
8.07607 0.19 1.0803 0.0942547 1
8.1268 0.19 1.0803 0.0942547 1
8.17753 0.19 1.0803 0.0942547 1
8.22826 0.19 1.0803 0.0942547 1
8.27899 0.19 1.0803 0.0942547 1
8.32899 0.189214 1.07588 0.0938888 0
8.32972 0.19 1.0803 0.0942547 1
8.38045 0.19 1.0803 0.0942547 1
8.43118 0.19 1.0803 0.0942547 1
8.48191 0.19 1.0803 0.0942547 1
8.53264 0.19 1.0803 0.0942547 1
8.58336 0.19 1.0803 0.0942547 1
8.63409 0.19 1.0803 0.0942547 1
8.68482 0.19 1.0803 0.0942547 1
8.73555 0.19 1.0803 0.0942547 1
8.79055 0.194663 1.10225 0.0963978 0
8.78628 0.19 1.0803 0.0942547 1
8.83701 0.19 1.0803 0.0942547 1
8.88774 0.19 1.0803 0.0942547 1
8.93847 0.19 1.0803 0.0942547 1
8.9892 0.19 1.0803 0.0942547 1
9.03993 0.19 1.0803 0.0942547 1
9.09066 0.19 1.0803 0.0942547 1
9.14138 0.19 1.0803 0.0942547 1
9.19211 0.19 1.0803 0.0942547 1
9.24284 0.19 1.0803 0.0942547 1
9.24784 0.14594 1.0114 0.0713078 0
9.29357 0.19 1.0803 0.0942547 1
9.3443 0.19 1.0803 0.0942547 1
9.39503 0.19 1.0803 0.0942547 1
9.44576 0.19 1.0803 0.0942547 1
9.49649 0.19 1.0803 0.0942547 1
9.54722 0.19 1.0803 0.0942547 1
9.59795 0.19 1.0803 0.0942547 1
9.64867 0.19 1.0803 0.0942547 1
9.6994 0.19 1.0803 0.0942547 1
9.7094 0.15085 0.955244 0.0738168 0
9.75013 0.19 1.0803 0.0942547 1
9.80086 0.19 1.0803 0.0942547 1
9.85159 0.19 1.0803 0.0942547 1
9.90232 0.19 1.0803 0.0942547 1
9.95305 0.19 1.0803 0.0942547 1
10.0038 0.19 1.0803 0.0942547 1
10.0545 0.19 1.0803 0.0942547 1
10.1052 0.19 1.0803 0.0942547 1
10.156 0.19 1.0803 0.0942547 1
10.171 0.155525 0.918173 0.0763258 0
10.2067 0.19 1.0803 0.0942547 1
10.2574 0.19 1.0803 0.0942547 1
10.3082 0.19 1.0803 0.0942547 1
10.3589 0.19 1.0803 0.0942547 1
10.4096 0.19 1.0803 0.0942547 1
10.4603 0.19 1.0803 0.0942547 1
10.5111 0.19 1.0803 0.0942547 1
10.5618 0.19 1.0803 0.0942547 1
10.6125 0.19 1.0803 0.0942547 1
10.6325 0.160068 0.902609 0.0788348 0
10.6633 0.19 1.0803 0.0942547 1
10.714 0.19 1.0803 0.0942547 1
10.7647 0.19 1.0803 0.0942547 1
10.8154 0.19 1.0803 0.0942547 1
10.8662 0.19 1.0803 0.0942547 1
10.9169 0.19 1.0803 0.0942547 1
10.9676 0.19 1.0803 0.0942547 1
11.0184 0.19 1.0803 0.0942547 1
11.0691 0.19 1.0803 0.0942547 1
11.0941 0.164585 0.907541 0.0813438 0
11.1198 0.19 1.0803 0.0942547 1
11.1705 0.19 1.0803 0.0942547 1
11.2213 0.19 1.0803 0.0942547 1
11.272 0.19 1.0803 0.0942547 1
11.3227 0.19 1.0803 0.0942547 1
11.3735 0.19 1.0803 0.0942547 1
11.4242 0.19 1.0803 0.0942547 1
11.4749 0.19 1.0803 0.0942547 1
11.5256 0.19 1.0803 0.0942547 1
11.5556 0.169172 0.929348 0.0838528 0
11.5764 0.19 1.0803 0.0942547 1
11.6271 0.19 1.0803 0.0942547 1
11.6778 0.19 1.0803 0.0942547 1
11.7286 0.19 1.0803 0.0942547 1
11.7793 0.19 1.0803 0.0942547 1
11.83 0.19 1.0803 0.0942547 1
11.8808 0.19 1.0803 0.0942547 1
11.9315 0.19 1.0803 0.0942547 1
11.9822 0.19 1.0803 0.0942547 1
12.0172 0.173898 0.962792 0.0863618 0
12.0329 0.19 1.0803 0.0942547 1
12.0837 0.19 1.0803 0.0942547 1
12.1344 0.19 1.0803 0.0942547 1
12.1851 0.19 1.0803 0.0942547 1
12.2359 0.19 1.0803 0.0942547 1
12.2866 0.19 1.0803 0.0942547 1
12.3373 0.19 1.0803 0.0942547 1
12.388 0.19 1.0803 0.0942547 1
12.4388 0.19 1.0803 0.0942547 1
12.4788 0.178809 1.00199 0.0888708 0
12.4895 0.19 1.0803 0.0942547 1
12.5402 0.19 1.0803 0.0942547 1
12.591 0.19 1.0803 0.0942547 1
12.6417 0.19 1.0803 0.0942547 1
12.6924 0.19 1.0803 0.0942547 1
12.7431 0.19 1.0803 0.0942547 1
12.7939 0.19 1.0803 0.0942547 1
12.8446 0.19 1.0803 0.0942547 1
12.8953 0.19 1.0803 0.0942547 1
12.9403 0.183918 1.04129 0.0913798 0
12.9461 0.19 1.0803 0.0942547 1
12.9968 0.19 1.0803 0.0942547 1
13.0475 0.19 1.0803 0.0942547 1
13.0983 0.19 1.0803 0.0942547 1
13.149 0.19 1.0803 0.0942547 1
13.1997 0.19 1.0803 0.0942547 1
13.2504 0.19 1.0803 0.0942547 1
13.3012 0.19 1.0803 0.0942547 1
13.3519 0.19 1.0803 0.0942547 1
13.4019 0.189214 1.07588 0.0938888 0
13.4026 0.19 1.0803 0.0942547 1
13.4534 0.19 1.0803 0.0942547 1
13.5041 0.19 1.0803 0.0942547 1
13.5548 0.19 1.0803 0.0942547 1
13.6055 0.19 1.0803 0.0942547 1
13.6563 0.19 1.0803 0.0942547 1
13.707 0.19 1.0803 0.0942547 1
13.7577 0.19 1.0803 0.0942547 1
13.8085 0.19 1.0803 0.0942547 1
13.8635 0.194663 1.10225 0.0963978 0
13.8592 0.19 1.0803 0.0942547 1
13.9099 0.19 1.0803 0.0942547 1
13.9606 0.19 1.0803 0.0942547 1
14.0114 0.19 1.0803 0.0942547 1
14.0621 0.19 1.0803 0.0942547 1
14.1128 0.19 1.0803 0.0942547 1
14.1636 0.19 1.0803 0.0942547 1
14.2143 0.19 1.0803 0.0942547 1
14.265 0.19 1.0803 0.0942547 1
14.3157 0.19 1.0803 0.0942547 1
14.3207 0.14594 1.0114 0.0713078 0
14.3665 0.19 1.0803 0.0942547 1
14.4172 0.19 1.0803 0.0942547 1
14.4679 0.19 1.0803 0.0942547 1
14.5187 0.19 1.0803 0.0942547 1
14.5694 0.19 1.0803 0.0942547 1
14.6201 0.19 1.0803 0.0942547 1
14.6709 0.19 1.0803 0.0942547 1
14.7216 0.19 1.0803 0.0942547 1
14.7723 0.19 1.0803 0.0942547 1
14.7823 0.15085 0.955244 0.0738168 0
14.823 0.19 1.0803 0.0942547 1
14.8738 0.19 1.0803 0.0942547 1
14.9245 0.19 1.0803 0.0942547 1
14.9752 0.19 1.0803 0.0942547 1
15.026 0.19 1.0803 0.0942547 1
15.0767 0.19 1.0803 0.0942547 1
15.1274 0.19 1.0803 0.0942547 1
15.1781 0.19 1.0803 0.0942547 1
15.2289 0.19 1.0803 0.0942547 1
15.2439 0.155525 0.918173 0.0763258 0
15.2796 0.19 1.0803 0.0942547 1
15.3303 0.19 1.0803 0.0942547 1
15.3811 0.19 1.0803 0.0942547 1
15.4318 0.19 1.0803 0.0942547 1
15.4825 0.19 1.0803 0.0942547 1
15.5332 0.19 1.0803 0.0942547 1
15.584 0.19 1.0803 0.0942547 1
15.6347 0.19 1.0803 0.0942547 1
15.6854 0.19 1.0803 0.0942547 1
15.7054 0.160068 0.902609 0.0788348 0
15.7362 0.19 1.0803 0.0942547 1
15.7869 0.19 1.0803 0.0942547 1
15.8376 0.19 1.0803 0.0942547 1
15.8883 0.19 1.0803 0.0942547 1
15.9391 0.19 1.0803 0.0942547 1
15.9898 0.19 1.0803 0.0942547 1
16.0405 0.19 1.0803 0.0942547 1
16.0913 0.19 1.0803 0.0942547 1
16.142 0.19 1.0803 0.0942547 1
16.167 0.164585 0.907541 0.0813438 0
16.1927 0.19 1.0803 0.0942547 1
16.2435 0.19 1.0803 0.0942547 1
16.2942 0.19 1.0803 0.0942547 1
16.3449 0.19 1.0803 0.0942547 1
16.3956 0.19 1.0803 0.0942547 1
16.4464 0.19 1.0803 0.0942547 1
16.4971 0.19 1.0803 0.0942547 1
16.5478 0.19 1.0803 0.0942547 1
16.5986 0.19 1.0803 0.0942547 1
16.6286 0.169172 0.929348 0.0838528 0
16.6493 0.19 1.0803 0.0942547 1
16.7 0.19 1.0803 0.0942547 1
16.7507 0.19 1.0803 0.0942547 1
16.8015 0.19 1.0803 0.0942547 1
16.8522 0.19 1.0803 0.0942547 1
16.9029 0.19 1.0803 0.0942547 1
16.9537 0.19 1.0803 0.0942547 1
17.0044 0.19 1.0803 0.0942547 1
17.0551 0.19 1.0803 0.0942547 1
17.0901 0.173898 0.962792 0.0863618 0
17.1058 0.19 1.0803 0.0942547 1
17.1566 0.19 1.0803 0.0942547 1
17.2073 0.19 1.0803 0.0942547 1
17.258 0.19 1.0803 0.0942547 1
17.3088 0.19 1.0803 0.0942547 1
17.3595 0.19 1.0803 0.0942547 1
17.4102 0.19 1.0803 0.0942547 1
17.4609 0.19 1.0803 0.0942547 1
17.5117 0.19 1.0803 0.0942547 1
17.5517 0.178809 1.00199 0.0888708 0
17.5624 0.19 1.0803 0.0942547 1
17.6131 0.19 1.0803 0.0942547 1
17.6639 0.19 1.0803 0.0942547 1
17.7146 0.19 1.0803 0.0942547 1
17.7653 0.19 1.0803 0.0942547 1
17.8161 0.19 1.0803 0.0942547 1
17.8668 0.19 1.0803 0.0942547 1
17.9175 0.19 1.0803 0.0942547 1
17.9682 0.19 1.0803 0.0942547 1
18.0132 0.183918 1.04129 0.0913798 0
18.019 0.19 1.0803 0.0942547 1
18.0697 0.19 1.0803 0.0942547 1
18.1204 0.19 1.0803 0.0942547 1
18.1712 0.19 1.0803 0.0942547 1
18.2219 0.19 1.0803 0.0942547 1
18.2726 0.19 1.0803 0.0942547 1
18.3233 0.19 1.0803 0.0942547 1
18.3741 0.19 1.0803 0.0942547 1
18.4248 0.19 1.0803 0.0942547 1
18.4748 0.189214 1.07588 0.0938888 0
18.4755 0.19 1.0803 0.0942547 1
18.5263 0.19 1.0803 0.0942547 1
18.577 0.19 1.0803 0.0942547 1
18.6277 0.19 1.0803 0.0942547 1
18.6784 0.19 1.0803 0.0942547 1
18.7292 0.19 1.0803 0.0942547 1
18.7799 0.19 1.0803 0.0942547 1
18.8306 0.19 1.0803 0.0942547 1
18.8814 0.19 1.0803 0.0942547 1
18.9364 0.194663 1.10225 0.0963978 0
18.9321 0.19 1.0803 0.0942547 1
18.9828 0.19 1.0803 0.0942547 1
19.0335 0.19 1.0803 0.0942547 1
19.0843 0.19 1.0803 0.0942547 1
19.135 0.19 1.0803 0.0942547 1
19.1857 0.19 1.0803 0.0942547 1
19.2365 0.19 1.0803 0.0942547 1
19.2872 0.19 1.0803 0.0942547 1
19.3379 0.19 1.0803 0.0942547 1
19.3887 0.19 1.0803 0.0942547 1
19.3937 0.14594 1.0114 0.0713078 0
19.4394 0.19 1.0803 0.0942547 1
19.4901 0.19 1.0803 0.0942547 1
19.5408 0.19 1.0803 0.0942547 1
19.5916 0.19 1.0803 0.0942547 1
19.6423 0.19 1.0803 0.0942547 1
19.693 0.19 1.0803 0.0942547 1
19.7438 0.19 1.0803 0.0942547 1
19.7945 0.19 1.0803 0.0942547 1
19.8452 0.19 1.0803 0.0942547 1
19.8552 0.15085 0.955244 0.0738168 0
19.8959 0.19 1.0803 0.0942547 1
19.9467 0.19 1.0803 0.0942547 1
19.9974 0.19 1.0803 0.0942547 1
20.0481 0.19 1.0803 0.0942547 1
20.0989 0.19 1.0803 0.0942547 1
20.1496 0.19 1.0803 0.0942547 1
20.2003 0.19 1.0803 0.0942547 1
20.251 0.19 1.0803 0.0942547 1
20.3018 0.19 1.0803 0.0942547 1
20.3168 0.155525 0.918173 0.0763258 0
20.3525 0.19 1.0803 0.0942547 1
20.4032 0.19 1.0803 0.0942547 1
20.454 0.19 1.0803 0.0942547 1
20.5047 0.19 1.0803 0.0942547 1
20.5554 0.19 1.0803 0.0942547 1
20.6062 0.19 1.0803 0.0942547 1
20.6569 0.19 1.0803 0.0942547 1
20.7076 0.19 1.0803 0.0942547 1
20.7583 0.19 1.0803 0.0942547 1
20.7783 0.160068 0.902609 0.0788348 0
20.8091 0.19 1.0803 0.0942547 1
20.8598 0.19 1.0803 0.0942547 1
20.9105 0.19 1.0803 0.0942547 1
20.9613 0.19 1.0803 0.0942547 1
21.012 0.19 1.0803 0.0942547 1
21.0627 0.19 1.0803 0.0942547 1
21.1134 0.19 1.0803 0.0942547 1
21.1642 0.19 1.0803 0.0942547 1
21.2149 0.19 1.0803 0.0942547 1
21.2399 0.164585 0.907541 0.0813438 0
21.2656 0.19 1.0803 0.0942547 1
21.3164 0.19 1.0803 0.0942547 1
21.3671 0.19 1.0803 0.0942547 1
21.4178 0.19 1.0803 0.0942547 1
21.4685 0.19 1.0803 0.0942547 1
21.5193 0.19 1.0803 0.0942547 1
21.57 0.19 1.0803 0.0942547 1
21.6207 0.19 1.0803 0.0942547 1
21.6715 0.19 1.0803 0.0942547 1
21.7015 0.169172 0.929348 0.0838528 0
21.7222 0.19 1.0803 0.0942547 1
21.7729 0.19 1.0803 0.0942547 1
21.8236 0.19 1.0803 0.0942547 1
21.8744 0.19 1.0803 0.0942547 1
21.9251 0.19 1.0803 0.0942547 1
21.9758 0.19 1.0803 0.0942547 1
22.0266 0.19 1.0803 0.0942547 1
22.0773 0.19 1.0803 0.0942547 1
22.128 0.19 1.0803 0.0942547 1
22.163 0.173898 0.962792 0.0863618 0
22.1788 0.19 1.0803 0.0942547 1
22.2295 0.19 1.0803 0.0942547 1
22.2802 0.19 1.0803 0.0942547 1
22.3309 0.19 1.0803 0.0942547 1
22.3817 0.19 1.0803 0.0942547 1
22.4324 0.19 1.0803 0.0942547 1
22.4831 0.19 1.0803 0.0942547 1
22.5339 0.19 1.0803 0.0942547 1
22.5846 0.19 1.0803 0.0942547 1
22.6246 0.178809 1.00199 0.0888708 0
22.6353 0.19 1.0803 0.0942547 1
22.686 0.19 1.0803 0.0942547 1
22.7368 0.19 1.0803 0.0942547 1
22.7875 0.19 1.0803 0.0942547 1
22.8382 0.19 1.0803 0.0942547 1
22.889 0.19 1.0803 0.0942547 1
22.9397 0.19 1.0803 0.0942547 1
22.9904 0.19 1.0803 0.0942547 1
23.0411 0.19 1.0803 0.0942547 1
23.0861 0.183918 1.04129 0.0913798 0
23.0919 0.19 1.0803 0.0942547 1
23.1426 0.19 1.0803 0.0942547 1
23.1933 0.19 1.0803 0.0942547 1
23.2441 0.19 1.0803 0.0942547 1
23.2948 0.19 1.0803 0.0942547 1
23.3455 0.19 1.0803 0.0942547 1
23.3962 0.19 1.0803 0.0942547 1
23.447 0.19 1.0803 0.0942547 1
23.4977 0.19 1.0803 0.0942547 1
23.5477 0.189214 1.07588 0.0938888 0
23.5484 0.19 1.0803 0.0942547 1
23.5992 0.19 1.0803 0.0942547 1
23.6499 0.19 1.0803 0.0942547 1
23.7006 0.19 1.0803 0.0942547 1
23.7514 0.19 1.0803 0.0942547 1
23.8021 0.19 1.0803 0.0942547 1
23.8528 0.19 1.0803 0.0942547 1
23.9035 0.19 1.0803 0.0942547 1
23.9543 0.19 1.0803 0.0942547 1
24.0093 0.194663 1.10225 0.0963978 0
24.005 0.19 1.0803 0.0942547 1
24.0557 0.19 1.0803 0.0942547 1
24.1065 0.19 1.0803 0.0942547 1
24.1572 0.19 1.0803 0.0942547 1
24.2079 0.19 1.0803 0.0942547 1
24.2586 0.19 1.0803 0.0942547 1
24.3094 0.19 1.0803 0.0942547 1
24.3601 0.19 1.0803 0.0942547 1
24.4108 0.19 1.0803 0.0942547 1
24.4616 0.19 1.0803 0.0942547 1
24.4666 0.14594 1.0114 0.0713078 0
24.5123 0.19 1.0803 0.0942547 1
24.563 0.19 1.0803 0.0942547 1
24.6137 0.19 1.0803 0.0942547 1
24.6645 0.19 1.0803 0.0942547 1
24.7152 0.19 1.0803 0.0942547 1
24.7659 0.19 1.0803 0.0942547 1
24.8167 0.19 1.0803 0.0942547 1
24.8674 0.19 1.0803 0.0942547 1
24.9181 0.19 1.0803 0.0942547 1
24.9281 0.15085 0.955244 0.0738168 0
24.9688 0.19 1.0803 0.0942547 1
25.0196 0.19 1.0803 0.0942547 1
25.0703 0.19 1.0803 0.0942547 1
25.121 0.19 1.0803 0.0942547 1
25.1718 0.19 1.0803 0.0942547 1
25.2225 0.19 1.0803 0.0942547 1
25.2732 0.19 1.0803 0.0942547 1
25.324 0.19 1.0803 0.0942547 1
25.3747 0.19 1.0803 0.0942547 1
25.3897 0.155525 0.918173 0.0763258 0
25.4254 0.19 1.0803 0.0942547 1
25.4761 0.19 1.0803 0.0942547 1
25.5269 0.19 1.0803 0.0942547 1
25.5776 0.19 1.0803 0.0942547 1
25.6283 0.19 1.0803 0.0942547 1
25.6791 0.19 1.0803 0.0942547 1
25.7298 0.19 1.0803 0.0942547 1
25.7805 0.19 1.0803 0.0942547 1
25.8312 0.19 1.0803 0.0942547 1
25.8512 0.160068 0.902609 0.0788348 0
25.882 0.19 1.0803 0.0942547 1
25.9327 0.19 1.0803 0.0942547 1
25.9834 0.19 1.0803 0.0942547 1
26.0342 0.19 1.0803 0.0942547 1
26.0849 0.19 1.0803 0.0942547 1
26.1356 0.19 1.0803 0.0942547 1
26.1863 0.19 1.0803 0.0942547 1
26.2371 0.19 1.0803 0.0942547 1
26.2878 0.19 1.0803 0.0942547 1
26.3128 0.164585 0.907541 0.0813438 0
26.3385 0.19 1.0803 0.0942547 1
26.3893 0.19 1.0803 0.0942547 1
26.44 0.19 1.0803 0.0942547 1
26.4907 0.19 1.0803 0.0942547 1
26.5414 0.19 1.0803 0.0942547 1
26.5922 0.19 1.0803 0.0942547 1
26.6429 0.19 1.0803 0.0942547 1
26.6936 0.19 1.0803 0.0942547 1
26.7444 0.19 1.0803 0.0942547 1
26.7744 0.169172 0.929348 0.0838528 0
26.7951 0.19 1.0803 0.0942547 1
26.8458 0.19 1.0803 0.0942547 1
26.8966 0.19 1.0803 0.0942547 1
26.9473 0.19 1.0803 0.0942547 1
26.998 0.19 1.0803 0.0942547 1
27.0487 0.19 1.0803 0.0942547 1
27.0995 0.19 1.0803 0.0942547 1
27.1502 0.19 1.0803 0.0942547 1
27.2009 0.19 1.0803 0.0942547 1
27.2359 0.173898 0.962792 0.0863618 0
27.2517 0.19 1.0803 0.0942547 1
27.3024 0.19 1.0803 0.0942547 1
27.3531 0.19 1.0803 0.0942547 1
27.4038 0.19 1.0803 0.0942547 1
27.4546 0.19 1.0803 0.0942547 1
27.5053 0.19 1.0803 0.0942547 1
27.556 0.19 1.0803 0.0942547 1
27.6068 0.19 1.0803 0.0942547 1
27.6575 0.19 1.0803 0.0942547 1
27.6975 0.178809 1.00199 0.0888708 0
27.7082 0.19 1.0803 0.0942547 1
27.7589 0.19 1.0803 0.0942547 1
27.8097 0.19 1.0803 0.0942547 1
27.8604 0.19 1.0803 0.0942547 1
27.9111 0.19 1.0803 0.0942547 1
27.9619 0.19 1.0803 0.0942547 1
28.0126 0.19 1.0803 0.0942547 1
28.0633 0.19 1.0803 0.0942547 1
28.114 0.19 1.0803 0.0942547 1
28.159 0.183918 1.04129 0.0913798 0
28.1648 0.19 1.0803 0.0942547 1
28.2155 0.19 1.0803 0.0942547 1
28.2662 0.19 1.0803 0.0942547 1
28.317 0.19 1.0803 0.0942547 1
28.3677 0.19 1.0803 0.0942547 1
28.4184 0.19 1.0803 0.0942547 1
28.4692 0.19 1.0803 0.0942547 1
28.5199 0.19 1.0803 0.0942547 1
28.5706 0.19 1.0803 0.0942547 1
28.6206 0.189214 1.07588 0.0938888 0
28.6213 0.19 1.0803 0.0942547 1
28.6721 0.19 1.0803 0.0942547 1
28.7228 0.19 1.0803 0.0942547 1
28.7735 0.19 1.0803 0.0942547 1
28.8243 0.19 1.0803 0.0942547 1
28.875 0.19 1.0803 0.0942547 1
28.9257 0.19 1.0803 0.0942547 1
28.9764 0.19 1.0803 0.0942547 1
29.0272 0.19 1.0803 0.0942547 1
29.0822 0.194663 1.10225 0.0963978 0
29.0779 0.19 1.0803 0.0942547 1
29.1286 0.19 1.0803 0.0942547 1
29.1794 0.19 1.0803 0.0942547 1
29.2301 0.19 1.0803 0.0942547 1
29.2808 0.19 1.0803 0.0942547 1
29.3315 0.19 1.0803 0.0942547 1
29.3823 0.19 1.0803 0.0942547 1
29.433 0.19 1.0803 0.0942547 1
29.4837 0.19 1.0803 0.0942547 1
29.5345 0.19 1.0803 0.0942547 1
29.5395 0.14594 1.0114 0.0713078 0
29.5852 0.19 1.0803 0.0942547 1
29.6359 0.19 1.0803 0.0942547 1
29.6867 0.19 1.0803 0.0942547 1
29.7374 0.19 1.0803 0.0942547 1
29.7881 0.19 1.0803 0.0942547 1
29.8388 0.19 1.0803 0.0942547 1
29.8896 0.19 1.0803 0.0942547 1
29.9403 0.19 1.0803 0.0942547 1
29.991 0.19 1.0803 0.0942547 1
30.001 0.15085 0.955244 0.0738168 0
30.0418 0.19 1.0803 0.0942547 1
30.0925 0.19 1.0803 0.0942547 1
30.1432 0.19 1.0803 0.0942547 1
30.1939 0.19 1.0803 0.0942547 1
30.2447 0.19 1.0803 0.0942547 1
30.2954 0.19 1.0803 0.0942547 1
30.3461 0.19 1.0803 0.0942547 1
30.3969 0.19 1.0803 0.0942547 1
30.4476 0.19 1.0803 0.0942547 1
30.4626 0.155525 0.918173 0.0763258 0
30.4983 0.19 1.0803 0.0942547 1
30.549 0.19 1.0803 0.0942547 1
30.5998 0.19 1.0803 0.0942547 1
30.6505 0.19 1.0803 0.0942547 1
30.7012 0.19 1.0803 0.0942547 1
30.752 0.19 1.0803 0.0942547 1
30.8027 0.19 1.0803 0.0942547 1
30.8534 0.19 1.0803 0.0942547 1
30.9041 0.19 1.0803 0.0942547 1
30.9241 0.160068 0.902609 0.0788348 0
30.9549 0.19 1.0803 0.0942547 1
31.0056 0.19 1.0803 0.0942547 1
31.0563 0.19 1.0803 0.0942547 1
31.1071 0.19 1.0803 0.0942547 1
31.1578 0.19 1.0803 0.0942547 1
31.2085 0.19 1.0803 0.0942547 1
31.2593 0.19 1.0803 0.0942547 1
31.31 0.19 1.0803 0.0942547 1
31.3607 0.19 1.0803 0.0942547 1
31.3857 0.164585 0.907541 0.0813438 0
31.4114 0.19 1.0803 0.0942547 1
31.4622 0.19 1.0803 0.0942547 1
31.5129 0.19 1.0803 0.0942547 1
31.5636 0.19 1.0803 0.0942547 1
31.6144 0.19 1.0803 0.0942547 1
31.6651 0.19 1.0803 0.0942547 1
31.7158 0.19 1.0803 0.0942547 1
31.7665 0.19 1.0803 0.0942547 1
31.8173 0.19 1.0803 0.0942547 1
31.8473 0.169172 0.929348 0.0838528 0
31.868 0.19 1.0803 0.0942547 1
31.9187 0.19 1.0803 0.0942547 1
31.9695 0.19 1.0803 0.0942547 1
32.0202 0.19 1.0803 0.0942547 1
32.0709 0.19 1.0803 0.0942547 1
32.1216 0.19 1.0803 0.0942547 1
32.1724 0.19 1.0803 0.0942547 1
32.2231 0.19 1.0803 0.0942547 1
32.2738 0.19 1.0803 0.0942547 1
32.3088 0.173898 0.962792 0.0863618 0
32.3246 0.19 1.0803 0.0942547 1
32.3753 0.19 1.0803 0.0942547 1
32.426 0.19 1.0803 0.0942547 1
32.4767 0.19 1.0803 0.0942547 1
32.5275 0.19 1.0803 0.0942547 1
32.5782 0.19 1.0803 0.0942547 1
32.6289 0.19 1.0803 0.0942547 1
32.6797 0.19 1.0803 0.0942547 1
32.7304 0.19 1.0803 0.0942547 1
32.7704 0.178809 1.00199 0.0888708 0
32.7811 0.19 1.0803 0.0942547 1
32.8319 0.19 1.0803 0.0942547 1
32.8826 0.19 1.0803 0.0942547 1
32.9333 0.19 1.0803 0.0942547 1
32.984 0.19 1.0803 0.0942547 1
33.0348 0.19 1.0803 0.0942547 1
33.0855 0.19 1.0803 0.0942547 1
33.1362 0.19 1.0803 0.0942547 1
33.187 0.19 1.0803 0.0942547 1
33.232 0.183918 1.04129 0.0913798 0
33.2377 0.19 1.0803 0.0942547 1
33.2884 0.19 1.0803 0.0942547 1
33.3391 0.19 1.0803 0.0942547 1
33.3899 0.19 1.0803 0.0942547 1
33.4406 0.19 1.0803 0.0942547 1
33.4913 0.19 1.0803 0.0942547 1
33.5421 0.19 1.0803 0.0942547 1
33.5928 0.19 1.0803 0.0942547 1
33.6435 0.19 1.0803 0.0942547 1
33.6935 0.189214 1.07588 0.0938888 0
33.6942 0.19 1.0803 0.0942547 1
33.745 0.19 1.0803 0.0942547 1
33.7957 0.19 1.0803 0.0942547 1
33.8464 0.19 1.0803 0.0942547 1
33.8972 0.19 1.0803 0.0942547 1
33.9479 0.19 1.0803 0.0942547 1
33.9986 0.19 1.0803 0.0942547 1
34.0493 0.19 1.0803 0.0942547 1
34.1001 0.19 1.0803 0.0942547 1
34.1551 0.194663 1.10225 0.0963978 0
34.1508 0.19 1.0803 0.0942547 1
34.2015 0.19 1.0803 0.0942547 1
34.2523 0.19 1.0803 0.0942547 1
34.303 0.19 1.0803 0.0942547 1
34.3537 0.19 1.0803 0.0942547 1
34.4045 0.19 1.0803 0.0942547 1
34.4552 0.19 1.0803 0.0942547 1
34.5059 0.19 1.0803 0.0942547 1
34.5566 0.19 1.0803 0.0942547 1
34.6074 0.19 1.0803 0.0942547 1
34.6124 0.14594 1.0114 0.0713078 0
34.6581 0.19 1.0803 0.0942547 1
34.7088 0.19 1.0803 0.0942547 1
34.7596 0.19 1.0803 0.0942547 1
34.8103 0.19 1.0803 0.0942547 1
34.861 0.19 1.0803 0.0942547 1
34.9117 0.19 1.0803 0.0942547 1
34.9625 0.19 1.0803 0.0942547 1
35.0132 0.19 1.0803 0.0942547 1
35.0639 0.19 1.0803 0.0942547 1
35.0739 0.15085 0.955244 0.0738168 0
35.1147 0.19 1.0803 0.0942547 1
35.1654 0.19 1.0803 0.0942547 1
35.2161 0.19 1.0803 0.0942547 1
35.2668 0.19 1.0803 0.0942547 1
35.3176 0.19 1.0803 0.0942547 1
35.3683 0.19 1.0803 0.0942547 1
35.419 0.19 1.0803 0.0942547 1
35.4698 0.19 1.0803 0.0942547 1
35.5205 0.19 1.0803 0.0942547 1
35.5355 0.155525 0.918173 0.0763258 0
35.5712 0.19 1.0803 0.0942547 1
35.6219 0.19 1.0803 0.0942547 1
35.6727 0.19 1.0803 0.0942547 1
35.7234 0.19 1.0803 0.0942547 1
35.7741 0.19 1.0803 0.0942547 1
35.8249 0.19 1.0803 0.0942547 1
35.8756 0.19 1.0803 0.0942547 1
35.9263 0.19 1.0803 0.0942547 1
35.9771 0.19 1.0803 0.0942547 1
35.9971 0.160068 0.902609 0.0788348 0
36.0278 0.19 1.0803 0.0942547 1
36.0785 0.19 1.0803 0.0942547 1
36.1292 0.19 1.0803 0.0942547 1
36.18 0.19 1.0803 0.0942547 1
36.2307 0.19 1.0803 0.0942547 1
36.2814 0.19 1.0803 0.0942547 1
36.3322 0.19 1.0803 0.0942547 1
36.3829 0.19 1.0803 0.0942547 1
36.4336 0.19 1.0803 0.0942547 1
36.4586 0.164585 0.907541 0.0813438 0
36.4843 0.19 1.0803 0.0942547 1
36.5351 0.19 1.0803 0.0942547 1
36.5858 0.19 1.0803 0.0942547 1
36.6365 0.19 1.0803 0.0942547 1
36.6873 0.19 1.0803 0.0942547 1
36.738 0.19 1.0803 0.0942547 1
36.7887 0.19 1.0803 0.0942547 1
36.8394 0.19 1.0803 0.0942547 1
36.8902 0.19 1.0803 0.0942547 1
36.9202 0.169172 0.929348 0.0838528 0
36.9409 0.19 1.0803 0.0942547 1
36.9916 0.19 1.0803 0.0942547 1
37.0424 0.19 1.0803 0.0942547 1
37.0931 0.19 1.0803 0.0942547 1
37.1438 0.19 1.0803 0.0942547 1
37.1946 0.19 1.0803 0.0942547 1
37.2453 0.19 1.0803 0.0942547 1
37.296 0.19 1.0803 0.0942547 1
37.3467 0.19 1.0803 0.0942547 1
37.3817 0.173898 0.962792 0.0863618 0
37.3975 0.19 1.0803 0.0942547 1
37.4482 0.19 1.0803 0.0942547 1
37.4989 0.19 1.0803 0.0942547 1
37.5497 0.19 1.0803 0.0942547 1
37.6004 0.19 1.0803 0.0942547 1
37.6511 0.19 1.0803 0.0942547 1
37.7018 0.19 1.0803 0.0942547 1
37.7526 0.19 1.0803 0.0942547 1
37.8033 0.19 1.0803 0.0942547 1
37.8433 0.178809 1.00199 0.0888708 0
37.854 0.19 1.0803 0.0942547 1
37.9048 0.19 1.0803 0.0942547 1
37.9555 0.19 1.0803 0.0942547 1
38.0062 0.19 1.0803 0.0942547 1
38.0569 0.19 1.0803 0.0942547 1
38.1077 0.19 1.0803 0.0942547 1
38.1584 0.19 1.0803 0.0942547 1
38.2091 0.19 1.0803 0.0942547 1
38.2599 0.19 1.0803 0.0942547 1
38.3049 0.183918 1.04129 0.0913798 0
38.3106 0.19 1.0803 0.0942547 1
38.3613 0.19 1.0803 0.0942547 1
38.412 0.19 1.0803 0.0942547 1
38.4628 0.19 1.0803 0.0942547 1
38.5135 0.19 1.0803 0.0942547 1
38.5642 0.19 1.0803 0.0942547 1
38.615 0.19 1.0803 0.0942547 1
38.6657 0.19 1.0803 0.0942547 1
38.7164 0.19 1.0803 0.0942547 1
38.7664 0.189214 1.07588 0.0938888 0
38.7672 0.19 1.0803 0.0942547 1
38.8179 0.19 1.0803 0.0942547 1
38.8686 0.19 1.0803 0.0942547 1
38.9193 0.19 1.0803 0.0942547 1
38.9701 0.19 1.0803 0.0942547 1
39.0208 0.19 1.0803 0.0942547 1
39.0715 0.19 1.0803 0.0942547 1
39.1223 0.19 1.0803 0.0942547 1
39.173 0.19 1.0803 0.0942547 1
39.228 0.194663 1.10225 0.0963978 0
39.2237 0.19 1.0803 0.0942547 1
39.2744 0.19 1.0803 0.0942547 1
39.3252 0.19 1.0803 0.0942547 1
39.3759 0.19 1.0803 0.0942547 1
39.4266 0.19 1.0803 0.0942547 1
39.4774 0.19 1.0803 0.0942547 1
39.5281 0.19 1.0803 0.0942547 1
39.5788 0.19 1.0803 0.0942547 1
39.6295 0.19 1.0803 0.0942547 1
39.6803 0.19 1.0803 0.0942547 1
39.6853 0.14594 1.0114 0.0713078 0
39.731 0.19 1.0803 0.0942547 1
39.7817 0.19 1.0803 0.0942547 1
39.8325 0.19 1.0803 0.0942547 1
39.8832 0.19 1.0803 0.0942547 1
39.9339 0.19 1.0803 0.0942547 1
39.9846 0.19 1.0803 0.0942547 1
40.0354 0.19 1.0803 0.0942547 1
40.0861 0.19 1.0803 0.0942547 1
40.1368 0.19 1.0803 0.0942547 1
40.1468 0.15085 0.955244 0.0738168 0
40.1876 0.19 1.0803 0.0942547 1
40.2383 0.19 1.0803 0.0942547 1
40.289 0.19 1.0803 0.0942547 1
40.3398 0.19 1.0803 0.0942547 1
40.3905 0.19 1.0803 0.0942547 1
40.4412 0.19 1.0803 0.0942547 1
40.4919 0.19 1.0803 0.0942547 1
40.5427 0.19 1.0803 0.0942547 1
40.5934 0.19 1.0803 0.0942547 1
40.6084 0.155525 0.918173 0.0763258 0
40.6441 0.19 1.0803 0.0942547 1
40.6949 0.19 1.0803 0.0942547 1
40.7456 0.19 1.0803 0.0942547 1
40.7963 0.19 1.0803 0.0942547 1
40.847 0.19 1.0803 0.0942547 1
40.8978 0.19 1.0803 0.0942547 1
40.9485 0.19 1.0803 0.0942547 1
40.9992 0.19 1.0803 0.0942547 1
41.05 0.19 1.0803 0.0942547 1
41.07 0.160068 0.902609 0.0788348 0
41.1007 0.19 1.0803 0.0942547 1
41.1514 0.19 1.0803 0.0942547 1
41.2021 0.19 1.0803 0.0942547 1
41.2529 0.19 1.0803 0.0942547 1
41.3036 0.19 1.0803 0.0942547 1
41.3543 0.19 1.0803 0.0942547 1
41.4051 0.19 1.0803 0.0942547 1
41.4558 0.19 1.0803 0.0942547 1
41.5065 0.19 1.0803 0.0942547 1
41.5315 0.164585 0.907541 0.0813438 0
41.5572 0.19 1.0803 0.0942547 1
41.608 0.19 1.0803 0.0942547 1
41.6587 0.19 1.0803 0.0942547 1
41.7094 0.19 1.0803 0.0942547 1
41.7602 0.19 1.0803 0.0942547 1
41.8109 0.19 1.0803 0.0942547 1
41.8616 0.19 1.0803 0.0942547 1
41.9124 0.19 1.0803 0.0942547 1
41.9631 0.19 1.0803 0.0942547 1
41.9931 0.169172 0.929348 0.0838528 0
42.0138 0.19 1.0803 0.0942547 1
42.0645 0.19 1.0803 0.0942547 1
42.1153 0.19 1.0803 0.0942547 1
42.166 0.19 1.0803 0.0942547 1
42.2167 0.19 1.0803 0.0942547 1
42.2675 0.19 1.0803 0.0942547 1
42.3182 0.19 1.0803 0.0942547 1
42.3689 0.19 1.0803 0.0942547 1
42.4196 0.19 1.0803 0.0942547 1
42.4546 0.173898 0.962792 0.0863618 0
42.4704 0.19 1.0803 0.0942547 1
42.5211 0.19 1.0803 0.0942547 1
42.5718 0.19 1.0803 0.0942547 1
42.6226 0.19 1.0803 0.0942547 1
42.6733 0.19 1.0803 0.0942547 1
42.724 0.19 1.0803 0.0942547 1
42.7747 0.19 1.0803 0.0942547 1
42.8255 0.19 1.0803 0.0942547 1
42.8762 0.19 1.0803 0.0942547 1
42.9162 0.178809 1.00199 0.0888708 0
42.9269 0.19 1.0803 0.0942547 1
42.9777 0.19 1.0803 0.0942547 1
43.0284 0.19 1.0803 0.0942547 1
43.0791 0.19 1.0803 0.0942547 1
43.1298 0.19 1.0803 0.0942547 1
43.1806 0.19 1.0803 0.0942547 1
43.2313 0.19 1.0803 0.0942547 1
43.282 0.19 1.0803 0.0942547 1
43.3328 0.19 1.0803 0.0942547 1
43.3778 0.183918 1.04129 0.0913798 0
43.3835 0.19 1.0803 0.0942547 1
43.4342 0.19 1.0803 0.0942547 1
43.485 0.19 1.0803 0.0942547 1
43.5357 0.19 1.0803 0.0942547 1
43.5864 0.19 1.0803 0.0942547 1
43.6371 0.19 1.0803 0.0942547 1
43.6879 0.19 1.0803 0.0942547 1
43.7386 0.19 1.0803 0.0942547 1
43.7893 0.19 1.0803 0.0942547 1
43.8393 0.189214 1.07588 0.0938888 0
43.8401 0.19 1.0803 0.0942547 1
43.8908 0.19 1.0803 0.0942547 1
43.9415 0.19 1.0803 0.0942547 1
43.9922 0.19 1.0803 0.0942547 1
44.043 0.19 1.0803 0.0942547 1
44.0937 0.19 1.0803 0.0942547 1
44.1444 0.19 1.0803 0.0942547 1
44.1952 0.19 1.0803 0.0942547 1
44.2459 0.19 1.0803 0.0942547 1
44.3009 0.194663 1.10225 0.0963978 0
44.2966 0.19 1.0803 0.0942547 1
44.3473 0.19 1.0803 0.0942547 1
44.3981 0.19 1.0803 0.0942547 1
44.4488 0.19 1.0803 0.0942547 1
44.4995 0.19 1.0803 0.0942547 1
44.5503 0.19 1.0803 0.0942547 1
44.601 0.19 1.0803 0.0942547 1
44.6517 0.19 1.0803 0.0942547 1
44.7025 0.19 1.0803 0.0942547 1
44.7532 0.19 1.0803 0.0942547 1
44.7582 0.14594 1.0114 0.0713078 0
44.8039 0.19 1.0803 0.0942547 1
44.8546 0.19 1.0803 0.0942547 1
44.9054 0.19 1.0803 0.0942547 1
44.9561 0.19 1.0803 0.0942547 1
45.0068 0.19 1.0803 0.0942547 1
45.0576 0.19 1.0803 0.0942547 1
45.1083 0.19 1.0803 0.0942547 1
45.159 0.19 1.0803 0.0942547 1
45.2097 0.19 1.0803 0.0942547 1
45.2197 0.15085 0.955244 0.0738168 0
45.2605 0.19 1.0803 0.0942547 1
45.3112 0.19 1.0803 0.0942547 1
45.3619 0.19 1.0803 0.0942547 1
45.4127 0.19 1.0803 0.0942547 1
45.4634 0.19 1.0803 0.0942547 1
45.5141 0.19 1.0803 0.0942547 1
45.5648 0.19 1.0803 0.0942547 1
45.6156 0.19 1.0803 0.0942547 1
45.6663 0.19 1.0803 0.0942547 1
45.6813 0.155525 0.918173 0.0763258 0
45.717 0.19 1.0803 0.0942547 1
45.7678 0.19 1.0803 0.0942547 1
45.8185 0.19 1.0803 0.0942547 1
45.8692 0.19 1.0803 0.0942547 1
45.9199 0.19 1.0803 0.0942547 1
45.9707 0.19 1.0803 0.0942547 1
46.0214 0.19 1.0803 0.0942547 1
46.0721 0.19 1.0803 0.0942547 1
46.1229 0.19 1.0803 0.0942547 1
46.1429 0.160068 0.902609 0.0788348 0
46.1736 0.19 1.0803 0.0942547 1
46.2243 0.19 1.0803 0.0942547 1
46.2751 0.19 1.0803 0.0942547 1
46.3258 0.19 1.0803 0.0942547 1
46.3765 0.19 1.0803 0.0942547 1
46.4272 0.19 1.0803 0.0942547 1
46.478 0.19 1.0803 0.0942547 1
46.5287 0.19 1.0803 0.0942547 1
46.5794 0.19 1.0803 0.0942547 1
46.6044 0.164585 0.907541 0.0813438 0
46.6302 0.19 1.0803 0.0942547 1
46.6809 0.19 1.0803 0.0942547 1
46.7316 0.19 1.0803 0.0942547 1
46.7823 0.19 1.0803 0.0942547 1
46.8331 0.19 1.0803 0.0942547 1
46.8838 0.19 1.0803 0.0942547 1
46.9345 0.19 1.0803 0.0942547 1
46.9853 0.19 1.0803 0.0942547 1
47.036 0.19 1.0803 0.0942547 1
47.066 0.169172 0.929348 0.0838528 0
47.0867 0.19 1.0803 0.0942547 1
47.1374 0.19 1.0803 0.0942547 1
47.1882 0.19 1.0803 0.0942547 1
47.2389 0.19 1.0803 0.0942547 1
47.2896 0.19 1.0803 0.0942547 1
47.3404 0.19 1.0803 0.0942547 1
47.3911 0.19 1.0803 0.0942547 1
47.4418 0.19 1.0803 0.0942547 1
47.4925 0.19 1.0803 0.0942547 1
47.5275 0.173898 0.962792 0.0863618 0
47.5433 0.19 1.0803 0.0942547 1
47.594 0.19 1.0803 0.0942547 1
47.6447 0.19 1.0803 0.0942547 1
47.6955 0.19 1.0803 0.0942547 1
47.7462 0.19 1.0803 0.0942547 1
47.7969 0.19 1.0803 0.0942547 1
47.8477 0.19 1.0803 0.0942547 1
47.8984 0.19 1.0803 0.0942547 1
47.9491 0.19 1.0803 0.0942547 1
47.9891 0.178809 1.00199 0.0888708 0
47.9998 0.19 1.0803 0.0942547 1
48.0506 0.19 1.0803 0.0942547 1
48.1013 0.19 1.0803 0.0942547 1
48.152 0.19 1.0803 0.0942547 1
48.2028 0.19 1.0803 0.0942547 1
48.2535 0.19 1.0803 0.0942547 1
48.3042 0.19 1.0803 0.0942547 1
48.3549 0.19 1.0803 0.0942547 1
48.4057 0.19 1.0803 0.0942547 1
48.4507 0.183918 1.04129 0.0913798 0
48.4564 0.19 1.0803 0.0942547 1
48.5071 0.19 1.0803 0.0942547 1
48.5579 0.19 1.0803 0.0942547 1
48.6086 0.19 1.0803 0.0942547 1
48.6593 0.19 1.0803 0.0942547 1
48.71 0.19 1.0803 0.0942547 1
48.7608 0.19 1.0803 0.0942547 1
48.8115 0.19 1.0803 0.0942547 1
48.8622 0.19 1.0803 0.0942547 1
48.9122 0.189214 1.07588 0.0938888 0
48.913 0.19 1.0803 0.0942547 1
48.9637 0.19 1.0803 0.0942547 1
49.0144 0.19 1.0803 0.0942547 1
49.0651 0.19 1.0803 0.0942547 1
49.1159 0.19 1.0803 0.0942547 1
49.1666 0.19 1.0803 0.0942547 1
49.2173 0.19 1.0803 0.0942547 1
49.2681 0.19 1.0803 0.0942547 1
49.3188 0.19 1.0803 0.0942547 1
49.3738 0.194663 1.10225 0.0963978 0
49.3695 0.19 1.0803 0.0942547 1
49.4203 0.19 1.0803 0.0942547 1
49.471 0.19 1.0803 0.0942547 1
49.5217 0.19 1.0803 0.0942547 1
49.5724 0.19 1.0803 0.0942547 1
49.6232 0.19 1.0803 0.0942547 1
49.6739 0.19 1.0803 0.0942547 1
49.7246 0.19 1.0803 0.0942547 1
49.7754 0.19 1.0803 0.0942547 1
49.8261 0.19 1.0803 0.0942547 1
49.8311 0.14594 1.0114 0.0713078 0
49.8768 0.19 1.0803 0.0942547 1
49.9275 0.19 1.0803 0.0942547 1
49.9783 0.19 1.0803 0.0942547 1
0.5018 0.5018 0.5018 0.5018 0.5018
