t x v M dripped?
0 0 0 0.01 0
0.165972 0.19 0.951474 0.0935505 1
0.212994 0.19 1.17455 0.0949686 1
0.266365 0.19 0.984954 0.0939491 1
0.313744 0.19 1.14173 0.094666 1
0.366182 0.19 1.02463 0.0940421 1
0.414919 0.19 1.12223 0.0944872 1
0.466844 0.19 1.04754 0.0941166 1
0.481844 0.156853 0.873275 0.0770198 0
0.516349 0.19 1.10819 0.0943898 1
0.567852 0.19 1.06151 0.0941661 1
0.617829 0.19 1.09888 0.0943348 1
0.66904 0.19 1.06993 0.0941987 1
0.719299 0.19 1.09292 0.0943029 1
0.770319 0.19 1.07504 0.0942197 1
0.820749 0.19 1.08917 0.094284 1
0.871647 0.19 1.07814 0.094233 1
0.922181 0.19 1.08683 0.0942727 1
0.952181 0.169033 0.935036 0.0837601 0
0.973002 0.19 1.08004 0.0942413 1
1.0236 0.19 1.08538 0.0942658 1
1.07437 0.19 1.0812 0.0942465 1
1.12501 0.19 1.08448 0.0942616 1
1.17575 0.19 1.08191 0.0942497 1
1.22641 0.19 1.08393 0.094259 1
1.27714 0.19 1.08235 0.0942517 1
1.32781 0.19 1.08359 0.0942574 1
1.37852 0.19 1.08261 0.0942529 1
1.41352 0.173888 0.967066 0.086362 0
1.42921 0.19 1.08338 0.0942565 1
1.47991 0.19 1.08278 0.0942537 1
1.5306 0.19 1.08325 0.0942559 1
1.5813 0.19 1.08288 0.0942542 1
1.63199 0.19 1.08317 0.0942555 1
1.6827 0.19 1.08294 0.0942544 1
1.73339 0.19 1.08312 0.0942553 1
1.78409 0.19 1.08298 0.0942546 1
1.83478 0.19 1.08309 0.0942551 1
1.87478 0.178807 1.00578 0.0888694 0
1.88548 0.19 1.08301 0.0942547 1
1.93617 0.19 1.08307 0.094255 1
1.98687 0.19 1.08302 0.0942548 1
2.03757 0.19 1.08306 0.094255 1
2.08826 0.19 1.08303 0.0942548 1
2.13896 0.19 1.08305 0.094255 1
2.18966 0.19 1.08303 0.0942549 1
2.24035 0.19 1.08305 0.0942549 1
2.29105 0.19 1.08304 0.0942549 1
2.33605 0.183936 1.04468 0.0913875 0
2.34175 0.19 1.08305 0.0942549 1
2.39244 0.19 1.08304 0.0942549 1
2.44314 0.19 1.08305 0.0942549 1
2.49383 0.19 1.08304 0.0942549 1
2.54453 0.19 1.08305 0.0942549 1
2.59523 0.19 1.08304 0.0942549 1
2.64592 0.19 1.08304 0.0942549 1
2.69662 0.19 1.08304 0.0942549 1
2.74732 0.19 1.08304 0.0942549 1
2.79732 0.189247 1.07887 0.0939044 0
2.79801 0.19 1.08304 0.0942549 1
2.84871 0.19 1.08304 0.0942549 1
2.89941 0.19 1.08304 0.0942549 1
2.9501 0.19 1.08304 0.0942549 1
3.0008 0.19 1.08304 0.0942549 1
3.05149 0.19 1.08304 0.0942549 1
3.10219 0.19 1.08304 0.0942549 1
3.15289 0.19 1.08304 0.0942549 1
3.20358 0.19 1.08304 0.0942549 1
3.25858 0.194711 1.10491 0.0964214 0
3.25428 0.19 1.08304 0.0942549 1
3.30498 0.19 1.08304 0.0942549 1
3.35567 0.19 1.08304 0.0942549 1
3.40637 0.19 1.08304 0.0942549 1
3.45707 0.19 1.08304 0.0942549 1
3.50776 0.19 1.08304 0.0942549 1
3.55846 0.19 1.08304 0.0942549 1
3.60915 0.19 1.08304 0.0942549 1
3.65985 0.19 1.08304 0.0942549 1
3.71055 0.19 1.08304 0.0942549 1
3.71555 0.145789 1.01481 0.0712514 0
3.76124 0.19 1.08304 0.0942549 1
3.81194 0.19 1.08304 0.0942549 1
3.86264 0.19 1.08304 0.0942549 1
3.91333 0.19 1.08304 0.0942549 1
3.96403 0.19 1.08304 0.0942549 1
4.01472 0.19 1.08304 0.0942549 1
4.06542 0.19 1.08304 0.0942549 1
4.11612 0.19 1.08304 0.0942549 1
4.16681 0.19 1.08304 0.0942549 1
4.17681 0.150717 0.959241 0.0737684 0
4.21751 0.19 1.08304 0.0942549 1
4.26821 0.19 1.08304 0.0942549 1
4.3189 0.19 1.08304 0.0942549 1
4.3696 0.19 1.08304 0.0942549 1
4.4203 0.19 1.08304 0.0942549 1
4.47099 0.19 1.08304 0.0942549 1
4.52169 0.19 1.08304 0.0942549 1
4.57238 0.19 1.08304 0.0942549 1
4.62308 0.19 1.08304 0.0942549 1
4.63808 0.155413 0.9226 0.0762854 0
4.67378 0.19 1.08304 0.0942549 1
4.72447 0.19 1.08304 0.0942549 1
4.77517 0.19 1.08304 0.0942549 1
4.82587 0.19 1.08304 0.0942549 1
4.87656 0.19 1.08304 0.0942549 1
4.92726 0.19 1.08304 0.0942549 1
4.97796 0.19 1.08304 0.0942549 1
5.02865 0.19 1.08304 0.0942549 1
5.07935 0.19 1.08304 0.0942549 1
5.09935 0.159979 0.907268 0.0788024 0
5.13004 0.19 1.08304 0.0942549 1
5.18074 0.19 1.08304 0.0942549 1
5.23144 0.19 1.08304 0.0942549 1
5.28213 0.19 1.08304 0.0942549 1
5.33283 0.19 1.08304 0.0942549 1
5.38353 0.19 1.08304 0.0942549 1
5.43422 0.19 1.08304 0.0942549 1
5.48492 0.19 1.08304 0.0942549 1
5.53562 0.19 1.08304 0.0942549 1
5.56062 0.16452 0.912222 0.0813194 0
5.58631 0.19 1.08304 0.0942549 1
5.63701 0.19 1.08304 0.0942549 1
5.6877 0.19 1.08304 0.0942549 1
5.7384 0.19 1.08304 0.0942549 1
5.7891 0.19 1.08304 0.0942549 1
5.83979 0.19 1.08304 0.0942549 1
5.89049 0.19 1.08304 0.0942549 1
5.94119 0.19 1.08304 0.0942549 1
5.99188 0.19 1.08304 0.0942549 1
6.02188 0.169129 0.933865 0.0838364 0
6.04258 0.19 1.08304 0.0942549 1
6.09327 0.19 1.08304 0.0942549 1
6.14397 0.19 1.08304 0.0942549 1
6.19467 0.19 1.08304 0.0942549 1
6.24536 0.19 1.08304 0.0942549 1
6.29606 0.19 1.08304 0.0942549 1
6.34676 0.19 1.08304 0.0942549 1
6.39745 0.19 1.08304 0.0942549 1
6.44815 0.19 1.08304 0.0942549 1
6.48315 0.173878 0.966999 0.0863534 0
6.49885 0.19 1.08304 0.0942549 1
6.54954 0.19 1.08304 0.0942549 1
6.60024 0.19 1.08304 0.0942549 1
6.65093 0.19 1.08304 0.0942549 1
6.70163 0.19 1.08304 0.0942549 1
6.75233 0.19 1.08304 0.0942549 1
6.80302 0.19 1.08304 0.0942549 1
6.85372 0.19 1.08304 0.0942549 1
6.90442 0.19 1.08304 0.0942549 1
6.94442 0.178808 1.0058 0.0888704 0
6.95511 0.19 1.08304 0.0942549 1
7.00581 0.19 1.08304 0.0942549 1
7.05651 0.19 1.08304 0.0942549 1
7.1072 0.19 1.08304 0.0942549 1
7.1579 0.19 1.08304 0.0942549 1
7.20859 0.19 1.08304 0.0942549 1
7.25929 0.19 1.08304 0.0942549 1
7.30999 0.19 1.08304 0.0942549 1
7.36068 0.19 1.08304 0.0942549 1
7.40568 0.183936 1.04467 0.0913874 0
7.41138 0.19 1.08304 0.0942549 1
7.46208 0.19 1.08304 0.0942549 1
7.51277 0.19 1.08304 0.0942549 1
7.56347 0.19 1.08304 0.0942549 1
7.61417 0.19 1.08304 0.0942549 1
7.66486 0.19 1.08304 0.0942549 1
7.71556 0.19 1.08304 0.0942549 1
7.76625 0.19 1.08304 0.0942549 1
7.81695 0.19 1.08304 0.0942549 1
7.86695 0.189247 1.07887 0.0939044 0
7.86765 0.19 1.08304 0.0942549 1
7.91834 0.19 1.08304 0.0942549 1
7.96904 0.19 1.08304 0.0942549 1
8.01974 0.19 1.08304 0.0942549 1
8.07043 0.19 1.08304 0.0942549 1
8.12113 0.19 1.08304 0.0942549 1
8.17182 0.19 1.08304 0.0942549 1
8.22252 0.19 1.08304 0.0942549 1
8.27322 0.19 1.08304 0.0942549 1
8.32822 0.194711 1.10491 0.0964214 0
8.32391 0.19 1.08304 0.0942549 1
8.37461 0.19 1.08304 0.0942549 1
8.42531 0.19 1.08304 0.0942549 1
8.476 0.19 1.08304 0.0942549 1
8.5267 0.19 1.08304 0.0942549 1
8.5774 0.19 1.08304 0.0942549 1
8.62809 0.19 1.08304 0.0942549 1
8.67879 0.19 1.08304 0.0942549 1
8.72948 0.19 1.08304 0.0942549 1
8.78018 0.19 1.08304 0.0942549 1
8.78518 0.145789 1.01481 0.0712514 0
8.83088 0.19 1.08304 0.0942549 1
8.88157 0.19 1.08304 0.0942549 1
8.93227 0.19 1.08304 0.0942549 1
8.98297 0.19 1.08304 0.0942549 1
9.03366 0.19 1.08304 0.0942549 1
9.08436 0.19 1.08304 0.0942549 1
9.13506 0.19 1.08304 0.0942549 1
9.18575 0.19 1.08304 0.0942549 1
9.23645 0.19 1.08304 0.0942549 1
9.24645 0.150717 0.959241 0.0737684 0
9.28714 0.19 1.08304 0.0942549 1
9.33784 0.19 1.08304 0.0942549 1
9.38854 0.19 1.08304 0.0942549 1
9.43923 0.19 1.08304 0.0942549 1
9.48993 0.19 1.08304 0.0942549 1
9.54063 0.19 1.08304 0.0942549 1
9.59132 0.19 1.08304 0.0942549 1
9.64202 0.19 1.08304 0.0942549 1
9.69272 0.19 1.08304 0.0942549 1
9.70772 0.155413 0.9226 0.0762854 0
9.74341 0.19 1.08304 0.0942549 1
9.79411 0.19 1.08304 0.0942549 1
9.8448 0.19 1.08304 0.0942549 1
9.8955 0.19 1.08304 0.0942549 1
9.9462 0.19 1.08304 0.0942549 1
9.99689 0.19 1.08304 0.0942549 1
10.0476 0.19 1.08304 0.0942549 1
10.0983 0.19 1.08304 0.0942549 1
10.149 0.19 1.08304 0.0942549 1
10.169 0.159979 0.907268 0.0788024 0
10.1997 0.19 1.08304 0.0942549 1
10.2504 0.19 1.08304 0.0942549 1
10.3011 0.19 1.08304 0.0942549 1
10.3518 0.19 1.08304 0.0942549 1
10.4025 0.19 1.08304 0.0942549 1
10.4532 0.19 1.08304 0.0942549 1
10.5039 0.19 1.08304 0.0942549 1
10.5546 0.19 1.08304 0.0942549 1
10.6052 0.19 1.08304 0.0942549 1
10.6302 0.16452 0.912222 0.0813194 0
10.6559 0.19 1.08304 0.0942549 1
10.7066 0.19 1.08304 0.0942549 1
10.7573 0.19 1.08304 0.0942549 1
10.808 0.19 1.08304 0.0942549 1
10.8587 0.19 1.08304 0.0942549 1
10.9094 0.19 1.08304 0.0942549 1
10.9601 0.19 1.08304 0.0942549 1
11.0108 0.19 1.08304 0.0942549 1
11.0615 0.19 1.08304 0.0942549 1
11.0915 0.169129 0.933865 0.0838364 0
11.1122 0.19 1.08304 0.0942549 1
11.1629 0.19 1.08304 0.0942549 1
11.2136 0.19 1.08304 0.0942549 1
11.2643 0.19 1.08304 0.0942549 1
11.315 0.19 1.08304 0.0942549 1
11.3657 0.19 1.08304 0.0942549 1
11.4164 0.19 1.08304 0.0942549 1
11.4671 0.19 1.08304 0.0942549 1
11.5178 0.19 1.08304 0.0942549 1
11.5528 0.173878 0.966999 0.0863534 0
11.5685 0.19 1.08304 0.0942549 1
11.6192 0.19 1.08304 0.0942549 1
11.6699 0.19 1.08304 0.0942549 1
11.7206 0.19 1.08304 0.0942549 1
11.7713 0.19 1.08304 0.0942549 1
11.822 0.19 1.08304 0.0942549 1
11.8727 0.19 1.08304 0.0942549 1
11.9234 0.19 1.08304 0.0942549 1
11.9741 0.19 1.08304 0.0942549 1
12.0141 0.178808 1.0058 0.0888704 0
12.0247 0.19 1.08304 0.0942549 1
12.0754 0.19 1.08304 0.0942549 1
12.1261 0.19 1.08304 0.0942549 1
12.1768 0.19 1.08304 0.0942549 1
12.2275 0.19 1.08304 0.0942549 1
12.2782 0.19 1.08304 0.0942549 1
12.3289 0.19 1.08304 0.0942549 1
12.3796 0.19 1.08304 0.0942549 1
12.4303 0.19 1.08304 0.0942549 1
12.4753 0.183936 1.04467 0.0913874 0
12.481 0.19 1.08304 0.0942549 1
12.5317 0.19 1.08304 0.0942549 1
12.5824 0.19 1.08304 0.0942549 1
12.6331 0.19 1.08304 0.0942549 1
12.6838 0.19 1.08304 0.0942549 1
12.7345 0.19 1.08304 0.0942549 1
12.7852 0.19 1.08304 0.0942549 1
12.8359 0.19 1.08304 0.0942549 1
12.8866 0.19 1.08304 0.0942549 1
12.9366 0.189247 1.07887 0.0939044 0
12.9373 0.19 1.08304 0.0942549 1
12.988 0.19 1.08304 0.0942549 1
13.0387 0.19 1.08304 0.0942549 1
13.0894 0.19 1.08304 0.0942549 1
13.1401 0.19 1.08304 0.0942549 1
13.1908 0.19 1.08304 0.0942549 1
13.2415 0.19 1.08304 0.0942549 1
13.2922 0.19 1.08304 0.0942549 1
13.3429 0.19 1.08304 0.0942549 1
13.3979 0.194711 1.10491 0.0964214 0
13.3935 0.19 1.08304 0.0942549 1
13.4442 0.19 1.08304 0.0942549 1
13.4949 0.19 1.08304 0.0942549 1
13.5456 0.19 1.08304 0.0942549 1
13.5963 0.19 1.08304 0.0942549 1
13.647 0.19 1.08304 0.0942549 1
13.6977 0.19 1.08304 0.0942549 1
13.7484 0.19 1.08304 0.0942549 1
13.7991 0.19 1.08304 0.0942549 1
13.8498 0.19 1.08304 0.0942549 1
13.8548 0.145789 1.01481 0.0712514 0
13.9005 0.19 1.08304 0.0942549 1
13.9512 0.19 1.08304 0.0942549 1
14.0019 0.19 1.08304 0.0942549 1
14.0526 0.19 1.08304 0.0942549 1
14.1033 0.19 1.08304 0.0942549 1
14.154 0.19 1.08304 0.0942549 1
14.2047 0.19 1.08304 0.0942549 1
14.2554 0.19 1.08304 0.0942549 1
14.3061 0.19 1.08304 0.0942549 1
14.3161 0.150717 0.959241 0.0737684 0
14.3568 0.19 1.08304 0.0942549 1
14.4075 0.19 1.08304 0.0942549 1
14.4582 0.19 1.08304 0.0942549 1
14.5089 0.19 1.08304 0.0942549 1
14.5596 0.19 1.08304 0.0942549 1
14.6103 0.19 1.08304 0.0942549 1
14.661 0.19 1.08304 0.0942549 1
14.7117 0.19 1.08304 0.0942549 1
14.7623 0.19 1.08304 0.0942549 1
14.7773 0.155413 0.9226 0.0762854 0
14.813 0.19 1.08304 0.0942549 1
14.8637 0.19 1.08304 0.0942549 1
14.9144 0.19 1.08304 0.0942549 1
14.9651 0.19 1.08304 0.0942549 1
15.0158 0.19 1.08304 0.0942549 1
15.0665 0.19 1.08304 0.0942549 1
15.1172 0.19 1.08304 0.0942549 1
15.1679 0.19 1.08304 0.0942549 1
15.2186 0.19 1.08304 0.0942549 1
15.2386 0.159979 0.907268 0.0788024 0
15.2693 0.19 1.08304 0.0942549 1
15.32 0.19 1.08304 0.0942549 1
15.3707 0.19 1.08304 0.0942549 1
15.4214 0.19 1.08304 0.0942549 1
15.4721 0.19 1.08304 0.0942549 1
15.5228 0.19 1.08304 0.0942549 1
15.5735 0.19 1.08304 0.0942549 1
15.6242 0.19 1.08304 0.0942549 1
15.6749 0.19 1.08304 0.0942549 1
15.6999 0.16452 0.912222 0.0813194 0
15.7256 0.19 1.08304 0.0942549 1
15.7763 0.19 1.08304 0.0942549 1
15.827 0.19 1.08304 0.0942549 1
15.8777 0.19 1.08304 0.0942549 1
15.9284 0.19 1.08304 0.0942549 1
15.9791 0.19 1.08304 0.0942549 1
16.0298 0.19 1.08304 0.0942549 1
16.0805 0.19 1.08304 0.0942549 1
16.1312 0.19 1.08304 0.0942549 1
16.1612 0.169129 0.933865 0.0838364 0
16.1818 0.19 1.08304 0.0942549 1
16.2325 0.19 1.08304 0.0942549 1
16.2832 0.19 1.08304 0.0942549 1
16.3339 0.19 1.08304 0.0942549 1
16.3846 0.19 1.08304 0.0942549 1
16.4353 0.19 1.08304 0.0942549 1
16.486 0.19 1.08304 0.0942549 1
16.5367 0.19 1.08304 0.0942549 1
16.5874 0.19 1.08304 0.0942549 1
16.6224 0.173878 0.966999 0.0863534 0
16.6381 0.19 1.08304 0.0942549 1
16.6888 0.19 1.08304 0.0942549 1
16.7395 0.19 1.08304 0.0942549 1
16.7902 0.19 1.08304 0.0942549 1
16.8409 0.19 1.08304 0.0942549 1
16.8916 0.19 1.08304 0.0942549 1
16.9423 0.19 1.08304 0.0942549 1
16.993 0.19 1.08304 0.0942549 1
17.0437 0.19 1.08304 0.0942549 1
17.0837 0.178808 1.0058 0.0888704 0
17.0944 0.19 1.08304 0.0942549 1
17.1451 0.19 1.08304 0.0942549 1
17.1958 0.19 1.08304 0.0942549 1
17.2465 0.19 1.08304 0.0942549 1
17.2972 0.19 1.08304 0.0942549 1
17.3479 0.19 1.08304 0.0942549 1
17.3986 0.19 1.08304 0.0942549 1
17.4493 0.19 1.08304 0.0942549 1
17.5 0.19 1.08304 0.0942549 1
17.545 0.183936 1.04467 0.0913874 0
17.5506 0.19 1.08304 0.0942549 1
17.6013 0.19 1.08304 0.0942549 1
17.652 0.19 1.08304 0.0942549 1
17.7027 0.19 1.08304 0.0942549 1
17.7534 0.19 1.08304 0.0942549 1
17.8041 0.19 1.08304 0.0942549 1
17.8548 0.19 1.08304 0.0942549 1
17.9055 0.19 1.08304 0.0942549 1
17.9562 0.19 1.08304 0.0942549 1
18.0062 0.189247 1.07887 0.0939044 0
18.0069 0.19 1.08304 0.0942549 1
18.0576 0.19 1.08304 0.0942549 1
18.1083 0.19 1.08304 0.0942549 1
18.159 0.19 1.08304 0.0942549 1
18.2097 0.19 1.08304 0.0942549 1
18.2604 0.19 1.08304 0.0942549 1
18.3111 0.19 1.08304 0.0942549 1
18.3618 0.19 1.08304 0.0942549 1
18.4125 0.19 1.08304 0.0942549 1
18.4675 0.194711 1.10491 0.0964214 0
18.4632 0.19 1.08304 0.0942549 1
18.5139 0.19 1.08304 0.0942549 1
18.5646 0.19 1.08304 0.0942549 1
18.6153 0.19 1.08304 0.0942549 1
18.666 0.19 1.08304 0.0942549 1
18.7167 0.19 1.08304 0.0942549 1
18.7674 0.19 1.08304 0.0942549 1
18.8181 0.19 1.08304 0.0942549 1
18.8688 0.19 1.08304 0.0942549 1
18.9194 0.19 1.08304 0.0942549 1
18.9244 0.145789 1.01481 0.0712514 0
18.9701 0.19 1.08304 0.0942549 1
19.0208 0.19 1.08304 0.0942549 1
19.0715 0.19 1.08304 0.0942549 1
19.1222 0.19 1.08304 0.0942549 1
19.1729 0.19 1.08304 0.0942549 1
19.2236 0.19 1.08304 0.0942549 1
19.2743 0.19 1.08304 0.0942549 1
19.325 0.19 1.08304 0.0942549 1
19.3757 0.19 1.08304 0.0942549 1
19.3857 0.150717 0.959241 0.0737684 0
19.4264 0.19 1.08304 0.0942549 1
19.4771 0.19 1.08304 0.0942549 1
19.5278 0.19 1.08304 0.0942549 1
19.5785 0.19 1.08304 0.0942549 1
19.6292 0.19 1.08304 0.0942549 1
19.6799 0.19 1.08304 0.0942549 1
19.7306 0.19 1.08304 0.0942549 1
19.7813 0.19 1.08304 0.0942549 1
19.832 0.19 1.08304 0.0942549 1
19.847 0.155413 0.9226 0.0762854 0
19.8827 0.19 1.08304 0.0942549 1
19.9334 0.19 1.08304 0.0942549 1
19.9841 0.19 1.08304 0.0942549 1
20.0348 0.19 1.08304 0.0942549 1
20.0855 0.19 1.08304 0.0942549 1
20.1362 0.19 1.08304 0.0942549 1
20.1869 0.19 1.08304 0.0942549 1
20.2376 0.19 1.08304 0.0942549 1
20.2883 0.19 1.08304 0.0942549 1
20.3083 0.159979 0.907268 0.0788024 0
20.3389 0.19 1.08304 0.0942549 1
20.3896 0.19 1.08304 0.0942549 1
20.4403 0.19 1.08304 0.0942549 1
20.491 0.19 1.08304 0.0942549 1
20.5417 0.19 1.08304 0.0942549 1
20.5924 0.19 1.08304 0.0942549 1
20.6431 0.19 1.08304 0.0942549 1
20.6938 0.19 1.08304 0.0942549 1
20.7445 0.19 1.08304 0.0942549 1
20.7695 0.16452 0.912222 0.0813194 0
20.7952 0.19 1.08304 0.0942549 1
20.8459 0.19 1.08304 0.0942549 1
20.8966 0.19 1.08304 0.0942549 1
20.9473 0.19 1.08304 0.0942549 1
20.998 0.19 1.08304 0.0942549 1
21.0487 0.19 1.08304 0.0942549 1
21.0994 0.19 1.08304 0.0942549 1
21.1501 0.19 1.08304 0.0942549 1
21.2008 0.19 1.08304 0.0942549 1
21.2308 0.169129 0.933865 0.0838364 0
21.2515 0.19 1.08304 0.0942549 1
21.3022 0.19 1.08304 0.0942549 1
21.3529 0.19 1.08304 0.0942549 1
21.4036 0.19 1.08304 0.0942549 1
21.4543 0.19 1.08304 0.0942549 1
21.505 0.19 1.08304 0.0942549 1
21.5557 0.19 1.08304 0.0942549 1
21.6064 0.19 1.08304 0.0942549 1
21.6571 0.19 1.08304 0.0942549 1
21.6921 0.173878 0.966999 0.0863534 0
21.7077 0.19 1.08304 0.0942549 1
21.7584 0.19 1.08304 0.0942549 1
21.8091 0.19 1.08304 0.0942549 1
21.8598 0.19 1.08304 0.0942549 1
21.9105 0.19 1.08304 0.0942549 1
21.9612 0.19 1.08304 0.0942549 1
22.0119 0.19 1.08304 0.0942549 1
22.0626 0.19 1.08304 0.0942549 1
22.1133 0.19 1.08304 0.0942549 1
22.1533 0.178808 1.0058 0.0888704 0
22.164 0.19 1.08304 0.0942549 1
22.2147 0.19 1.08304 0.0942549 1
22.2654 0.19 1.08304 0.0942549 1
22.3161 0.19 1.08304 0.0942549 1
22.3668 0.19 1.08304 0.0942549 1
22.4175 0.19 1.08304 0.0942549 1
22.4682 0.19 1.08304 0.0942549 1
22.5189 0.19 1.08304 0.0942549 1
22.5696 0.19 1.08304 0.0942549 1
22.6146 0.183936 1.04467 0.0913874 0
22.6203 0.19 1.08304 0.0942549 1
22.671 0.19 1.08304 0.0942549 1
22.7217 0.19 1.08304 0.0942549 1
22.7724 0.19 1.08304 0.0942549 1
22.8231 0.19 1.08304 0.0942549 1
22.8738 0.19 1.08304 0.0942549 1
22.9245 0.19 1.08304 0.0942549 1
22.9752 0.19 1.08304 0.0942549 1
23.0259 0.19 1.08304 0.0942549 1
23.0759 0.189247 1.07887 0.0939044 0
23.0765 0.19 1.08304 0.0942549 1
23.1272 0.19 1.08304 0.0942549 1
23.1779 0.19 1.08304 0.0942549 1
23.2286 0.19 1.08304 0.0942549 1
23.2793 0.19 1.08304 0.0942549 1
23.33 0.19 1.08304 0.0942549 1
23.3807 0.19 1.08304 0.0942549 1
23.4314 0.19 1.08304 0.0942549 1
23.4821 0.19 1.08304 0.0942549 1
23.5371 0.194711 1.10491 0.0964214 0
23.5328 0.19 1.08304 0.0942549 1
23.5835 0.19 1.08304 0.0942549 1
23.6342 0.19 1.08304 0.0942549 1
23.6849 0.19 1.08304 0.0942549 1
23.7356 0.19 1.08304 0.0942549 1
23.7863 0.19 1.08304 0.0942549 1
23.837 0.19 1.08304 0.0942549 1
23.8877 0.19 1.08304 0.0942549 1
23.9384 0.19 1.08304 0.0942549 1
23.9891 0.19 1.08304 0.0942549 1
23.9941 0.145789 1.01481 0.0712514 0
24.0398 0.19 1.08304 0.0942549 1
24.0905 0.19 1.08304 0.0942549 1
24.1412 0.19 1.08304 0.0942549 1
24.1919 0.19 1.08304 0.0942549 1
24.2426 0.19 1.08304 0.0942549 1
24.2933 0.19 1.08304 0.0942549 1
24.344 0.19 1.08304 0.0942549 1
24.3947 0.19 1.08304 0.0942549 1
24.4454 0.19 1.08304 0.0942549 1
24.4554 0.150717 0.959241 0.0737684 0
24.496 0.19 1.08304 0.0942549 1
24.5467 0.19 1.08304 0.0942549 1
24.5974 0.19 1.08304 0.0942549 1
24.6481 0.19 1.08304 0.0942549 1
24.6988 0.19 1.08304 0.0942549 1
24.7495 0.19 1.08304 0.0942549 1
24.8002 0.19 1.08304 0.0942549 1
24.8509 0.19 1.08304 0.0942549 1
24.9016 0.19 1.08304 0.0942549 1
24.9166 0.155413 0.9226 0.0762854 0
24.9523 0.19 1.08304 0.0942549 1
25.003 0.19 1.08304 0.0942549 1
25.0537 0.19 1.08304 0.0942549 1
25.1044 0.19 1.08304 0.0942549 1
25.1551 0.19 1.08304 0.0942549 1
25.2058 0.19 1.08304 0.0942549 1
25.2565 0.19 1.08304 0.0942549 1
25.3072 0.19 1.08304 0.0942549 1
25.3579 0.19 1.08304 0.0942549 1
25.3779 0.159979 0.907268 0.0788024 0
25.4086 0.19 1.08304 0.0942549 1
25.4593 0.19 1.08304 0.0942549 1
25.51 0.19 1.08304 0.0942549 1
25.5607 0.19 1.08304 0.0942549 1
25.6114 0.19 1.08304 0.0942549 1
25.6621 0.19 1.08304 0.0942549 1
25.7128 0.19 1.08304 0.0942549 1
25.7635 0.19 1.08304 0.0942549 1
25.8142 0.19 1.08304 0.0942549 1
25.8392 0.16452 0.912222 0.0813194 0
25.8648 0.19 1.08304 0.0942549 1
25.9155 0.19 1.08304 0.0942549 1
25.9662 0.19 1.08304 0.0942549 1
26.0169 0.19 1.08304 0.0942549 1
26.0676 0.19 1.08304 0.0942549 1
26.1183 0.19 1.08304 0.0942549 1
26.169 0.19 1.08304 0.0942549 1
26.2197 0.19 1.08304 0.0942549 1
26.2704 0.19 1.08304 0.0942549 1
26.3004 0.169129 0.933865 0.0838364 0
26.3211 0.19 1.08304 0.0942549 1
26.3718 0.19 1.08304 0.0942549 1
26.4225 0.19 1.08304 0.0942549 1
26.4732 0.19 1.08304 0.0942549 1
26.5239 0.19 1.08304 0.0942549 1
26.5746 0.19 1.08304 0.0942549 1
26.6253 0.19 1.08304 0.0942549 1
26.676 0.19 1.08304 0.0942549 1
26.7267 0.19 1.08304 0.0942549 1
26.7617 0.173878 0.966999 0.0863534 0
26.7774 0.19 1.08304 0.0942549 1
26.8281 0.19 1.08304 0.0942549 1
26.8788 0.19 1.08304 0.0942549 1
26.9295 0.19 1.08304 0.0942549 1
26.9802 0.19 1.08304 0.0942549 1
27.0309 0.19 1.08304 0.0942549 1
27.0816 0.19 1.08304 0.0942549 1
27.1323 0.19 1.08304 0.0942549 1
27.183 0.19 1.08304 0.0942549 1
27.223 0.178808 1.0058 0.0888704 0
27.2336 0.19 1.08304 0.0942549 1
27.2843 0.19 1.08304 0.0942549 1
27.335 0.19 1.08304 0.0942549 1
27.3857 0.19 1.08304 0.0942549 1
27.4364 0.19 1.08304 0.0942549 1
27.4871 0.19 1.08304 0.0942549 1
27.5378 0.19 1.08304 0.0942549 1
27.5885 0.19 1.08304 0.0942549 1
27.6392 0.19 1.08304 0.0942549 1
27.6842 0.183936 1.04467 0.0913874 0
27.6899 0.19 1.08304 0.0942549 1
27.7406 0.19 1.08304 0.0942549 1
27.7913 0.19 1.08304 0.0942549 1
27.842 0.19 1.08304 0.0942549 1
27.8927 0.19 1.08304 0.0942549 1
27.9434 0.19 1.08304 0.0942549 1
27.9941 0.19 1.08304 0.0942549 1
28.0448 0.19 1.08304 0.0942549 1
28.0955 0.19 1.08304 0.0942549 1
28.1455 0.189247 1.07887 0.0939044 0
28.1462 0.19 1.08304 0.0942549 1
28.1969 0.19 1.08304 0.0942549 1
28.2476 0.19 1.08304 0.0942549 1
28.2983 0.19 1.08304 0.0942549 1
28.349 0.19 1.08304 0.0942549 1
28.3997 0.19 1.08304 0.0942549 1
28.4504 0.19 1.08304 0.0942549 1
28.5011 0.19 1.08304 0.0942549 1
28.5518 0.19 1.08304 0.0942549 1
28.6068 0.194711 1.10491 0.0964214 0
28.6025 0.19 1.08304 0.0942549 1
28.6531 0.19 1.08304 0.0942549 1
28.7038 0.19 1.08304 0.0942549 1
28.7545 0.19 1.08304 0.0942549 1
28.8052 0.19 1.08304 0.0942549 1
28.8559 0.19 1.08304 0.0942549 1
28.9066 0.19 1.08304 0.0942549 1
28.9573 0.19 1.08304 0.0942549 1
29.008 0.19 1.08304 0.0942549 1
29.0587 0.19 1.08304 0.0942549 1
29.0637 0.145789 1.01481 0.0712514 0
29.1094 0.19 1.08304 0.0942549 1
29.1601 0.19 1.08304 0.0942549 1
29.2108 0.19 1.08304 0.0942549 1
29.2615 0.19 1.08304 0.0942549 1
29.3122 0.19 1.08304 0.0942549 1
29.3629 0.19 1.08304 0.0942549 1
29.4136 0.19 1.08304 0.0942549 1
29.4643 0.19 1.08304 0.0942549 1
29.515 0.19 1.08304 0.0942549 1
29.525 0.150717 0.959241 0.0737684 0
29.5657 0.19 1.08304 0.0942549 1
29.6164 0.19 1.08304 0.0942549 1
29.6671 0.19 1.08304 0.0942549 1
29.7178 0.19 1.08304 0.0942549 1
29.7685 0.19 1.08304 0.0942549 1
29.8192 0.19 1.08304 0.0942549 1
29.8699 0.19 1.08304 0.0942549 1
29.9206 0.19 1.08304 0.0942549 1
29.9713 0.19 1.08304 0.0942549 1
29.9863 0.155413 0.9226 0.0762854 0
30.0219 0.19 1.08304 0.0942549 1
30.0726 0.19 1.08304 0.0942549 1
30.1233 0.19 1.08304 0.0942549 1
30.174 0.19 1.08304 0.0942549 1
30.2247 0.19 1.08304 0.0942549 1
30.2754 0.19 1.08304 0.0942549 1
30.3261 0.19 1.08304 0.0942549 1
30.3768 0.19 1.08304 0.0942549 1
30.4275 0.19 1.08304 0.0942549 1
30.4475 0.159979 0.907268 0.0788024 0
30.4782 0.19 1.08304 0.0942549 1
30.5289 0.19 1.08304 0.0942549 1
30.5796 0.19 1.08304 0.0942549 1
30.6303 0.19 1.08304 0.0942549 1
30.681 0.19 1.08304 0.0942549 1
30.7317 0.19 1.08304 0.0942549 1
30.7824 0.19 1.08304 0.0942549 1
30.8331 0.19 1.08304 0.0942549 1
30.8838 0.19 1.08304 0.0942549 1
30.9088 0.16452 0.912222 0.0813194 0
30.9345 0.19 1.08304 0.0942549 1
30.9852 0.19 1.08304 0.0942549 1
31.0359 0.19 1.08304 0.0942549 1
31.0866 0.19 1.08304 0.0942549 1
31.1373 0.19 1.08304 0.0942549 1
31.188 0.19 1.08304 0.0942549 1
31.2387 0.19 1.08304 0.0942549 1
31.2894 0.19 1.08304 0.0942549 1
31.3401 0.19 1.08304 0.0942549 1
31.3701 0.169129 0.933865 0.0838364 0
31.3907 0.19 1.08304 0.0942549 1
31.4414 0.19 1.08304 0.0942549 1
31.4921 0.19 1.08304 0.0942549 1
31.5428 0.19 1.08304 0.0942549 1
31.5935 0.19 1.08304 0.0942549 1
31.6442 0.19 1.08304 0.0942549 1
31.6949 0.19 1.08304 0.0942549 1
31.7456 0.19 1.08304 0.0942549 1
31.7963 0.19 1.08304 0.0942549 1
31.8313 0.173878 0.966999 0.0863534 0
31.847 0.19 1.08304 0.0942549 1
31.8977 0.19 1.08304 0.0942549 1
31.9484 0.19 1.08304 0.0942549 1
31.9991 0.19 1.08304 0.0942549 1
32.0498 0.19 1.08304 0.0942549 1
32.1005 0.19 1.08304 0.0942549 1
32.1512 0.19 1.08304 0.0942549 1
32.2019 0.19 1.08304 0.0942549 1
32.2526 0.19 1.08304 0.0942549 1
32.2926 0.178808 1.0058 0.0888704 0
32.3033 0.19 1.08304 0.0942549 1
32.354 0.19 1.08304 0.0942549 1
32.4047 0.19 1.08304 0.0942549 1
32.4554 0.19 1.08304 0.0942549 1
32.5061 0.19 1.08304 0.0942549 1
32.5568 0.19 1.08304 0.0942549 1
32.6075 0.19 1.08304 0.0942549 1
32.6582 0.19 1.08304 0.0942549 1
32.7089 0.19 1.08304 0.0942549 1
32.7539 0.183936 1.04467 0.0913874 0
32.7596 0.19 1.08304 0.0942549 1
32.8102 0.19 1.08304 0.0942549 1
32.8609 0.19 1.08304 0.0942549 1
32.9116 0.19 1.08304 0.0942549 1
32.9623 0.19 1.08304 0.0942549 1
33.013 0.19 1.08304 0.0942549 1
33.0637 0.19 1.08304 0.0942549 1
33.1144 0.19 1.08304 0.0942549 1
33.1651 0.19 1.08304 0.0942549 1
33.2151 0.189247 1.07887 0.0939044 0
33.2158 0.19 1.08304 0.0942549 1
33.2665 0.19 1.08304 0.0942549 1
33.3172 0.19 1.08304 0.0942549 1
33.3679 0.19 1.08304 0.0942549 1
33.4186 0.19 1.08304 0.0942549 1
33.4693 0.19 1.08304 0.0942549 1
33.52 0.19 1.08304 0.0942549 1
33.5707 0.19 1.08304 0.0942549 1
33.6214 0.19 1.08304 0.0942549 1
33.6764 0.194711 1.10491 0.0964214 0
33.6721 0.19 1.08304 0.0942549 1
33.7228 0.19 1.08304 0.0942549 1
33.7735 0.19 1.08304 0.0942549 1
33.8242 0.19 1.08304 0.0942549 1
33.8749 0.19 1.08304 0.0942549 1
33.9256 0.19 1.08304 0.0942549 1
33.9763 0.19 1.08304 0.0942549 1
34.027 0.19 1.08304 0.0942549 1
34.0777 0.19 1.08304 0.0942549 1
34.1284 0.19 1.08304 0.0942549 1
34.1334 0.145789 1.01481 0.0712514 0
34.179 0.19 1.08304 0.0942549 1
34.2297 0.19 1.08304 0.0942549 1
34.2804 0.19 1.08304 0.0942549 1
34.3311 0.19 1.08304 0.0942549 1
34.3818 0.19 1.08304 0.0942549 1
34.4325 0.19 1.08304 0.0942549 1
34.4832 0.19 1.08304 0.0942549 1
34.5339 0.19 1.08304 0.0942549 1
34.5846 0.19 1.08304 0.0942549 1
34.5946 0.150717 0.959241 0.0737684 0
34.6353 0.19 1.08304 0.0942549 1
34.686 0.19 1.08304 0.0942549 1
34.7367 0.19 1.08304 0.0942549 1
34.7874 0.19 1.08304 0.0942549 1
34.8381 0.19 1.08304 0.0942549 1
34.8888 0.19 1.08304 0.0942549 1
34.9395 0.19 1.08304 0.0942549 1
34.9902 0.19 1.08304 0.0942549 1
35.0409 0.19 1.08304 0.0942549 1
35.0559 0.155413 0.9226 0.0762854 0
35.0916 0.19 1.08304 0.0942549 1
35.1423 0.19 1.08304 0.0942549 1
35.193 0.19 1.08304 0.0942549 1
35.2437 0.19 1.08304 0.0942549 1
35.2944 0.19 1.08304 0.0942549 1
35.3451 0.19 1.08304 0.0942549 1
35.3958 0.19 1.08304 0.0942549 1
35.4465 0.19 1.08304 0.0942549 1
35.4972 0.19 1.08304 0.0942549 1
35.5172 0.159979 0.907268 0.0788024 0
35.5478 0.19 1.08304 0.0942549 1
35.5985 0.19 1.08304 0.0942549 1
35.6492 0.19 1.08304 0.0942549 1
35.6999 0.19 1.08304 0.0942549 1
35.7506 0.19 1.08304 0.0942549 1
35.8013 0.19 1.08304 0.0942549 1
35.852 0.19 1.08304 0.0942549 1
35.9027 0.19 1.08304 0.0942549 1
35.9534 0.19 1.08304 0.0942549 1
35.9784 0.16452 0.912222 0.0813194 0
36.0041 0.19 1.08304 0.0942549 1
36.0548 0.19 1.08304 0.0942549 1
36.1055 0.19 1.08304 0.0942549 1
36.1562 0.19 1.08304 0.0942549 1
36.2069 0.19 1.08304 0.0942549 1
36.2576 0.19 1.08304 0.0942549 1
36.3083 0.19 1.08304 0.0942549 1
36.359 0.19 1.08304 0.0942549 1
36.4097 0.19 1.08304 0.0942549 1
36.4397 0.169129 0.933865 0.0838364 0
36.4604 0.19 1.08304 0.0942549 1
36.5111 0.19 1.08304 0.0942549 1
36.5618 0.19 1.08304 0.0942549 1
36.6125 0.19 1.08304 0.0942549 1
36.6632 0.19 1.08304 0.0942549 1
36.7139 0.19 1.08304 0.0942549 1
36.7646 0.19 1.08304 0.0942549 1
36.8153 0.19 1.08304 0.0942549 1
36.866 0.19 1.08304 0.0942549 1
36.901 0.173878 0.966999 0.0863534 0
36.9167 0.19 1.08304 0.0942549 1
36.9673 0.19 1.08304 0.0942549 1
37.018 0.19 1.08304 0.0942549 1
37.0687 0.19 1.08304 0.0942549 1
37.1194 0.19 1.08304 0.0942549 1
37.1701 0.19 1.08304 0.0942549 1
37.2208 0.19 1.08304 0.0942549 1
37.2715 0.19 1.08304 0.0942549 1
37.3222 0.19 1.08304 0.0942549 1
37.3622 0.178808 1.0058 0.0888704 0
37.3729 0.19 1.08304 0.0942549 1
37.4236 0.19 1.08304 0.0942549 1
37.4743 0.19 1.08304 0.0942549 1
37.525 0.19 1.08304 0.0942549 1
37.5757 0.19 1.08304 0.0942549 1
37.6264 0.19 1.08304 0.0942549 1
37.6771 0.19 1.08304 0.0942549 1
37.7278 0.19 1.08304 0.0942549 1
37.7785 0.19 1.08304 0.0942549 1
37.8235 0.183936 1.04467 0.0913874 0
37.8292 0.19 1.08304 0.0942549 1
37.8799 0.19 1.08304 0.0942549 1
37.9306 0.19 1.08304 0.0942549 1
37.9813 0.19 1.08304 0.0942549 1
38.032 0.19 1.08304 0.0942549 1
38.0827 0.19 1.08304 0.0942549 1
38.1334 0.19 1.08304 0.0942549 1
38.1841 0.19 1.08304 0.0942549 1
38.2348 0.19 1.08304 0.0942549 1
38.2848 0.189247 1.07887 0.0939044 0
38.2855 0.19 1.08304 0.0942549 1
38.3361 0.19 1.08304 0.0942549 1
38.3868 0.19 1.08304 0.0942549 1
38.4375 0.19 1.08304 0.0942549 1
38.4882 0.19 1.08304 0.0942549 1
38.5389 0.19 1.08304 0.0942549 1
38.5896 0.19 1.08304 0.0942549 1
38.6403 0.19 1.08304 0.0942549 1
38.691 0.19 1.08304 0.0942549 1
38.746 0.194711 1.10491 0.0964214 0
38.7417 0.19 1.08304 0.0942549 1
38.7924 0.19 1.08304 0.0942549 1
38.8431 0.19 1.08304 0.0942549 1
38.8938 0.19 1.08304 0.0942549 1
38.9445 0.19 1.08304 0.0942549 1
38.9952 0.19 1.08304 0.0942549 1
39.0459 0.19 1.08304 0.0942549 1
39.0966 0.19 1.08304 0.0942549 1
39.1473 0.19 1.08304 0.0942549 1
39.198 0.19 1.08304 0.0942549 1
39.203 0.145789 1.01481 0.0712514 0
39.2487 0.19 1.08304 0.0942549 1
39.2994 0.19 1.08304 0.0942549 1
39.3501 0.19 1.08304 0.0942549 1
39.4008 0.19 1.08304 0.0942549 1
39.4515 0.19 1.08304 0.0942549 1
39.5022 0.19 1.08304 0.0942549 1
39.5529 0.19 1.08304 0.0942549 1
39.6036 0.19 1.08304 0.0942549 1
39.6543 0.19 1.08304 0.0942549 1
39.6643 0.150717 0.959241 0.0737684 0
39.705 0.19 1.08304 0.0942549 1
39.7556 0.19 1.08304 0.0942549 1
39.8063 0.19 1.08304 0.0942549 1
39.857 0.19 1.08304 0.0942549 1
39.9077 0.19 1.08304 0.0942549 1
39.9584 0.19 1.08304 0.0942549 1
40.0091 0.19 1.08304 0.0942549 1
40.0598 0.19 1.08304 0.0942549 1
40.1105 0.19 1.08304 0.0942549 1
40.1255 0.155413 0.9226 0.0762854 0
40.1612 0.19 1.08304 0.0942549 1
40.2119 0.19 1.08304 0.0942549 1
40.2626 0.19 1.08304 0.0942549 1
40.3133 0.19 1.08304 0.0942549 1
40.364 0.19 1.08304 0.0942549 1
40.4147 0.19 1.08304 0.0942549 1
40.4654 0.19 1.08304 0.0942549 1
40.5161 0.19 1.08304 0.0942549 1
40.5668 0.19 1.08304 0.0942549 1
40.5868 0.159979 0.907268 0.0788024 0
40.6175 0.19 1.08304 0.0942549 1
40.6682 0.19 1.08304 0.0942549 1
40.7189 0.19 1.08304 0.0942549 1
40.7696 0.19 1.08304 0.0942549 1
40.8203 0.19 1.08304 0.0942549 1
40.871 0.19 1.08304 0.0942549 1
40.9217 0.19 1.08304 0.0942549 1
40.9724 0.19 1.08304 0.0942549 1
41.0231 0.19 1.08304 0.0942549 1
41.0481 0.16452 0.912222 0.0813194 0
41.0738 0.19 1.08304 0.0942549 1
41.1244 0.19 1.08304 0.0942549 1
41.1751 0.19 1.08304 0.0942549 1
41.2258 0.19 1.08304 0.0942549 1
41.2765 0.19 1.08304 0.0942549 1
41.3272 0.19 1.08304 0.0942549 1
41.3779 0.19 1.08304 0.0942549 1
41.4286 0.19 1.08304 0.0942549 1
41.4793 0.19 1.08304 0.0942549 1
41.5093 0.169129 0.933865 0.0838364 0
41.53 0.19 1.08304 0.0942549 1
41.5807 0.19 1.08304 0.0942549 1
41.6314 0.19 1.08304 0.0942549 1
41.6821 0.19 1.08304 0.0942549 1
41.7328 0.19 1.08304 0.0942549 1
41.7835 0.19 1.08304 0.0942549 1
41.8342 0.19 1.08304 0.0942549 1
41.8849 0.19 1.08304 0.0942549 1
41.9356 0.19 1.08304 0.0942549 1
41.9706 0.173878 0.966999 0.0863534 0
41.9863 0.19 1.08304 0.0942549 1
42.037 0.19 1.08304 0.0942549 1
42.0877 0.19 1.08304 0.0942549 1
42.1384 0.19 1.08304 0.0942549 1
42.1891 0.19 1.08304 0.0942549 1
42.2398 0.19 1.08304 0.0942549 1
42.2905 0.19 1.08304 0.0942549 1
42.3412 0.19 1.08304 0.0942549 1
42.3919 0.19 1.08304 0.0942549 1
42.4319 0.178808 1.0058 0.0888704 0
42.4426 0.19 1.08304 0.0942549 1
42.4932 0.19 1.08304 0.0942549 1
42.5439 0.19 1.08304 0.0942549 1
42.5946 0.19 1.08304 0.0942549 1
42.6453 0.19 1.08304 0.0942549 1
42.696 0.19 1.08304 0.0942549 1
42.7467 0.19 1.08304 0.0942549 1
42.7974 0.19 1.08304 0.0942549 1
42.8481 0.19 1.08304 0.0942549 1
42.8931 0.183936 1.04467 0.0913874 0
42.8988 0.19 1.08304 0.0942549 1
42.9495 0.19 1.08304 0.0942549 1
43.0002 0.19 1.08304 0.0942549 1
43.0509 0.19 1.08304 0.0942549 1
43.1016 0.19 1.08304 0.0942549 1
43.1523 0.19 1.08304 0.0942549 1
43.203 0.19 1.08304 0.0942549 1
43.2537 0.19 1.08304 0.0942549 1
43.3044 0.19 1.08304 0.0942549 1
43.3544 0.189247 1.07887 0.0939044 0
43.3551 0.19 1.08304 0.0942549 1
43.4058 0.19 1.08304 0.0942549 1
43.4565 0.19 1.08304 0.0942549 1
43.5072 0.19 1.08304 0.0942549 1
43.5579 0.19 1.08304 0.0942549 1
43.6086 0.19 1.08304 0.0942549 1
43.6593 0.19 1.08304 0.0942549 1
43.71 0.19 1.08304 0.0942549 1
43.7607 0.19 1.08304 0.0942549 1
43.8157 0.194711 1.10491 0.0964214 0
43.8114 0.19 1.08304 0.0942549 1
43.8621 0.19 1.08304 0.0942549 1
43.9127 0.19 1.08304 0.0942549 1
43.9634 0.19 1.08304 0.0942549 1
44.0141 0.19 1.08304 0.0942549 1
44.0648 0.19 1.08304 0.0942549 1
44.1155 0.19 1.08304 0.0942549 1
44.1662 0.19 1.08304 0.0942549 1
44.2169 0.19 1.08304 0.0942549 1
44.2676 0.19 1.08304 0.0942549 1
44.2726 0.145789 1.01481 0.0712514 0
44.3183 0.19 1.08304 0.0942549 1
44.369 0.19 1.08304 0.0942549 1
44.4197 0.19 1.08304 0.0942549 1
44.4704 0.19 1.08304 0.0942549 1
44.5211 0.19 1.08304 0.0942549 1
44.5718 0.19 1.08304 0.0942549 1
44.6225 0.19 1.08304 0.0942549 1
44.6732 0.19 1.08304 0.0942549 1
44.7239 0.19 1.08304 0.0942549 1
44.7339 0.150717 0.959241 0.0737684 0
44.7746 0.19 1.08304 0.0942549 1
44.8253 0.19 1.08304 0.0942549 1
44.876 0.19 1.08304 0.0942549 1
44.9267 0.19 1.08304 0.0942549 1
44.9774 0.19 1.08304 0.0942549 1
45.0281 0.19 1.08304 0.0942549 1
45.0788 0.19 1.08304 0.0942549 1
45.1295 0.19 1.08304 0.0942549 1
45.1802 0.19 1.08304 0.0942549 1
45.1952 0.155413 0.9226 0.0762854 0
45.2309 0.19 1.08304 0.0942549 1
45.2815 0.19 1.08304 0.0942549 1
45.3322 0.19 1.08304 0.0942549 1
45.3829 0.19 1.08304 0.0942549 1
45.4336 0.19 1.08304 0.0942549 1
45.4843 0.19 1.08304 0.0942549 1
45.535 0.19 1.08304 0.0942549 1
45.5857 0.19 1.08304 0.0942549 1
45.6364 0.19 1.08304 0.0942549 1
45.6564 0.159979 0.907268 0.0788024 0
45.6871 0.19 1.08304 0.0942549 1
45.7378 0.19 1.08304 0.0942549 1
45.7885 0.19 1.08304 0.0942549 1
45.8392 0.19 1.08304 0.0942549 1
45.8899 0.19 1.08304 0.0942549 1
45.9406 0.19 1.08304 0.0942549 1
45.9913 0.19 1.08304 0.0942549 1
46.042 0.19 1.08304 0.0942549 1
46.0927 0.19 1.08304 0.0942549 1
46.1177 0.16452 0.912222 0.0813194 0
46.1434 0.19 1.08304 0.0942549 1
46.1941 0.19 1.08304 0.0942549 1
46.2448 0.19 1.08304 0.0942549 1
46.2955 0.19 1.08304 0.0942549 1
46.3462 0.19 1.08304 0.0942549 1
46.3969 0.19 1.08304 0.0942549 1
46.4476 0.19 1.08304 0.0942549 1
46.4983 0.19 1.08304 0.0942549 1
46.549 0.19 1.08304 0.0942549 1
46.579 0.169129 0.933865 0.0838364 0
46.5997 0.19 1.08304 0.0942549 1
46.6503 0.19 1.08304 0.0942549 1
46.701 0.19 1.08304 0.0942549 1
46.7517 0.19 1.08304 0.0942549 1
46.8024 0.19 1.08304 0.0942549 1
46.8531 0.19 1.08304 0.0942549 1
46.9038 0.19 1.08304 0.0942549 1
46.9545 0.19 1.08304 0.0942549 1
47.0052 0.19 1.08304 0.0942549 1
47.0402 0.173878 0.966999 0.0863534 0
47.0559 0.19 1.08304 0.0942549 1
47.1066 0.19 1.08304 0.0942549 1
47.1573 0.19 1.08304 0.0942549 1
47.208 0.19 1.08304 0.0942549 1
47.2587 0.19 1.08304 0.0942549 1
47.3094 0.19 1.08304 0.0942549 1
47.3601 0.19 1.08304 0.0942549 1
47.4108 0.19 1.08304 0.0942549 1
47.4615 0.19 1.08304 0.0942549 1
47.5015 0.178808 1.0058 0.0888704 0
47.5122 0.19 1.08304 0.0942549 1
47.5629 0.19 1.08304 0.0942549 1
47.6136 0.19 1.08304 0.0942549 1
47.6643 0.19 1.08304 0.0942549 1
47.715 0.19 1.08304 0.0942549 1
47.7657 0.19 1.08304 0.0942549 1
47.8164 0.19 1.08304 0.0942549 1
47.8671 0.19 1.08304 0.0942549 1
47.9178 0.19 1.08304 0.0942549 1
47.9628 0.183936 1.04467 0.0913874 0
47.9685 0.19 1.08304 0.0942549 1
48.0192 0.19 1.08304 0.0942549 1
48.0698 0.19 1.08304 0.0942549 1
48.1205 0.19 1.08304 0.0942549 1
48.1712 0.19 1.08304 0.0942549 1
48.2219 0.19 1.08304 0.0942549 1
48.2726 0.19 1.08304 0.0942549 1
48.3233 0.19 1.08304 0.0942549 1
48.374 0.19 1.08304 0.0942549 1
48.424 0.189247 1.07887 0.0939044 0
48.4247 0.19 1.08304 0.0942549 1
48.4754 0.19 1.08304 0.0942549 1
48.5261 0.19 1.08304 0.0942549 1
48.5768 0.19 1.08304 0.0942549 1
48.6275 0.19 1.08304 0.0942549 1
48.6782 0.19 1.08304 0.0942549 1
48.7289 0.19 1.08304 0.0942549 1
48.7796 0.19 1.08304 0.0942549 1
48.8303 0.19 1.08304 0.0942549 1
48.8853 0.194711 1.10491 0.0964214 0
48.881 0.19 1.08304 0.0942549 1
48.9317 0.19 1.08304 0.0942549 1
48.9824 0.19 1.08304 0.0942549 1
49.0331 0.19 1.08304 0.0942549 1
49.0838 0.19 1.08304 0.0942549 1
49.1345 0.19 1.08304 0.0942549 1
49.1852 0.19 1.08304 0.0942549 1
49.2359 0.19 1.08304 0.0942549 1
49.2866 0.19 1.08304 0.0942549 1
49.3373 0.19 1.08304 0.0942549 1
49.3423 0.145789 1.01481 0.0712514 0
49.388 0.19 1.08304 0.0942549 1
49.4386 0.19 1.08304 0.0942549 1
49.4893 0.19 1.08304 0.0942549 1
49.54 0.19 1.08304 0.0942549 1
49.5907 0.19 1.08304 0.0942549 1
49.6414 0.19 1.08304 0.0942549 1
49.6921 0.19 1.08304 0.0942549 1
49.7428 0.19 1.08304 0.0942549 1
49.7935 0.19 1.08304 0.0942549 1
49.8035 0.150717 0.959241 0.0737684 0
49.8442 0.19 1.08304 0.0942549 1
49.8949 0.19 1.08304 0.0942549 1
49.9456 0.19 1.08304 0.0942549 1
49.9963 0.19 1.08304 0.0942549 1
0.5034 0.5034 0.5034 0.5034 0.5034
