t x v M dripped?
0 0 0 0.01 0
0.166488 0.19 0.949149 0.0935768 1
0.213468 0.19 1.17012 0.0949562 1
0.266801 0.19 0.984809 0.0939519 1
0.314279 0.19 1.13813 0.0946549 1
0.366718 0.19 1.02381 0.0940468 1
0.415531 0.19 1.11872 0.0944794 1
0.467453 0.19 1.04636 0.0941205 1
0.482453 0.1569 0.871086 0.0770294 0
0.517025 0.19 1.10489 0.0943844 1
0.568531 0.19 1.05999 0.0941691 1
0.618564 0.19 1.09581 0.0943311 1
0.669783 0.19 1.06816 0.094201 1
0.720091 0.19 1.09003 0.0943003 1
0.771124 0.19 1.07307 0.0942213 1
0.821597 0.19 1.08642 0.0942822 1
0.872512 0.19 1.07604 0.0942341 1
0.923084 0.19 1.08419 0.0942713 1
0.948084 0.164477 0.910904 0.0812694 0
0.973926 0.19 1.07784 0.094242 1
1.02456 0.19 1.08282 0.0942648 1
1.07535 0.19 1.07893 0.0942469 1
1.12602 0.19 1.08197 0.0942609 1
1.17679 0.19 1.0796 0.0942499 1
1.22748 0.19 1.08146 0.0942585 1
1.27823 0.19 1.08001 0.0942518 1
1.32894 0.19 1.08114 0.094257 1
1.37968 0.19 1.08025 0.0942529 1
1.40968 0.169176 0.929795 0.0838586 0
1.43039 0.19 1.08095 0.0942561 1
1.48113 0.19 1.08041 0.0942536 1
1.53184 0.19 1.08083 0.0942556 1
1.58257 0.19 1.0805 0.094254 1
1.63329 0.19 1.08076 0.0942552 1
1.68402 0.19 1.08055 0.0942543 1
1.73475 0.19 1.08071 0.094255 1
1.78547 0.19 1.08059 0.0942545 1
1.8362 0.19 1.08069 0.0942549 1
1.8712 0.173895 0.963311 0.0863599 0
1.88692 0.19 1.08061 0.0942545 1
1.93765 0.19 1.08067 0.0942548 1
1.98837 0.19 1.08062 0.0942546 1
2.0391 0.19 1.08066 0.0942548 1
2.08982 0.19 1.08063 0.0942546 1
2.14055 0.19 1.08065 0.0942547 1
2.19127 0.19 1.08064 0.0942547 1
2.242 0.19 1.08065 0.0942547 1
2.29272 0.19 1.08064 0.0942547 1
2.33272 0.178809 1.00247 0.0888709 0
2.34345 0.19 1.08065 0.0942547 1
2.39417 0.19 1.08064 0.0942547 1
2.4449 0.19 1.08065 0.0942547 1
2.49562 0.19 1.08064 0.0942547 1
2.54635 0.19 1.08064 0.0942547 1
2.59707 0.19 1.08064 0.0942547 1
2.6478 0.19 1.08064 0.0942547 1
2.69852 0.19 1.08064 0.0942547 1
2.74925 0.19 1.08064 0.0942547 1
2.79425 0.18392 1.04171 0.0913808 0
2.79997 0.19 1.08064 0.0942547 1
2.8507 0.19 1.08064 0.0942547 1
2.90142 0.19 1.08064 0.0942547 1
2.95215 0.19 1.08064 0.0942547 1
3.00287 0.19 1.08064 0.0942547 1
3.0536 0.19 1.08064 0.0942547 1
3.10432 0.19 1.08064 0.0942547 1
3.15505 0.19 1.08064 0.0942547 1
3.20577 0.19 1.08064 0.0942547 1
3.25577 0.189218 1.07625 0.0938908 0
3.2565 0.19 1.08064 0.0942547 1
3.30722 0.19 1.08064 0.0942547 1
3.35795 0.19 1.08064 0.0942547 1
3.40867 0.19 1.08064 0.0942547 1
3.4594 0.19 1.08064 0.0942547 1
3.51012 0.19 1.08064 0.0942547 1
3.56084 0.19 1.08064 0.0942547 1
3.61157 0.19 1.08064 0.0942547 1
3.66229 0.19 1.08064 0.0942547 1
3.71729 0.194669 1.10258 0.0964008 0
3.71302 0.19 1.08064 0.0942547 1
3.76374 0.19 1.08064 0.0942547 1
3.81447 0.19 1.08064 0.0942547 1
3.86519 0.19 1.08064 0.0942547 1
3.91592 0.19 1.08064 0.0942547 1
3.96664 0.19 1.08064 0.0942547 1
4.01737 0.19 1.08064 0.0942547 1
4.06809 0.19 1.08064 0.0942547 1
4.11882 0.19 1.08064 0.0942547 1
4.16954 0.19 1.08064 0.0942547 1
4.17454 0.145922 1.01182 0.0713008 0
4.22027 0.19 1.08064 0.0942547 1
4.27099 0.19 1.08064 0.0942547 1
4.32172 0.19 1.08064 0.0942547 1
4.37244 0.19 1.08064 0.0942547 1
4.42317 0.19 1.08064 0.0942547 1
4.47389 0.19 1.08064 0.0942547 1
4.52462 0.19 1.08064 0.0942547 1
4.57534 0.19 1.08064 0.0942547 1
4.62607 0.19 1.08064 0.0942547 1
4.63607 0.150834 0.955743 0.0738108 0
4.67679 0.19 1.08064 0.0942547 1
4.72752 0.19 1.08064 0.0942547 1
4.77824 0.19 1.08064 0.0942547 1
4.82897 0.19 1.08064 0.0942547 1
4.87969 0.19 1.08064 0.0942547 1
4.93042 0.19 1.08064 0.0942547 1
4.98114 0.19 1.08064 0.0942547 1
5.03187 0.19 1.08064 0.0942547 1
5.08259 0.19 1.08064 0.0942547 1
5.09759 0.155511 0.918726 0.0763208 0
5.13332 0.19 1.08064 0.0942547 1
5.18404 0.19 1.08064 0.0942547 1
5.23477 0.19 1.08064 0.0942547 1
5.28549 0.19 1.08064 0.0942547 1
5.33622 0.19 1.08064 0.0942547 1
5.38694 0.19 1.08064 0.0942547 1
5.43767 0.19 1.08064 0.0942547 1
5.48839 0.19 1.08064 0.0942547 1
5.53912 0.19 1.08064 0.0942547 1
5.55912 0.160057 0.903191 0.0788308 0
5.58984 0.19 1.08064 0.0942547 1
5.64057 0.19 1.08064 0.0942547 1
5.69129 0.19 1.08064 0.0942547 1
5.74202 0.19 1.08064 0.0942547 1
5.79274 0.19 1.08064 0.0942547 1
5.84347 0.19 1.08064 0.0942547 1
5.89419 0.19 1.08064 0.0942547 1
5.94492 0.19 1.08064 0.0942547 1
5.99564 0.19 1.08064 0.0942547 1
6.02064 0.164577 0.908125 0.0813408 0
6.04637 0.19 1.08064 0.0942547 1
6.09709 0.19 1.08064 0.0942547 1
6.14782 0.19 1.08064 0.0942547 1
6.19854 0.19 1.08064 0.0942547 1
6.24927 0.19 1.08064 0.0942547 1
6.29999 0.19 1.08064 0.0942547 1
6.35072 0.19 1.08064 0.0942547 1
6.40144 0.19 1.08064 0.0942547 1
6.45217 0.19 1.08064 0.0942547 1
6.48217 0.169166 0.929912 0.0838508 0
6.50289 0.19 1.08064 0.0942547 1
6.55362 0.19 1.08064 0.0942547 1
6.60434 0.19 1.08064 0.0942547 1
6.65507 0.19 1.08064 0.0942547 1
6.70579 0.19 1.08064 0.0942547 1
6.75652 0.19 1.08064 0.0942547 1
6.80724 0.19 1.08064 0.0942547 1
6.85797 0.19 1.08064 0.0942547 1
6.90869 0.19 1.08064 0.0942547 1
6.94369 0.173896 0.963318 0.0863608 0
6.95942 0.19 1.08064 0.0942547 1
7.01014 0.19 1.08064 0.0942547 1
7.06087 0.19 1.08064 0.0942547 1
7.11159 0.19 1.08064 0.0942547 1
7.16232 0.19 1.08064 0.0942547 1
7.21304 0.19 1.08064 0.0942547 1
7.26377 0.19 1.08064 0.0942547 1
7.31449 0.19 1.08064 0.0942547 1
7.36522 0.19 1.08064 0.0942547 1
7.40522 0.178809 1.00247 0.0888708 0
7.41594 0.19 1.08064 0.0942547 1
7.46667 0.19 1.08064 0.0942547 1
7.51739 0.19 1.08064 0.0942547 1
7.56812 0.19 1.08064 0.0942547 1
7.61884 0.19 1.08064 0.0942547 1
7.66957 0.19 1.08064 0.0942547 1
7.72029 0.19 1.08064 0.0942547 1
7.77102 0.19 1.08064 0.0942547 1
7.82174 0.19 1.08064 0.0942547 1
7.86674 0.18392 1.04171 0.0913808 0
7.87247 0.19 1.08064 0.0942547 1
7.92319 0.19 1.08064 0.0942547 1
7.97392 0.19 1.08064 0.0942547 1
8.02464 0.19 1.08064 0.0942547 1
8.07537 0.19 1.08064 0.0942547 1
8.12609 0.19 1.08064 0.0942547 1
8.17682 0.19 1.08064 0.0942547 1
8.22754 0.19 1.08064 0.0942547 1
8.27827 0.19 1.08064 0.0942547 1
8.32827 0.189218 1.07625 0.0938908 0
8.32899 0.19 1.08064 0.0942547 1
8.37972 0.19 1.08064 0.0942547 1
8.43044 0.19 1.08064 0.0942547 1
8.48117 0.19 1.08064 0.0942547 1
8.53189 0.19 1.08064 0.0942547 1
8.58262 0.19 1.08064 0.0942547 1
8.63334 0.19 1.08064 0.0942547 1
8.68406 0.19 1.08064 0.0942547 1
8.73479 0.19 1.08064 0.0942547 1
8.78979 0.194669 1.10258 0.0964008 0
8.78551 0.19 1.08064 0.0942547 1
8.83624 0.19 1.08064 0.0942547 1
8.88696 0.19 1.08064 0.0942547 1
8.93769 0.19 1.08064 0.0942547 1
8.98841 0.19 1.08064 0.0942547 1
9.03914 0.19 1.08064 0.0942547 1
9.08986 0.19 1.08064 0.0942547 1
9.14059 0.19 1.08064 0.0942547 1
9.19131 0.19 1.08064 0.0942547 1
9.24204 0.19 1.08064 0.0942547 1
9.24704 0.145922 1.01182 0.0713008 0
9.29276 0.19 1.08064 0.0942547 1
9.34349 0.19 1.08064 0.0942547 1
9.39421 0.19 1.08064 0.0942547 1
9.44494 0.19 1.08064 0.0942547 1
9.49566 0.19 1.08064 0.0942547 1
9.54639 0.19 1.08064 0.0942547 1
9.59711 0.19 1.08064 0.0942547 1
9.64784 0.19 1.08064 0.0942547 1
9.69856 0.19 1.08064 0.0942547 1
9.70856 0.150834 0.955743 0.0738108 0
9.74929 0.19 1.08064 0.0942547 1
9.80001 0.19 1.08064 0.0942547 1
9.85074 0.19 1.08064 0.0942547 1
9.90146 0.19 1.08064 0.0942547 1
9.95219 0.19 1.08064 0.0942547 1
10.0029 0.19 1.08064 0.0942547 1
10.0536 0.19 1.08064 0.0942547 1
10.1044 0.19 1.08064 0.0942547 1
10.1551 0.19 1.08064 0.0942547 1
10.1701 0.155511 0.918726 0.0763208 0
10.2058 0.19 1.08064 0.0942547 1
10.2565 0.19 1.08064 0.0942547 1
10.3073 0.19 1.08064 0.0942547 1
10.358 0.19 1.08064 0.0942547 1
10.4087 0.19 1.08064 0.0942547 1
10.4594 0.19 1.08064 0.0942547 1
10.5102 0.19 1.08064 0.0942547 1
10.5609 0.19 1.08064 0.0942547 1
10.6116 0.19 1.08064 0.0942547 1
10.6316 0.160057 0.903191 0.0788308 0
10.6623 0.19 1.08064 0.0942547 1
10.7131 0.19 1.08064 0.0942547 1
10.7638 0.19 1.08064 0.0942547 1
10.8145 0.19 1.08064 0.0942547 1
10.8652 0.19 1.08064 0.0942547 1
10.916 0.19 1.08064 0.0942547 1
10.9667 0.19 1.08064 0.0942547 1
11.0174 0.19 1.08064 0.0942547 1
11.0681 0.19 1.08064 0.0942547 1
11.0931 0.164577 0.908125 0.0813408 0
11.1189 0.19 1.08064 0.0942547 1
11.1696 0.19 1.08064 0.0942547 1
11.2203 0.19 1.08064 0.0942547 1
11.271 0.19 1.08064 0.0942547 1
11.3218 0.19 1.08064 0.0942547 1
11.3725 0.19 1.08064 0.0942547 1
11.4232 0.19 1.08064 0.0942547 1
11.4739 0.19 1.08064 0.0942547 1
11.5247 0.19 1.08064 0.0942547 1
11.5547 0.169166 0.929912 0.0838508 0
11.5754 0.19 1.08064 0.0942547 1
11.6261 0.19 1.08064 0.0942547 1
11.6768 0.19 1.08064 0.0942547 1
11.7276 0.19 1.08064 0.0942547 1
11.7783 0.19 1.08064 0.0942547 1
11.829 0.19 1.08064 0.0942547 1
11.8797 0.19 1.08064 0.0942547 1
11.9305 0.19 1.08064 0.0942547 1
11.9812 0.19 1.08064 0.0942547 1
12.0162 0.173896 0.963318 0.0863608 0
12.0319 0.19 1.08064 0.0942547 1
12.0826 0.19 1.08064 0.0942547 1
12.1334 0.19 1.08064 0.0942547 1
12.1841 0.19 1.08064 0.0942547 1
12.2348 0.19 1.08064 0.0942547 1
12.2855 0.19 1.08064 0.0942547 1
12.3363 0.19 1.08064 0.0942547 1
12.387 0.19 1.08064 0.0942547 1
12.4377 0.19 1.08064 0.0942547 1
12.4777 0.178809 1.00247 0.0888708 0
12.4884 0.19 1.08064 0.0942547 1
12.5392 0.19 1.08064 0.0942547 1
12.5899 0.19 1.08064 0.0942547 1
12.6406 0.19 1.08064 0.0942547 1
12.6913 0.19 1.08064 0.0942547 1
12.7421 0.19 1.08064 0.0942547 1
12.7928 0.19 1.08064 0.0942547 1
12.8435 0.19 1.08064 0.0942547 1
12.8942 0.19 1.08064 0.0942547 1
12.9392 0.18392 1.04171 0.0913808 0
12.945 0.19 1.08064 0.0942547 1
12.9957 0.19 1.08064 0.0942547 1
13.0464 0.19 1.08064 0.0942547 1
13.0971 0.19 1.08064 0.0942547 1
13.1479 0.19 1.08064 0.0942547 1
13.1986 0.19 1.08064 0.0942547 1
13.2493 0.19 1.08064 0.0942547 1
13.3 0.19 1.08064 0.0942547 1
13.3508 0.19 1.08064 0.0942547 1
13.4008 0.189218 1.07625 0.0938908 0
13.4015 0.19 1.08064 0.0942547 1
13.4522 0.19 1.08064 0.0942547 1
13.5029 0.19 1.08064 0.0942547 1
13.5537 0.19 1.08064 0.0942547 1
13.6044 0.19 1.08064 0.0942547 1
13.6551 0.19 1.08064 0.0942547 1
13.7058 0.19 1.08064 0.0942547 1
13.7566 0.19 1.08064 0.0942547 1
13.8073 0.19 1.08064 0.0942547 1
13.8623 0.194669 1.10258 0.0964008 0
13.858 0.19 1.08064 0.0942547 1
13.9087 0.19 1.08064 0.0942547 1
13.9595 0.19 1.08064 0.0942547 1
14.0102 0.19 1.08064 0.0942547 1
14.0609 0.19 1.08064 0.0942547 1
14.1116 0.19 1.08064 0.0942547 1
14.1624 0.19 1.08064 0.0942547 1
14.2131 0.19 1.08064 0.0942547 1
14.2638 0.19 1.08064 0.0942547 1
14.3145 0.19 1.08064 0.0942547 1
14.3195 0.145922 1.01182 0.0713008 0
14.3653 0.19 1.08064 0.0942547 1
14.416 0.19 1.08064 0.0942547 1
14.4667 0.19 1.08064 0.0942547 1
14.5174 0.19 1.08064 0.0942547 1
14.5682 0.19 1.08064 0.0942547 1
14.6189 0.19 1.08064 0.0942547 1
14.6696 0.19 1.08064 0.0942547 1
14.7203 0.19 1.08064 0.0942547 1
14.7711 0.19 1.08064 0.0942547 1
14.7811 0.150834 0.955743 0.0738108 0
14.8218 0.19 1.08064 0.0942547 1
14.8725 0.19 1.08064 0.0942547 1
14.9232 0.19 1.08064 0.0942547 1
14.974 0.19 1.08064 0.0942547 1
15.0247 0.19 1.08064 0.0942547 1
15.0754 0.19 1.08064 0.0942547 1
15.1261 0.19 1.08064 0.0942547 1
15.1769 0.19 1.08064 0.0942547 1
15.2276 0.19 1.08064 0.0942547 1
15.2426 0.155511 0.918726 0.0763208 0
15.2783 0.19 1.08064 0.0942547 1
15.329 0.19 1.08064 0.0942547 1
15.3798 0.19 1.08064 0.0942547 1
15.4305 0.19 1.08064 0.0942547 1
15.4812 0.19 1.08064 0.0942547 1
15.5319 0.19 1.08064 0.0942547 1
15.5827 0.19 1.08064 0.0942547 1
15.6334 0.19 1.08064 0.0942547 1
15.6841 0.19 1.08064 0.0942547 1
15.7041 0.160057 0.903191 0.0788308 0
15.7348 0.19 1.08064 0.0942547 1
15.7856 0.19 1.08064 0.0942547 1
15.8363 0.19 1.08064 0.0942547 1
15.887 0.19 1.08064 0.0942547 1
15.9377 0.19 1.08064 0.0942547 1
15.9885 0.19 1.08064 0.0942547 1
16.0392 0.19 1.08064 0.0942547 1
16.0899 0.19 1.08064 0.0942547 1
16.1406 0.19 1.08064 0.0942547 1
16.1656 0.164577 0.908125 0.0813408 0
16.1914 0.19 1.08064 0.0942547 1
16.2421 0.19 1.08064 0.0942547 1
16.2928 0.19 1.08064 0.0942547 1
16.3435 0.19 1.08064 0.0942547 1
16.3943 0.19 1.08064 0.0942547 1
16.445 0.19 1.08064 0.0942547 1
16.4957 0.19 1.08064 0.0942547 1
16.5464 0.19 1.08064 0.0942547 1
16.5972 0.19 1.08064 0.0942547 1
16.6272 0.169166 0.929912 0.0838508 0
16.6479 0.19 1.08064 0.0942547 1
16.6986 0.19 1.08064 0.0942547 1
16.7493 0.19 1.08064 0.0942547 1
16.8001 0.19 1.08064 0.0942547 1
16.8508 0.19 1.08064 0.0942547 1
16.9015 0.19 1.08064 0.0942547 1
16.9522 0.19 1.08064 0.0942547 1
17.003 0.19 1.08064 0.0942547 1
17.0537 0.19 1.08064 0.0942547 1
17.0887 0.173896 0.963318 0.0863608 0
17.1044 0.19 1.08064 0.0942547 1
17.1551 0.19 1.08064 0.0942547 1
17.2059 0.19 1.08064 0.0942547 1
17.2566 0.19 1.08064 0.0942547 1
17.3073 0.19 1.08064 0.0942547 1
17.358 0.19 1.08064 0.0942547 1
17.4088 0.19 1.08064 0.0942547 1
17.4595 0.19 1.08064 0.0942547 1
17.5102 0.19 1.08064 0.0942547 1
17.5502 0.178809 1.00247 0.0888708 0
17.5609 0.19 1.08064 0.0942547 1
17.6117 0.19 1.08064 0.0942547 1
17.6624 0.19 1.08064 0.0942547 1
17.7131 0.19 1.08064 0.0942547 1
17.7638 0.19 1.08064 0.0942547 1
17.8146 0.19 1.08064 0.0942547 1
17.8653 0.19 1.08064 0.0942547 1
17.916 0.19 1.08064 0.0942547 1
17.9667 0.19 1.08064 0.0942547 1
18.0117 0.18392 1.04171 0.0913808 0
18.0175 0.19 1.08064 0.0942547 1
18.0682 0.19 1.08064 0.0942547 1
18.1189 0.19 1.08064 0.0942547 1
18.1696 0.19 1.08064 0.0942547 1
18.2204 0.19 1.08064 0.0942547 1
18.2711 0.19 1.08064 0.0942547 1
18.3218 0.19 1.08064 0.0942547 1
18.3725 0.19 1.08064 0.0942547 1
18.4233 0.19 1.08064 0.0942547 1
18.4733 0.189218 1.07625 0.0938908 0
18.474 0.19 1.08064 0.0942547 1
18.5247 0.19 1.08064 0.0942547 1
18.5754 0.19 1.08064 0.0942547 1
18.6262 0.19 1.08064 0.0942547 1
18.6769 0.19 1.08064 0.0942547 1
18.7276 0.19 1.08064 0.0942547 1
18.7783 0.19 1.08064 0.0942547 1
18.8291 0.19 1.08064 0.0942547 1
18.8798 0.19 1.08064 0.0942547 1
18.9348 0.194669 1.10258 0.0964008 0
18.9305 0.19 1.08064 0.0942547 1
18.9812 0.19 1.08064 0.0942547 1
19.032 0.19 1.08064 0.0942547 1
19.0827 0.19 1.08064 0.0942547 1
19.1334 0.19 1.08064 0.0942547 1
19.1841 0.19 1.08064 0.0942547 1
19.2349 0.19 1.08064 0.0942547 1
19.2856 0.19 1.08064 0.0942547 1
19.3363 0.19 1.08064 0.0942547 1
19.387 0.19 1.08064 0.0942547 1
19.392 0.145922 1.01182 0.0713008 0
19.4378 0.19 1.08064 0.0942547 1
19.4885 0.19 1.08064 0.0942547 1
19.5392 0.19 1.08064 0.0942547 1
19.5899 0.19 1.08064 0.0942547 1
19.6407 0.19 1.08064 0.0942547 1
19.6914 0.19 1.08064 0.0942547 1
19.7421 0.19 1.08064 0.0942547 1
19.7928 0.19 1.08064 0.0942547 1
19.8436 0.19 1.08064 0.0942547 1
19.8536 0.150834 0.955743 0.0738108 0
19.8943 0.19 1.08064 0.0942547 1
19.945 0.19 1.08064 0.0942547 1
19.9957 0.19 1.08064 0.0942547 1
20.0465 0.19 1.08064 0.0942547 1
20.0972 0.19 1.08064 0.0942547 1
20.1479 0.19 1.08064 0.0942547 1
20.1986 0.19 1.08064 0.0942547 1
20.2494 0.19 1.08064 0.0942547 1
20.3001 0.19 1.08064 0.0942547 1
20.3151 0.155511 0.918726 0.0763208 0
20.3508 0.19 1.08064 0.0942547 1
20.4015 0.19 1.08064 0.0942547 1
20.4523 0.19 1.08064 0.0942547 1
20.503 0.19 1.08064 0.0942547 1
20.5537 0.19 1.08064 0.0942547 1
20.6044 0.19 1.08064 0.0942547 1
20.6552 0.19 1.08064 0.0942547 1
20.7059 0.19 1.08064 0.0942547 1
20.7566 0.19 1.08064 0.0942547 1
20.7766 0.160057 0.903191 0.0788308 0
20.8073 0.19 1.08064 0.0942547 1
20.8581 0.19 1.08064 0.0942547 1
20.9088 0.19 1.08064 0.0942547 1
20.9595 0.19 1.08064 0.0942547 1
21.0102 0.19 1.08064 0.0942547 1
21.061 0.19 1.08064 0.0942547 1
21.1117 0.19 1.08064 0.0942547 1
21.1624 0.19 1.08064 0.0942547 1
21.2131 0.19 1.08064 0.0942547 1
21.2381 0.164577 0.908125 0.0813408 0
21.2639 0.19 1.08064 0.0942547 1
21.3146 0.19 1.08064 0.0942547 1
21.3653 0.19 1.08064 0.0942547 1
21.416 0.19 1.08064 0.0942547 1
21.4668 0.19 1.08064 0.0942547 1
21.5175 0.19 1.08064 0.0942547 1
21.5682 0.19 1.08064 0.0942547 1
21.6189 0.19 1.08064 0.0942547 1
21.6697 0.19 1.08064 0.0942547 1
21.6997 0.169166 0.929912 0.0838508 0
21.7204 0.19 1.08064 0.0942547 1
21.7711 0.19 1.08064 0.0942547 1
21.8218 0.19 1.08064 0.0942547 1
21.8726 0.19 1.08064 0.0942547 1
21.9233 0.19 1.08064 0.0942547 1
21.974 0.19 1.08064 0.0942547 1
22.0247 0.19 1.08064 0.0942547 1
22.0755 0.19 1.08064 0.0942547 1
22.1262 0.19 1.08064 0.0942547 1
22.1612 0.173896 0.963318 0.0863608 0
22.1769 0.19 1.08064 0.0942547 1
22.2276 0.19 1.08064 0.0942547 1
22.2784 0.19 1.08064 0.0942547 1
22.3291 0.19 1.08064 0.0942547 1
22.3798 0.19 1.08064 0.0942547 1
22.4305 0.19 1.08064 0.0942547 1
22.4813 0.19 1.08064 0.0942547 1
22.532 0.19 1.08064 0.0942547 1
22.5827 0.19 1.08064 0.0942547 1
22.6227 0.178809 1.00247 0.0888708 0
22.6334 0.19 1.08064 0.0942547 1
22.6842 0.19 1.08064 0.0942547 1
22.7349 0.19 1.08064 0.0942547 1
22.7856 0.19 1.08064 0.0942547 1
22.8363 0.19 1.08064 0.0942547 1
22.8871 0.19 1.08064 0.0942547 1
22.9378 0.19 1.08064 0.0942547 1
22.9885 0.19 1.08064 0.0942547 1
23.0392 0.19 1.08064 0.0942547 1
23.0842 0.18392 1.04171 0.0913808 0
23.09 0.19 1.08064 0.0942547 1
23.1407 0.19 1.08064 0.0942547 1
23.1914 0.19 1.08064 0.0942547 1
23.2421 0.19 1.08064 0.0942547 1
23.2929 0.19 1.08064 0.0942547 1
23.3436 0.19 1.08064 0.0942547 1
23.3943 0.19 1.08064 0.0942547 1
23.445 0.19 1.08064 0.0942547 1
23.4958 0.19 1.08064 0.0942547 1
23.5458 0.189218 1.07625 0.0938908 0
23.5465 0.19 1.08064 0.0942547 1
23.5972 0.19 1.08064 0.0942547 1
23.6479 0.19 1.08064 0.0942547 1
23.6987 0.19 1.08064 0.0942547 1
23.7494 0.19 1.08064 0.0942547 1
23.8001 0.19 1.08064 0.0942547 1
23.8508 0.19 1.08064 0.0942547 1
23.9015 0.19 1.08064 0.0942547 1
23.9523 0.19 1.08064 0.0942547 1
24.0073 0.194669 1.10258 0.0964008 0
24.003 0.19 1.08064 0.0942547 1
24.0537 0.19 1.08064 0.0942547 1
24.1044 0.19 1.08064 0.0942547 1
24.1552 0.19 1.08064 0.0942547 1
24.2059 0.19 1.08064 0.0942547 1
24.2566 0.19 1.08064 0.0942547 1
24.3073 0.19 1.08064 0.0942547 1
24.3581 0.19 1.08064 0.0942547 1
24.4088 0.19 1.08064 0.0942547 1
24.4595 0.19 1.08064 0.0942547 1
24.4645 0.145922 1.01182 0.0713008 0
24.5102 0.19 1.08064 0.0942547 1
24.561 0.19 1.08064 0.0942547 1
24.6117 0.19 1.08064 0.0942547 1
24.6624 0.19 1.08064 0.0942547 1
24.7131 0.19 1.08064 0.0942547 1
24.7639 0.19 1.08064 0.0942547 1
24.8146 0.19 1.08064 0.0942547 1
24.8653 0.19 1.08064 0.0942547 1
24.916 0.19 1.08064 0.0942547 1
24.926 0.150834 0.955743 0.0738108 0
24.9668 0.19 1.08064 0.0942547 1
25.0175 0.19 1.08064 0.0942547 1
25.0682 0.19 1.08064 0.0942547 1
25.1189 0.19 1.08064 0.0942547 1
25.1697 0.19 1.08064 0.0942547 1
25.2204 0.19 1.08064 0.0942547 1
25.2711 0.19 1.08064 0.0942547 1
25.3218 0.19 1.08064 0.0942547 1
25.3726 0.19 1.08064 0.0942547 1
25.3876 0.155511 0.918726 0.0763208 0
25.4233 0.19 1.08064 0.0942547 1
25.474 0.19 1.08064 0.0942547 1
25.5247 0.19 1.08064 0.0942547 1
25.5755 0.19 1.08064 0.0942547 1
25.6262 0.19 1.08064 0.0942547 1
25.6769 0.19 1.08064 0.0942547 1
25.7276 0.19 1.08064 0.0942547 1
25.7784 0.19 1.08064 0.0942547 1
25.8291 0.19 1.08064 0.0942547 1
25.8491 0.160057 0.903191 0.0788308 0
25.8798 0.19 1.08064 0.0942547 1
25.9305 0.19 1.08064 0.0942547 1
25.9813 0.19 1.08064 0.0942547 1
26.032 0.19 1.08064 0.0942547 1
26.0827 0.19 1.08064 0.0942547 1
26.1334 0.19 1.08064 0.0942547 1
26.1842 0.19 1.08064 0.0942547 1
26.2349 0.19 1.08064 0.0942547 1
26.2856 0.19 1.08064 0.0942547 1
26.3106 0.164577 0.908125 0.0813408 0
26.3363 0.19 1.08064 0.0942547 1
26.3871 0.19 1.08064 0.0942547 1
26.4378 0.19 1.08064 0.0942547 1
26.4885 0.19 1.08064 0.0942547 1
26.5392 0.19 1.08064 0.0942547 1
26.59 0.19 1.08064 0.0942547 1
26.6407 0.19 1.08064 0.0942547 1
26.6914 0.19 1.08064 0.0942547 1
26.7421 0.19 1.08064 0.0942547 1
26.7721 0.169166 0.929912 0.0838508 0
26.7929 0.19 1.08064 0.0942547 1
26.8436 0.19 1.08064 0.0942547 1
26.8943 0.19 1.08064 0.0942547 1
26.945 0.19 1.08064 0.0942547 1
26.9958 0.19 1.08064 0.0942547 1
27.0465 0.19 1.08064 0.0942547 1
27.0972 0.19 1.08064 0.0942547 1
27.1479 0.19 1.08064 0.0942547 1
27.1987 0.19 1.08064 0.0942547 1
27.2337 0.173896 0.963318 0.0863608 0
27.2494 0.19 1.08064 0.0942547 1
27.3001 0.19 1.08064 0.0942547 1
27.3508 0.19 1.08064 0.0942547 1
27.4016 0.19 1.08064 0.0942547 1
27.4523 0.19 1.08064 0.0942547 1
27.503 0.19 1.08064 0.0942547 1
27.5537 0.19 1.08064 0.0942547 1
27.6045 0.19 1.08064 0.0942547 1
27.6552 0.19 1.08064 0.0942547 1
27.6952 0.178809 1.00247 0.0888708 0
27.7059 0.19 1.08064 0.0942547 1
27.7566 0.19 1.08064 0.0942547 1
27.8074 0.19 1.08064 0.0942547 1
27.8581 0.19 1.08064 0.0942547 1
27.9088 0.19 1.08064 0.0942547 1
27.9595 0.19 1.08064 0.0942547 1
28.0103 0.19 1.08064 0.0942547 1
28.061 0.19 1.08064 0.0942547 1
28.1117 0.19 1.08064 0.0942547 1
28.1567 0.18392 1.04171 0.0913808 0
28.1624 0.19 1.08064 0.0942547 1
28.2132 0.19 1.08064 0.0942547 1
28.2639 0.19 1.08064 0.0942547 1
28.3146 0.19 1.08064 0.0942547 1
28.3653 0.19 1.08064 0.0942547 1
28.4161 0.19 1.08064 0.0942547 1
28.4668 0.19 1.08064 0.0942547 1
28.5175 0.19 1.08064 0.0942547 1
28.5682 0.19 1.08064 0.0942547 1
28.6182 0.189218 1.07625 0.0938908 0
28.619 0.19 1.08064 0.0942547 1
28.6697 0.19 1.08064 0.0942547 1
28.7204 0.19 1.08064 0.0942547 1
28.7711 0.19 1.08064 0.0942547 1
28.8219 0.19 1.08064 0.0942547 1
28.8726 0.19 1.08064 0.0942547 1
28.9233 0.19 1.08064 0.0942547 1
28.974 0.19 1.08064 0.0942547 1
29.0248 0.19 1.08064 0.0942547 1
29.0798 0.194669 1.10258 0.0964008 0
29.0755 0.19 1.08064 0.0942547 1
29.1262 0.19 1.08064 0.0942547 1
29.1769 0.19 1.08064 0.0942547 1
29.2277 0.19 1.08064 0.0942547 1
29.2784 0.19 1.08064 0.0942547 1
29.3291 0.19 1.08064 0.0942547 1
29.3798 0.19 1.08064 0.0942547 1
29.4306 0.19 1.08064 0.0942547 1
29.4813 0.19 1.08064 0.0942547 1
29.532 0.19 1.08064 0.0942547 1
29.537 0.145922 1.01182 0.0713008 0
29.5827 0.19 1.08064 0.0942547 1
29.6335 0.19 1.08064 0.0942547 1
29.6842 0.19 1.08064 0.0942547 1
29.7349 0.19 1.08064 0.0942547 1
29.7856 0.19 1.08064 0.0942547 1
29.8364 0.19 1.08064 0.0942547 1
29.8871 0.19 1.08064 0.0942547 1
29.9378 0.19 1.08064 0.0942547 1
29.9885 0.19 1.08064 0.0942547 1
29.9985 0.150834 0.955743 0.0738108 0
30.0393 0.19 1.08064 0.0942547 1
30.09 0.19 1.08064 0.0942547 1
30.1407 0.19 1.08064 0.0942547 1
30.1914 0.19 1.08064 0.0942547 1
30.2422 0.19 1.08064 0.0942547 1
30.2929 0.19 1.08064 0.0942547 1
30.3436 0.19 1.08064 0.0942547 1
30.3943 0.19 1.08064 0.0942547 1
30.4451 0.19 1.08064 0.0942547 1
30.4601 0.155511 0.918726 0.0763208 0
30.4958 0.19 1.08064 0.0942547 1
30.5465 0.19 1.08064 0.0942547 1
30.5972 0.19 1.08064 0.0942547 1
30.648 0.19 1.08064 0.0942547 1
30.6987 0.19 1.08064 0.0942547 1
30.7494 0.19 1.08064 0.0942547 1
30.8001 0.19 1.08064 0.0942547 1
30.8509 0.19 1.08064 0.0942547 1
30.9016 0.19 1.08064 0.0942547 1
30.9216 0.160057 0.903191 0.0788308 0
30.9523 0.19 1.08064 0.0942547 1
31.003 0.19 1.08064 0.0942547 1
31.0538 0.19 1.08064 0.0942547 1
31.1045 0.19 1.08064 0.0942547 1
31.1552 0.19 1.08064 0.0942547 1
31.2059 0.19 1.08064 0.0942547 1
31.2567 0.19 1.08064 0.0942547 1
31.3074 0.19 1.08064 0.0942547 1
31.3581 0.19 1.08064 0.0942547 1
31.3831 0.164577 0.908125 0.0813408 0
31.4088 0.19 1.08064 0.0942547 1
31.4596 0.19 1.08064 0.0942547 1
31.5103 0.19 1.08064 0.0942547 1
31.561 0.19 1.08064 0.0942547 1
31.6117 0.19 1.08064 0.0942547 1
31.6625 0.19 1.08064 0.0942547 1
31.7132 0.19 1.08064 0.0942547 1
31.7639 0.19 1.08064 0.0942547 1
31.8146 0.19 1.08064 0.0942547 1
31.8446 0.169166 0.929912 0.0838508 0
31.8654 0.19 1.08064 0.0942547 1
31.9161 0.19 1.08064 0.0942547 1
31.9668 0.19 1.08064 0.0942547 1
32.0175 0.19 1.08064 0.0942547 1
32.0683 0.19 1.08064 0.0942547 1
32.119 0.19 1.08064 0.0942547 1
32.1697 0.19 1.08064 0.0942547 1
32.2204 0.19 1.08064 0.0942547 1
32.2712 0.19 1.08064 0.0942547 1
32.3062 0.173896 0.963318 0.0863608 0
32.3219 0.19 1.08064 0.0942547 1
32.3726 0.19 1.08064 0.0942547 1
32.4233 0.19 1.08064 0.0942547 1
32.4741 0.19 1.08064 0.0942547 1
32.5248 0.19 1.08064 0.0942547 1
32.5755 0.19 1.08064 0.0942547 1
32.6262 0.19 1.08064 0.0942547 1
32.677 0.19 1.08064 0.0942547 1
32.7277 0.19 1.08064 0.0942547 1
32.7677 0.178809 1.00247 0.0888708 0
32.7784 0.19 1.08064 0.0942547 1
32.8291 0.19 1.08064 0.0942547 1
32.8799 0.19 1.08064 0.0942547 1
32.9306 0.19 1.08064 0.0942547 1
32.9813 0.19 1.08064 0.0942547 1
33.032 0.19 1.08064 0.0942547 1
33.0828 0.19 1.08064 0.0942547 1
33.1335 0.19 1.08064 0.0942547 1
33.1842 0.19 1.08064 0.0942547 1
33.2292 0.18392 1.04171 0.0913808 0
33.2349 0.19 1.08064 0.0942547 1
33.2857 0.19 1.08064 0.0942547 1
33.3364 0.19 1.08064 0.0942547 1
33.3871 0.19 1.08064 0.0942547 1
33.4378 0.19 1.08064 0.0942547 1
33.4886 0.19 1.08064 0.0942547 1
33.5393 0.19 1.08064 0.0942547 1
33.59 0.19 1.08064 0.0942547 1
33.6407 0.19 1.08064 0.0942547 1
33.6907 0.189218 1.07625 0.0938908 0
33.6915 0.19 1.08064 0.0942547 1
33.7422 0.19 1.08064 0.0942547 1
33.7929 0.19 1.08064 0.0942547 1
33.8436 0.19 1.08064 0.0942547 1
33.8944 0.19 1.08064 0.0942547 1
33.9451 0.19 1.08064 0.0942547 1
33.9958 0.19 1.08064 0.0942547 1
34.0465 0.19 1.08064 0.0942547 1
34.0973 0.19 1.08064 0.0942547 1
34.1523 0.194669 1.10258 0.0964008 0
34.148 0.19 1.08064 0.0942547 1
34.1987 0.19 1.08064 0.0942547 1
34.2494 0.19 1.08064 0.0942547 1
34.3002 0.19 1.08064 0.0942547 1
34.3509 0.19 1.08064 0.0942547 1
34.4016 0.19 1.08064 0.0942547 1
34.4523 0.19 1.08064 0.0942547 1
34.5031 0.19 1.08064 0.0942547 1
34.5538 0.19 1.08064 0.0942547 1
34.6045 0.19 1.08064 0.0942547 1
34.6095 0.145922 1.01182 0.0713008 0
34.6552 0.19 1.08064 0.0942547 1
34.706 0.19 1.08064 0.0942547 1
34.7567 0.19 1.08064 0.0942547 1
34.8074 0.19 1.08064 0.0942547 1
34.8581 0.19 1.08064 0.0942547 1
34.9089 0.19 1.08064 0.0942547 1
34.9596 0.19 1.08064 0.0942547 1
35.0103 0.19 1.08064 0.0942547 1
35.061 0.19 1.08064 0.0942547 1
35.071 0.150834 0.955743 0.0738108 0
35.1118 0.19 1.08064 0.0942547 1
35.1625 0.19 1.08064 0.0942547 1
35.2132 0.19 1.08064 0.0942547 1
35.2639 0.19 1.08064 0.0942547 1
35.3147 0.19 1.08064 0.0942547 1
35.3654 0.19 1.08064 0.0942547 1
35.4161 0.19 1.08064 0.0942547 1
35.4668 0.19 1.08064 0.0942547 1
35.5176 0.19 1.08064 0.0942547 1
35.5326 0.155511 0.918726 0.0763208 0
35.5683 0.19 1.08064 0.0942547 1
35.619 0.19 1.08064 0.0942547 1
35.6697 0.19 1.08064 0.0942547 1
35.7205 0.19 1.08064 0.0942547 1
35.7712 0.19 1.08064 0.0942547 1
35.8219 0.19 1.08064 0.0942547 1
35.8726 0.19 1.08064 0.0942547 1
35.9234 0.19 1.08064 0.0942547 1
35.9741 0.19 1.08064 0.0942547 1
35.9941 0.160057 0.903191 0.0788308 0
36.0248 0.19 1.08064 0.0942547 1
36.0755 0.19 1.08064 0.0942547 1
36.1263 0.19 1.08064 0.0942547 1
36.177 0.19 1.08064 0.0942547 1
36.2277 0.19 1.08064 0.0942547 1
36.2784 0.19 1.08064 0.0942547 1
36.3292 0.19 1.08064 0.0942547 1
36.3799 0.19 1.08064 0.0942547 1
36.4306 0.19 1.08064 0.0942547 1
36.4556 0.164577 0.908125 0.0813408 0
36.4813 0.19 1.08064 0.0942547 1
36.5321 0.19 1.08064 0.0942547 1
36.5828 0.19 1.08064 0.0942547 1
36.6335 0.19 1.08064 0.0942547 1
36.6842 0.19 1.08064 0.0942547 1
36.735 0.19 1.08064 0.0942547 1
36.7857 0.19 1.08064 0.0942547 1
36.8364 0.19 1.08064 0.0942547 1
36.8871 0.19 1.08064 0.0942547 1
36.9171 0.169166 0.929912 0.0838508 0
36.9379 0.19 1.08064 0.0942547 1
36.9886 0.19 1.08064 0.0942547 1
37.0393 0.19 1.08064 0.0942547 1
37.09 0.19 1.08064 0.0942547 1
37.1408 0.19 1.08064 0.0942547 1
37.1915 0.19 1.08064 0.0942547 1
37.2422 0.19 1.08064 0.0942547 1
37.2929 0.19 1.08064 0.0942547 1
37.3437 0.19 1.08064 0.0942547 1
37.3787 0.173896 0.963318 0.0863608 0
37.3944 0.19 1.08064 0.0942547 1
37.4451 0.19 1.08064 0.0942547 1
37.4958 0.19 1.08064 0.0942547 1
37.5466 0.19 1.08064 0.0942547 1
37.5973 0.19 1.08064 0.0942547 1
37.648 0.19 1.08064 0.0942547 1
37.6987 0.19 1.08064 0.0942547 1
37.7495 0.19 1.08064 0.0942547 1
37.8002 0.19 1.08064 0.0942547 1
37.8402 0.178809 1.00247 0.0888708 0
37.8509 0.19 1.08064 0.0942547 1
37.9016 0.19 1.08064 0.0942547 1
37.9524 0.19 1.08064 0.0942547 1
38.0031 0.19 1.08064 0.0942547 1
38.0538 0.19 1.08064 0.0942547 1
38.1045 0.19 1.08064 0.0942547 1
38.1553 0.19 1.08064 0.0942547 1
38.206 0.19 1.08064 0.0942547 1
38.2567 0.19 1.08064 0.0942547 1
38.3017 0.18392 1.04171 0.0913808 0
38.3074 0.19 1.08064 0.0942547 1
38.3582 0.19 1.08064 0.0942547 1
38.4089 0.19 1.08064 0.0942547 1
38.4596 0.19 1.08064 0.0942547 1
38.5103 0.19 1.08064 0.0942547 1
38.5611 0.19 1.08064 0.0942547 1
38.6118 0.19 1.08064 0.0942547 1
38.6625 0.19 1.08064 0.0942547 1
38.7132 0.19 1.08064 0.0942547 1
38.7632 0.189218 1.07625 0.0938908 0
38.764 0.19 1.08064 0.0942547 1
38.8147 0.19 1.08064 0.0942547 1
38.8654 0.19 1.08064 0.0942547 1
38.9161 0.19 1.08064 0.0942547 1
38.9669 0.19 1.08064 0.0942547 1
39.0176 0.19 1.08064 0.0942547 1
39.0683 0.19 1.08064 0.0942547 1
39.119 0.19 1.08064 0.0942547 1
39.1698 0.19 1.08064 0.0942547 1
39.2248 0.194669 1.10258 0.0964008 0
39.2205 0.19 1.08064 0.0942547 1
39.2712 0.19 1.08064 0.0942547 1
39.3219 0.19 1.08064 0.0942547 1
39.3727 0.19 1.08064 0.0942547 1
39.4234 0.19 1.08064 0.0942547 1
39.4741 0.19 1.08064 0.0942547 1
39.5248 0.19 1.08064 0.0942547 1
39.5756 0.19 1.08064 0.0942547 1
39.6263 0.19 1.08064 0.0942547 1
39.677 0.19 1.08064 0.0942547 1
39.682 0.145922 1.01182 0.0713008 0
39.7277 0.19 1.08064 0.0942547 1
39.7785 0.19 1.08064 0.0942547 1
39.8292 0.19 1.08064 0.0942547 1
39.8799 0.19 1.08064 0.0942547 1
39.9306 0.19 1.08064 0.0942547 1
39.9814 0.19 1.08064 0.0942547 1
40.0321 0.19 1.08064 0.0942547 1
40.0828 0.19 1.08064 0.0942547 1
40.1335 0.19 1.08064 0.0942547 1
40.1435 0.150834 0.955743 0.0738108 0
40.1843 0.19 1.08064 0.0942547 1
40.235 0.19 1.08064 0.0942547 1
40.2857 0.19 1.08064 0.0942547 1
40.3364 0.19 1.08064 0.0942547 1
40.3872 0.19 1.08064 0.0942547 1
40.4379 0.19 1.08064 0.0942547 1
40.4886 0.19 1.08064 0.0942547 1
40.5393 0.19 1.08064 0.0942547 1
40.5901 0.19 1.08064 0.0942547 1
40.6051 0.155511 0.918726 0.0763208 0
40.6408 0.19 1.08064 0.0942547 1
40.6915 0.19 1.08064 0.0942547 1
40.7422 0.19 1.08064 0.0942547 1
40.793 0.19 1.08064 0.0942547 1
40.8437 0.19 1.08064 0.0942547 1
40.8944 0.19 1.08064 0.0942547 1
40.9451 0.19 1.08064 0.0942547 1
40.9959 0.19 1.08064 0.0942547 1
41.0466 0.19 1.08064 0.0942547 1
41.0666 0.160057 0.903191 0.0788308 0
41.0973 0.19 1.08064 0.0942547 1
41.148 0.19 1.08064 0.0942547 1
41.1988 0.19 1.08064 0.0942547 1
41.2495 0.19 1.08064 0.0942547 1
41.3002 0.19 1.08064 0.0942547 1
41.3509 0.19 1.08064 0.0942547 1
41.4017 0.19 1.08064 0.0942547 1
41.4524 0.19 1.08064 0.0942547 1
41.5031 0.19 1.08064 0.0942547 1
41.5281 0.164577 0.908125 0.0813408 0
41.5538 0.19 1.08064 0.0942547 1
41.6046 0.19 1.08064 0.0942547 1
41.6553 0.19 1.08064 0.0942547 1
41.706 0.19 1.08064 0.0942547 1
41.7567 0.19 1.08064 0.0942547 1
41.8075 0.19 1.08064 0.0942547 1
41.8582 0.19 1.08064 0.0942547 1
41.9089 0.19 1.08064 0.0942547 1
41.9596 0.19 1.08064 0.0942547 1
41.9896 0.169166 0.929912 0.0838508 0
42.0104 0.19 1.08064 0.0942547 1
42.0611 0.19 1.08064 0.0942547 1
42.1118 0.19 1.08064 0.0942547 1
42.1625 0.19 1.08064 0.0942547 1
42.2133 0.19 1.08064 0.0942547 1
42.264 0.19 1.08064 0.0942547 1
42.3147 0.19 1.08064 0.0942547 1
42.3654 0.19 1.08064 0.0942547 1
42.4162 0.19 1.08064 0.0942547 1
42.4512 0.173896 0.963318 0.0863608 0
42.4669 0.19 1.08064 0.0942547 1
42.5176 0.19 1.08064 0.0942547 1
42.5683 0.19 1.08064 0.0942547 1
42.6191 0.19 1.08064 0.0942547 1
42.6698 0.19 1.08064 0.0942547 1
42.7205 0.19 1.08064 0.0942547 1
42.7712 0.19 1.08064 0.0942547 1
42.822 0.19 1.08064 0.0942547 1
42.8727 0.19 1.08064 0.0942547 1
42.9127 0.178809 1.00247 0.0888708 0
42.9234 0.19 1.08064 0.0942547 1
42.9741 0.19 1.08064 0.0942547 1
43.0249 0.19 1.08064 0.0942547 1
43.0756 0.19 1.08064 0.0942547 1
43.1263 0.19 1.08064 0.0942547 1
43.177 0.19 1.08064 0.0942547 1
43.2278 0.19 1.08064 0.0942547 1
43.2785 0.19 1.08064 0.0942547 1
43.3292 0.19 1.08064 0.0942547 1
43.3742 0.18392 1.04171 0.0913808 0
43.3799 0.19 1.08064 0.0942547 1
43.4307 0.19 1.08064 0.0942547 1
43.4814 0.19 1.08064 0.0942547 1
43.5321 0.19 1.08064 0.0942547 1
43.5828 0.19 1.08064 0.0942547 1
43.6336 0.19 1.08064 0.0942547 1
43.6843 0.19 1.08064 0.0942547 1
43.735 0.19 1.08064 0.0942547 1
43.7857 0.19 1.08064 0.0942547 1
43.8357 0.189218 1.07625 0.0938908 0
43.8365 0.19 1.08064 0.0942547 1
43.8872 0.19 1.08064 0.0942547 1
43.9379 0.19 1.08064 0.0942547 1
43.9886 0.19 1.08064 0.0942547 1
44.0394 0.19 1.08064 0.0942547 1
44.0901 0.19 1.08064 0.0942547 1
44.1408 0.19 1.08064 0.0942547 1
44.1915 0.19 1.08064 0.0942547 1
44.2423 0.19 1.08064 0.0942547 1
44.2973 0.194669 1.10258 0.0964008 0
44.293 0.19 1.08064 0.0942547 1
44.3437 0.19 1.08064 0.0942547 1
44.3944 0.19 1.08064 0.0942547 1
44.4452 0.19 1.08064 0.0942547 1
44.4959 0.19 1.08064 0.0942547 1
44.5466 0.19 1.08064 0.0942547 1
44.5973 0.19 1.08064 0.0942547 1
44.6481 0.19 1.08064 0.0942547 1
44.6988 0.19 1.08064 0.0942547 1
44.7495 0.19 1.08064 0.0942547 1
44.7545 0.145922 1.01182 0.0713008 0
44.8002 0.19 1.08064 0.0942547 1
44.851 0.19 1.08064 0.0942547 1
44.9017 0.19 1.08064 0.0942547 1
44.9524 0.19 1.08064 0.0942547 1
45.0031 0.19 1.08064 0.0942547 1
45.0539 0.19 1.08064 0.0942547 1
45.1046 0.19 1.08064 0.0942547 1
45.1553 0.19 1.08064 0.0942547 1
45.206 0.19 1.08064 0.0942547 1
45.216 0.150834 0.955743 0.0738108 0
45.2568 0.19 1.08064 0.0942547 1
45.3075 0.19 1.08064 0.0942547 1
45.3582 0.19 1.08064 0.0942547 1
45.4089 0.19 1.08064 0.0942547 1
45.4597 0.19 1.08064 0.0942547 1
45.5104 0.19 1.08064 0.0942547 1
45.5611 0.19 1.08064 0.0942547 1
45.6118 0.19 1.08064 0.0942547 1
45.6626 0.19 1.08064 0.0942547 1
45.6776 0.155511 0.918726 0.0763208 0
45.7133 0.19 1.08064 0.0942547 1
45.764 0.19 1.08064 0.0942547 1
45.8147 0.19 1.08064 0.0942547 1
45.8655 0.19 1.08064 0.0942547 1
45.9162 0.19 1.08064 0.0942547 1
45.9669 0.19 1.08064 0.0942547 1
46.0176 0.19 1.08064 0.0942547 1
46.0684 0.19 1.08064 0.0942547 1
46.1191 0.19 1.08064 0.0942547 1
46.1391 0.160057 0.903191 0.0788308 0
46.1698 0.19 1.08064 0.0942547 1
46.2205 0.19 1.08064 0.0942547 1
46.2713 0.19 1.08064 0.0942547 1
46.322 0.19 1.08064 0.0942547 1
46.3727 0.19 1.08064 0.0942547 1
46.4234 0.19 1.08064 0.0942547 1
46.4742 0.19 1.08064 0.0942547 1
46.5249 0.19 1.08064 0.0942547 1
46.5756 0.19 1.08064 0.0942547 1
46.6006 0.164577 0.908125 0.0813408 0
46.6263 0.19 1.08064 0.0942547 1
46.6771 0.19 1.08064 0.0942547 1
46.7278 0.19 1.08064 0.0942547 1
46.7785 0.19 1.08064 0.0942547 1
46.8292 0.19 1.08064 0.0942547 1
46.88 0.19 1.08064 0.0942547 1
46.9307 0.19 1.08064 0.0942547 1
46.9814 0.19 1.08064 0.0942547 1
47.0321 0.19 1.08064 0.0942547 1
47.0621 0.169166 0.929912 0.0838508 0
47.0829 0.19 1.08064 0.0942547 1
47.1336 0.19 1.08064 0.0942547 1
47.1843 0.19 1.08064 0.0942547 1
47.235 0.19 1.08064 0.0942547 1
47.2858 0.19 1.08064 0.0942547 1
47.3365 0.19 1.08064 0.0942547 1
47.3872 0.19 1.08064 0.0942547 1
47.4379 0.19 1.08064 0.0942547 1
47.4887 0.19 1.08064 0.0942547 1
47.5237 0.173896 0.963318 0.0863608 0
47.5394 0.19 1.08064 0.0942547 1
47.5901 0.19 1.08064 0.0942547 1
47.6408 0.19 1.08064 0.0942547 1
47.6916 0.19 1.08064 0.0942547 1
47.7423 0.19 1.08064 0.0942547 1
47.793 0.19 1.08064 0.0942547 1
47.8437 0.19 1.08064 0.0942547 1
47.8945 0.19 1.08064 0.0942547 1
47.9452 0.19 1.08064 0.0942547 1
47.9852 0.178809 1.00247 0.0888708 0
47.9959 0.19 1.08064 0.0942547 1
48.0466 0.19 1.08064 0.0942547 1
48.0974 0.19 1.08064 0.0942547 1
48.1481 0.19 1.08064 0.0942547 1
48.1988 0.19 1.08064 0.0942547 1
48.2495 0.19 1.08064 0.0942547 1
48.3003 0.19 1.08064 0.0942547 1
48.351 0.19 1.08064 0.0942547 1
48.4017 0.19 1.08064 0.0942547 1
48.4467 0.18392 1.04171 0.0913808 0
48.4524 0.19 1.08064 0.0942547 1
48.5032 0.19 1.08064 0.0942547 1
48.5539 0.19 1.08064 0.0942547 1
48.6046 0.19 1.08064 0.0942547 1
48.6553 0.19 1.08064 0.0942547 1
48.7061 0.19 1.08064 0.0942547 1
48.7568 0.19 1.08064 0.0942547 1
48.8075 0.19 1.08064 0.0942547 1
48.8582 0.19 1.08064 0.0942547 1
48.9082 0.189218 1.07625 0.0938908 0
48.909 0.19 1.08064 0.0942547 1
48.9597 0.19 1.08064 0.0942547 1
49.0104 0.19 1.08064 0.0942547 1
49.0611 0.19 1.08064 0.0942547 1
49.1118 0.19 1.08064 0.0942547 1
49.1626 0.19 1.08064 0.0942547 1
49.2133 0.19 1.08064 0.0942547 1
49.264 0.19 1.08064 0.0942547 1
49.3147 0.19 1.08064 0.0942547 1
49.3697 0.194669 1.10258 0.0964008 0
49.3655 0.19 1.08064 0.0942547 1
49.4162 0.19 1.08064 0.0942547 1
49.4669 0.19 1.08064 0.0942547 1
49.5176 0.19 1.08064 0.0942547 1
49.5684 0.19 1.08064 0.0942547 1
49.6191 0.19 1.08064 0.0942547 1
49.6698 0.19 1.08064 0.0942547 1
49.7205 0.19 1.08064 0.0942547 1
49.7713 0.19 1.08064 0.0942547 1
49.822 0.19 1.08064 0.0942547 1
49.827 0.145922 1.01182 0.0713008 0
49.8727 0.19 1.08064 0.0942547 1
49.9234 0.19 1.08064 0.0942547 1
49.9742 0.19 1.08064 0.0942547 1
0.502 0.502 0.502 0.502 0.502
