t x v M dripped?
0 0 0 0.01 0
0.165752 0.19 0.952548 0.0935392 1
0.212795 0.19 1.17644 0.0949735 1
0.266182 0.19 0.985047 0.0939481 1
0.31352 0.19 1.14326 0.0946705 1
0.365956 0.19 1.025 0.0940402 1
0.414663 0.19 1.12373 0.0944904 1
0.466587 0.19 1.04806 0.094115 1
0.481587 0.156832 0.874222 0.0770155 0
0.516064 0.19 1.1096 0.0943921 1
0.567566 0.19 1.06216 0.0941648 1
0.617519 0.19 1.1002 0.0943364 1
0.668726 0.19 1.07069 0.0941977 1
0.718965 0.19 1.09416 0.0943041 1
0.769979 0.19 1.07588 0.094219 1
0.820391 0.19 1.09035 0.0942848 1
0.871281 0.19 1.07904 0.0942325 1
0.921799 0.19 1.08796 0.0942732 1
0.951799 0.169014 0.936765 0.0837517 0
0.972611 0.19 1.08098 0.094241 1
1.02319 0.19 1.08648 0.0942662 1
1.07396 0.19 1.08216 0.0942463 1
1.12458 0.19 1.08556 0.0942619 1
1.17531 0.19 1.0829 0.0942496 1
1.22596 0.19 1.08499 0.0942592 1
1.27667 0.19 1.08335 0.0942517 1
1.32733 0.19 1.08464 0.0942576 1
1.37803 0.19 1.08363 0.0942529 1
1.41303 0.173881 0.968646 0.0863592 0
1.4287 0.19 1.08442 0.0942566 1
1.4794 0.19 1.0838 0.0942537 1
1.53007 0.19 1.08429 0.094256 1
1.58076 0.19 1.0839 0.0942542 1
1.63144 0.19 1.08421 0.0942556 1
1.68213 0.19 1.08397 0.0942545 1
1.73281 0.19 1.08415 0.0942554 1
1.7835 0.19 1.08401 0.0942547 1
1.83418 0.19 1.08412 0.0942552 1
1.87418 0.178807 1.0072 0.0888691 0
1.88487 0.19 1.08403 0.0942548 1
1.93555 0.19 1.0841 0.0942551 1
1.98624 0.19 1.08405 0.0942549 1
2.03692 0.19 1.08409 0.0942551 1
2.0876 0.19 1.08406 0.0942549 1
2.13829 0.19 1.08408 0.094255 1
2.18897 0.19 1.08406 0.0942549 1
2.23966 0.19 1.08408 0.094255 1
2.29034 0.19 1.08407 0.094255 1
2.33534 0.183942 1.04595 0.0913903 0
2.34102 0.19 1.08408 0.094255 1
2.39171 0.19 1.08407 0.094255 1
2.44239 0.19 1.08408 0.094255 1
2.49308 0.19 1.08407 0.094255 1
2.54376 0.19 1.08407 0.094255 1
2.59444 0.19 1.08407 0.094255 1
2.64513 0.19 1.08407 0.094255 1
2.69581 0.19 1.08407 0.094255 1
2.7465 0.19 1.08407 0.094255 1
2.7965 0.18926 1.07998 0.0939102 0
2.79718 0.19 1.08407 0.094255 1
2.84787 0.19 1.08407 0.094255 1
2.89855 0.19 1.08407 0.094255 1
2.94923 0.19 1.08407 0.094255 1
2.99992 0.19 1.08407 0.094255 1
3.0506 0.19 1.08407 0.094255 1
3.10129 0.19 1.08407 0.094255 1
3.15197 0.19 1.08407 0.094255 1
3.20265 0.19 1.08407 0.094255 1
3.25765 0.194728 1.10591 0.0964302 0
3.25334 0.19 1.08407 0.094255 1
3.30402 0.19 1.08407 0.094255 1
3.35471 0.19 1.08407 0.094255 1
3.40539 0.19 1.08407 0.094255 1
3.45608 0.19 1.08407 0.094255 1
3.50676 0.19 1.08407 0.094255 1
3.55744 0.19 1.08407 0.094255 1
3.60813 0.19 1.08407 0.094255 1
3.65881 0.19 1.08407 0.094255 1
3.7095 0.19 1.08407 0.094255 1
3.7145 0.145732 1.01609 0.0712302 0
3.76018 0.19 1.08407 0.094255 1
3.81086 0.19 1.08407 0.094255 1
3.86155 0.19 1.08407 0.094255 1
3.91223 0.19 1.08407 0.094255 1
3.96292 0.19 1.08407 0.094255 1
4.0136 0.19 1.08407 0.094255 1
4.06428 0.19 1.08407 0.094255 1
4.11497 0.19 1.08407 0.094255 1
4.16565 0.19 1.08407 0.094255 1
4.17565 0.150667 0.960742 0.0737502 0
4.21634 0.19 1.08407 0.094255 1
4.26702 0.19 1.08407 0.094255 1
4.31771 0.19 1.08407 0.094255 1
4.36839 0.19 1.08407 0.094255 1
4.41907 0.19 1.08407 0.094255 1
4.46976 0.19 1.08407 0.094255 1
4.52044 0.19 1.08407 0.094255 1
4.57113 0.19 1.08407 0.094255 1
4.62181 0.19 1.08407 0.094255 1
4.63681 0.155371 0.924263 0.0762702 0
4.67249 0.19 1.08407 0.094255 1
4.72318 0.19 1.08407 0.094255 1
4.77386 0.19 1.08407 0.094255 1
4.82455 0.19 1.08407 0.094255 1
4.87523 0.19 1.08407 0.094255 1
4.92592 0.19 1.08407 0.094255 1
4.9766 0.19 1.08407 0.094255 1
5.02728 0.19 1.08407 0.094255 1
5.07797 0.19 1.08407 0.094255 1
5.09797 0.159945 0.909016 0.0787902 0
5.12865 0.19 1.08407 0.094255 1
5.17934 0.19 1.08407 0.094255 1
5.23002 0.19 1.08407 0.094255 1
5.2807 0.19 1.08407 0.094255 1
5.33139 0.19 1.08407 0.094255 1
5.38207 0.19 1.08407 0.094255 1
5.43276 0.19 1.08407 0.094255 1
5.48344 0.19 1.08407 0.094255 1
5.53412 0.19 1.08407 0.094255 1
5.55912 0.164495 0.913979 0.0813102 0
5.58481 0.19 1.08407 0.094255 1
5.63549 0.19 1.08407 0.094255 1
5.68618 0.19 1.08407 0.094255 1
5.73686 0.19 1.08407 0.094255 1
5.78755 0.19 1.08407 0.094255 1
5.83823 0.19 1.08407 0.094255 1
5.88891 0.19 1.08407 0.094255 1
5.9396 0.19 1.08407 0.094255 1
5.99028 0.19 1.08407 0.094255 1
6.02028 0.169113 0.935559 0.0838302 0
6.04097 0.19 1.08407 0.094255 1
6.09165 0.19 1.08407 0.094255 1
6.14233 0.19 1.08407 0.094255 1
6.19302 0.19 1.08407 0.094255 1
6.2437 0.19 1.08407 0.094255 1
6.29439 0.19 1.08407 0.094255 1
6.34507 0.19 1.08407 0.094255 1
6.39576 0.19 1.08407 0.094255 1
6.44644 0.19 1.08407 0.094255 1
6.48144 0.17387 0.968577 0.0863502 0
6.49712 0.19 1.08407 0.094255 1
6.54781 0.19 1.08407 0.094255 1
6.59849 0.19 1.08407 0.094255 1
6.64918 0.19 1.08407 0.094255 1
6.69986 0.19 1.08407 0.094255 1
6.75054 0.19 1.08407 0.094255 1
6.80123 0.19 1.08407 0.094255 1
6.85191 0.19 1.08407 0.094255 1
6.9026 0.19 1.08407 0.094255 1
6.9426 0.178808 1.00723 0.0888702 0
6.95328 0.19 1.08407 0.094255 1
7.00397 0.19 1.08407 0.094255 1
7.05465 0.19 1.08407 0.094255 1
7.10533 0.19 1.08407 0.094255 1
7.15602 0.19 1.08407 0.094255 1
7.2067 0.19 1.08407 0.094255 1
7.25739 0.19 1.08407 0.094255 1
7.30807 0.19 1.08407 0.094255 1
7.35875 0.19 1.08407 0.094255 1
7.40375 0.183942 1.04594 0.0913902 0
7.40944 0.19 1.08407 0.094255 1
7.46012 0.19 1.08407 0.094255 1
7.51081 0.19 1.08407 0.094255 1
7.56149 0.19 1.08407 0.094255 1
7.61217 0.19 1.08407 0.094255 1
7.66286 0.19 1.08407 0.094255 1
7.71354 0.19 1.08407 0.094255 1
7.76423 0.19 1.08407 0.094255 1
7.81491 0.19 1.08407 0.094255 1
7.86491 0.18926 1.07999 0.0939102 0
7.8656 0.19 1.08407 0.094255 1
7.91628 0.19 1.08407 0.094255 1
7.96696 0.19 1.08407 0.094255 1
8.01765 0.19 1.08407 0.094255 1
8.06833 0.19 1.08407 0.094255 1
8.11902 0.19 1.08407 0.094255 1
8.1697 0.19 1.08407 0.094255 1
8.22038 0.19 1.08407 0.094255 1
8.27107 0.19 1.08407 0.094255 1
8.32607 0.194728 1.10591 0.0964302 0
8.32175 0.19 1.08407 0.094255 1
8.37244 0.19 1.08407 0.094255 1
8.42312 0.19 1.08407 0.094255 1
8.47381 0.19 1.08407 0.094255 1
8.52449 0.19 1.08407 0.094255 1
8.57517 0.19 1.08407 0.094255 1
8.62586 0.19 1.08407 0.094255 1
8.67654 0.19 1.08407 0.094255 1
8.72723 0.19 1.08407 0.094255 1
8.77791 0.19 1.08407 0.094255 1
8.78291 0.145732 1.01609 0.0712302 0
8.82859 0.19 1.08407 0.094255 1
8.87928 0.19 1.08407 0.094255 1
8.92996 0.19 1.08407 0.094255 1
8.98065 0.19 1.08407 0.094255 1
9.03133 0.19 1.08407 0.094255 1
9.08201 0.19 1.08407 0.094255 1
9.1327 0.19 1.08407 0.094255 1
9.18338 0.19 1.08407 0.094255 1
9.23407 0.19 1.08407 0.094255 1
9.24407 0.150667 0.960742 0.0737502 0
9.28475 0.19 1.08407 0.094255 1
9.33544 0.19 1.08407 0.094255 1
9.38612 0.19 1.08407 0.094255 1
9.4368 0.19 1.08407 0.094255 1
9.48749 0.19 1.08407 0.094255 1
9.53817 0.19 1.08407 0.094255 1
9.58886 0.19 1.08407 0.094255 1
9.63954 0.19 1.08407 0.094255 1
9.69022 0.19 1.08407 0.094255 1
9.70522 0.155371 0.924263 0.0762702 0
9.74091 0.19 1.08407 0.094255 1
9.79159 0.19 1.08407 0.094255 1
9.84228 0.19 1.08407 0.094255 1
9.89296 0.19 1.08407 0.094255 1
9.94365 0.19 1.08407 0.094255 1
9.99433 0.19 1.08407 0.094255 1
10.045 0.19 1.08407 0.094255 1
10.0957 0.19 1.08407 0.094255 1
10.1464 0.19 1.08407 0.094255 1
10.1664 0.159945 0.909016 0.0787902 0
10.1971 0.19 1.08407 0.094255 1
10.2478 0.19 1.08407 0.094255 1
10.2984 0.19 1.08407 0.094255 1
10.3491 0.19 1.08407 0.094255 1
10.3998 0.19 1.08407 0.094255 1
10.4505 0.19 1.08407 0.094255 1
10.5012 0.19 1.08407 0.094255 1
10.5519 0.19 1.08407 0.094255 1
10.6025 0.19 1.08407 0.094255 1
10.6275 0.164495 0.913979 0.0813102 0
10.6532 0.19 1.08407 0.094255 1
10.7039 0.19 1.08407 0.094255 1
10.7546 0.19 1.08407 0.094255 1
10.8053 0.19 1.08407 0.094255 1
10.856 0.19 1.08407 0.094255 1
10.9066 0.19 1.08407 0.094255 1
10.9573 0.19 1.08407 0.094255 1
11.008 0.19 1.08407 0.094255 1
11.0587 0.19 1.08407 0.094255 1
11.0887 0.169113 0.935559 0.0838302 0
11.1094 0.19 1.08407 0.094255 1
11.1601 0.19 1.08407 0.094255 1
11.2107 0.19 1.08407 0.094255 1
11.2614 0.19 1.08407 0.094255 1
11.3121 0.19 1.08407 0.094255 1
11.3628 0.19 1.08407 0.094255 1
11.4135 0.19 1.08407 0.094255 1
11.4642 0.19 1.08407 0.094255 1
11.5149 0.19 1.08407 0.094255 1
11.5499 0.17387 0.968577 0.0863502 0
11.5655 0.19 1.08407 0.094255 1
11.6162 0.19 1.08407 0.094255 1
11.6669 0.19 1.08407 0.094255 1
11.7176 0.19 1.08407 0.094255 1
11.7683 0.19 1.08407 0.094255 1
11.819 0.19 1.08407 0.094255 1
11.8696 0.19 1.08407 0.094255 1
11.9203 0.19 1.08407 0.094255 1
11.971 0.19 1.08407 0.094255 1
12.011 0.178808 1.00723 0.0888702 0
12.0217 0.19 1.08407 0.094255 1
12.0724 0.19 1.08407 0.094255 1
12.1231 0.19 1.08407 0.094255 1
12.1737 0.19 1.08407 0.094255 1
12.2244 0.19 1.08407 0.094255 1
12.2751 0.19 1.08407 0.094255 1
12.3258 0.19 1.08407 0.094255 1
12.3765 0.19 1.08407 0.094255 1
12.4272 0.19 1.08407 0.094255 1
12.4722 0.183942 1.04594 0.0913902 0
12.4779 0.19 1.08407 0.094255 1
12.5285 0.19 1.08407 0.094255 1
12.5792 0.19 1.08407 0.094255 1
12.6299 0.19 1.08407 0.094255 1
12.6806 0.19 1.08407 0.094255 1
12.7313 0.19 1.08407 0.094255 1
12.782 0.19 1.08407 0.094255 1
12.8326 0.19 1.08407 0.094255 1
12.8833 0.19 1.08407 0.094255 1
12.9333 0.18926 1.07999 0.0939102 0
12.934 0.19 1.08407 0.094255 1
12.9847 0.19 1.08407 0.094255 1
13.0354 0.19 1.08407 0.094255 1
13.0861 0.19 1.08407 0.094255 1
13.1367 0.19 1.08407 0.094255 1
13.1874 0.19 1.08407 0.094255 1
13.2381 0.19 1.08407 0.094255 1
13.2888 0.19 1.08407 0.094255 1
13.3395 0.19 1.08407 0.094255 1
13.3945 0.194728 1.10591 0.0964302 0
13.3902 0.19 1.08407 0.094255 1
13.4409 0.19 1.08407 0.094255 1
13.4915 0.19 1.08407 0.094255 1
13.5422 0.19 1.08407 0.094255 1
13.5929 0.19 1.08407 0.094255 1
13.6436 0.19 1.08407 0.094255 1
13.6943 0.19 1.08407 0.094255 1
13.745 0.19 1.08407 0.094255 1
13.7956 0.19 1.08407 0.094255 1
13.8463 0.19 1.08407 0.094255 1
13.8513 0.145732 1.01609 0.0712302 0
13.897 0.19 1.08407 0.094255 1
13.9477 0.19 1.08407 0.094255 1
13.9984 0.19 1.08407 0.094255 1
14.0491 0.19 1.08407 0.094255 1
14.0997 0.19 1.08407 0.094255 1
14.1504 0.19 1.08407 0.094255 1
14.2011 0.19 1.08407 0.094255 1
14.2518 0.19 1.08407 0.094255 1
14.3025 0.19 1.08407 0.094255 1
14.3125 0.150667 0.960742 0.0737502 0
14.3532 0.19 1.08407 0.094255 1
14.4038 0.19 1.08407 0.094255 1
14.4545 0.19 1.08407 0.094255 1
14.5052 0.19 1.08407 0.094255 1
14.5559 0.19 1.08407 0.094255 1
14.6066 0.19 1.08407 0.094255 1
14.6573 0.19 1.08407 0.094255 1
14.708 0.19 1.08407 0.094255 1
14.7586 0.19 1.08407 0.094255 1
14.7736 0.155371 0.924263 0.0762702 0
14.8093 0.19 1.08407 0.094255 1
14.86 0.19 1.08407 0.094255 1
14.9107 0.19 1.08407 0.094255 1
14.9614 0.19 1.08407 0.094255 1
15.0121 0.19 1.08407 0.094255 1
15.0627 0.19 1.08407 0.094255 1
15.1134 0.19 1.08407 0.094255 1
15.1641 0.19 1.08407 0.094255 1
15.2148 0.19 1.08407 0.094255 1
15.2348 0.159945 0.909016 0.0787902 0
15.2655 0.19 1.08407 0.094255 1
15.3162 0.19 1.08407 0.094255 1
15.3668 0.19 1.08407 0.094255 1
15.4175 0.19 1.08407 0.094255 1
15.4682 0.19 1.08407 0.094255 1
15.5189 0.19 1.08407 0.094255 1
15.5696 0.19 1.08407 0.094255 1
15.6203 0.19 1.08407 0.094255 1
15.671 0.19 1.08407 0.094255 1
15.696 0.164495 0.913979 0.0813102 0
15.7216 0.19 1.08407 0.094255 1
15.7723 0.19 1.08407 0.094255 1
15.823 0.19 1.08407 0.094255 1
15.8737 0.19 1.08407 0.094255 1
15.9244 0.19 1.08407 0.094255 1
15.9751 0.19 1.08407 0.094255 1
16.0257 0.19 1.08407 0.094255 1
16.0764 0.19 1.08407 0.094255 1
16.1271 0.19 1.08407 0.094255 1
16.1571 0.169113 0.935559 0.0838302 0
16.1778 0.19 1.08407 0.094255 1
16.2285 0.19 1.08407 0.094255 1
16.2792 0.19 1.08407 0.094255 1
16.3298 0.19 1.08407 0.094255 1
16.3805 0.19 1.08407 0.094255 1
16.4312 0.19 1.08407 0.094255 1
16.4819 0.19 1.08407 0.094255 1
16.5326 0.19 1.08407 0.094255 1
16.5833 0.19 1.08407 0.094255 1
16.6183 0.17387 0.968577 0.0863502 0
16.634 0.19 1.08407 0.094255 1
16.6846 0.19 1.08407 0.094255 1
16.7353 0.19 1.08407 0.094255 1
16.786 0.19 1.08407 0.094255 1
16.8367 0.19 1.08407 0.094255 1
16.8874 0.19 1.08407 0.094255 1
16.9381 0.19 1.08407 0.094255 1
16.9887 0.19 1.08407 0.094255 1
17.0394 0.19 1.08407 0.094255 1
17.0794 0.178808 1.00723 0.0888702 0
17.0901 0.19 1.08407 0.094255 1
17.1408 0.19 1.08407 0.094255 1
17.1915 0.19 1.08407 0.094255 1
17.2422 0.19 1.08407 0.094255 1
17.2928 0.19 1.08407 0.094255 1
17.3435 0.19 1.08407 0.094255 1
17.3942 0.19 1.08407 0.094255 1
17.4449 0.19 1.08407 0.094255 1
17.4956 0.19 1.08407 0.094255 1
17.5406 0.183942 1.04594 0.0913902 0
17.5463 0.19 1.08407 0.094255 1
17.597 0.19 1.08407 0.094255 1
17.6476 0.19 1.08407 0.094255 1
17.6983 0.19 1.08407 0.094255 1
17.749 0.19 1.08407 0.094255 1
17.7997 0.19 1.08407 0.094255 1
17.8504 0.19 1.08407 0.094255 1
17.9011 0.19 1.08407 0.094255 1
17.9517 0.19 1.08407 0.094255 1
18.0017 0.18926 1.07999 0.0939102 0
18.0024 0.19 1.08407 0.094255 1
18.0531 0.19 1.08407 0.094255 1
18.1038 0.19 1.08407 0.094255 1
18.1545 0.19 1.08407 0.094255 1
18.2052 0.19 1.08407 0.094255 1
18.2558 0.19 1.08407 0.094255 1
18.3065 0.19 1.08407 0.094255 1
18.3572 0.19 1.08407 0.094255 1
18.4079 0.19 1.08407 0.094255 1
18.4629 0.194728 1.10591 0.0964302 0
18.4586 0.19 1.08407 0.094255 1
18.5093 0.19 1.08407 0.094255 1
18.5599 0.19 1.08407 0.094255 1
18.6106 0.19 1.08407 0.094255 1
18.6613 0.19 1.08407 0.094255 1
18.712 0.19 1.08407 0.094255 1
18.7627 0.19 1.08407 0.094255 1
18.8134 0.19 1.08407 0.094255 1
18.8641 0.19 1.08407 0.094255 1
18.9147 0.19 1.08407 0.094255 1
18.9197 0.145732 1.01609 0.0712302 0
18.9654 0.19 1.08407 0.094255 1
19.0161 0.19 1.08407 0.094255 1
19.0668 0.19 1.08407 0.094255 1
19.1175 0.19 1.08407 0.094255 1
19.1682 0.19 1.08407 0.094255 1
19.2188 0.19 1.08407 0.094255 1
19.2695 0.19 1.08407 0.094255 1
19.3202 0.19 1.08407 0.094255 1
19.3709 0.19 1.08407 0.094255 1
19.3809 0.150667 0.960742 0.0737502 0
19.4216 0.19 1.08407 0.094255 1
19.4723 0.19 1.08407 0.094255 1
19.5229 0.19 1.08407 0.094255 1
19.5736 0.19 1.08407 0.094255 1
19.6243 0.19 1.08407 0.094255 1
19.675 0.19 1.08407 0.094255 1
19.7257 0.19 1.08407 0.094255 1
19.7764 0.19 1.08407 0.094255 1
19.8271 0.19 1.08407 0.094255 1
19.8421 0.155371 0.924263 0.0762702 0
19.8777 0.19 1.08407 0.094255 1
19.9284 0.19 1.08407 0.094255 1
19.9791 0.19 1.08407 0.094255 1
20.0298 0.19 1.08407 0.094255 1
20.0805 0.19 1.08407 0.094255 1
20.1312 0.19 1.08407 0.094255 1
20.1818 0.19 1.08407 0.094255 1
20.2325 0.19 1.08407 0.094255 1
20.2832 0.19 1.08407 0.094255 1
20.3032 0.159945 0.909016 0.0787902 0
20.3339 0.19 1.08407 0.094255 1
20.3846 0.19 1.08407 0.094255 1
20.4353 0.19 1.08407 0.094255 1
20.4859 0.19 1.08407 0.094255 1
20.5366 0.19 1.08407 0.094255 1
20.5873 0.19 1.08407 0.094255 1
20.638 0.19 1.08407 0.094255 1
20.6887 0.19 1.08407 0.094255 1
20.7394 0.19 1.08407 0.094255 1
20.7644 0.164495 0.913979 0.0813102 0
20.7901 0.19 1.08407 0.094255 1
20.8407 0.19 1.08407 0.094255 1
20.8914 0.19 1.08407 0.094255 1
20.9421 0.19 1.08407 0.094255 1
20.9928 0.19 1.08407 0.094255 1
21.0435 0.19 1.08407 0.094255 1
21.0942 0.19 1.08407 0.094255 1
21.1448 0.19 1.08407 0.094255 1
21.1955 0.19 1.08407 0.094255 1
21.2255 0.169113 0.935559 0.0838302 0
21.2462 0.19 1.08407 0.094255 1
21.2969 0.19 1.08407 0.094255 1
21.3476 0.19 1.08407 0.094255 1
21.3983 0.19 1.08407 0.094255 1
21.4489 0.19 1.08407 0.094255 1
21.4996 0.19 1.08407 0.094255 1
21.5503 0.19 1.08407 0.094255 1
21.601 0.19 1.08407 0.094255 1
21.6517 0.19 1.08407 0.094255 1
21.6867 0.17387 0.968577 0.0863502 0
21.7024 0.19 1.08407 0.094255 1
21.7531 0.19 1.08407 0.094255 1
21.8037 0.19 1.08407 0.094255 1
21.8544 0.19 1.08407 0.094255 1
21.9051 0.19 1.08407 0.094255 1
21.9558 0.19 1.08407 0.094255 1
22.0065 0.19 1.08407 0.094255 1
22.0572 0.19 1.08407 0.094255 1
22.1078 0.19 1.08407 0.094255 1
22.1478 0.178808 1.00723 0.0888702 0
22.1585 0.19 1.08407 0.094255 1
22.2092 0.19 1.08407 0.094255 1
22.2599 0.19 1.08407 0.094255 1
22.3106 0.19 1.08407 0.094255 1
22.3613 0.19 1.08407 0.094255 1
22.4119 0.19 1.08407 0.094255 1
22.4626 0.19 1.08407 0.094255 1
22.5133 0.19 1.08407 0.094255 1
22.564 0.19 1.08407 0.094255 1
22.609 0.183942 1.04594 0.0913902 0
22.6147 0.19 1.08407 0.094255 1
22.6654 0.19 1.08407 0.094255 1
22.716 0.19 1.08407 0.094255 1
22.7667 0.19 1.08407 0.094255 1
22.8174 0.19 1.08407 0.094255 1
22.8681 0.19 1.08407 0.094255 1
22.9188 0.19 1.08407 0.094255 1
22.9695 0.19 1.08407 0.094255 1
23.0202 0.19 1.08407 0.094255 1
23.0702 0.18926 1.07999 0.0939102 0
23.0708 0.19 1.08407 0.094255 1
23.1215 0.19 1.08407 0.094255 1
23.1722 0.19 1.08407 0.094255 1
23.2229 0.19 1.08407 0.094255 1
23.2736 0.19 1.08407 0.094255 1
23.3243 0.19 1.08407 0.094255 1
23.3749 0.19 1.08407 0.094255 1
23.4256 0.19 1.08407 0.094255 1
23.4763 0.19 1.08407 0.094255 1
23.5313 0.194728 1.10591 0.0964302 0
23.527 0.19 1.08407 0.094255 1
23.5777 0.19 1.08407 0.094255 1
23.6284 0.19 1.08407 0.094255 1
23.679 0.19 1.08407 0.094255 1
23.7297 0.19 1.08407 0.094255 1
23.7804 0.19 1.08407 0.094255 1
23.8311 0.19 1.08407 0.094255 1
23.8818 0.19 1.08407 0.094255 1
23.9325 0.19 1.08407 0.094255 1
23.9832 0.19 1.08407 0.094255 1
23.9882 0.145732 1.01609 0.0712302 0
24.0338 0.19 1.08407 0.094255 1
24.0845 0.19 1.08407 0.094255 1
24.1352 0.19 1.08407 0.094255 1
24.1859 0.19 1.08407 0.094255 1
24.2366 0.19 1.08407 0.094255 1
24.2873 0.19 1.08407 0.094255 1
24.3379 0.19 1.08407 0.094255 1
24.3886 0.19 1.08407 0.094255 1
24.4393 0.19 1.08407 0.094255 1
24.4493 0.150667 0.960742 0.0737502 0
24.49 0.19 1.08407 0.094255 1
24.5407 0.19 1.08407 0.094255 1
24.5914 0.19 1.08407 0.094255 1
24.642 0.19 1.08407 0.094255 1
24.6927 0.19 1.08407 0.094255 1
24.7434 0.19 1.08407 0.094255 1
24.7941 0.19 1.08407 0.094255 1
24.8448 0.19 1.08407 0.094255 1
24.8955 0.19 1.08407 0.094255 1
24.9105 0.155371 0.924263 0.0762702 0
24.9462 0.19 1.08407 0.094255 1
24.9968 0.19 1.08407 0.094255 1
25.0475 0.19 1.08407 0.094255 1
25.0982 0.19 1.08407 0.094255 1
25.1489 0.19 1.08407 0.094255 1
25.1996 0.19 1.08407 0.094255 1
25.2503 0.19 1.08407 0.094255 1
25.3009 0.19 1.08407 0.094255 1
25.3516 0.19 1.08407 0.094255 1
25.3716 0.159945 0.909016 0.0787902 0
25.4023 0.19 1.08407 0.094255 1
25.453 0.19 1.08407 0.094255 1
25.5037 0.19 1.08407 0.094255 1
25.5544 0.19 1.08407 0.094255 1
25.605 0.19 1.08407 0.094255 1
25.6557 0.19 1.08407 0.094255 1
25.7064 0.19 1.08407 0.094255 1
25.7571 0.19 1.08407 0.094255 1
25.8078 0.19 1.08407 0.094255 1
25.8328 0.164495 0.913979 0.0813102 0
25.8585 0.19 1.08407 0.094255 1
25.9092 0.19 1.08407 0.094255 1
25.9598 0.19 1.08407 0.094255 1
26.0105 0.19 1.08407 0.094255 1
26.0612 0.19 1.08407 0.094255 1
26.1119 0.19 1.08407 0.094255 1
26.1626 0.19 1.08407 0.094255 1
26.2133 0.19 1.08407 0.094255 1
26.2639 0.19 1.08407 0.094255 1
26.2939 0.169113 0.935559 0.0838302 0
26.3146 0.19 1.08407 0.094255 1
26.3653 0.19 1.08407 0.094255 1
26.416 0.19 1.08407 0.094255 1
26.4667 0.19 1.08407 0.094255 1
26.5174 0.19 1.08407 0.094255 1
26.568 0.19 1.08407 0.094255 1
26.6187 0.19 1.08407 0.094255 1
26.6694 0.19 1.08407 0.094255 1
26.7201 0.19 1.08407 0.094255 1
26.7551 0.17387 0.968577 0.0863502 0
26.7708 0.19 1.08407 0.094255 1
26.8215 0.19 1.08407 0.094255 1
26.8721 0.19 1.08407 0.094255 1
26.9228 0.19 1.08407 0.094255 1
26.9735 0.19 1.08407 0.094255 1
27.0242 0.19 1.08407 0.094255 1
27.0749 0.19 1.08407 0.094255 1
27.1256 0.19 1.08407 0.094255 1
27.1763 0.19 1.08407 0.094255 1
27.2163 0.178808 1.00723 0.0888702 0
27.2269 0.19 1.08407 0.094255 1
27.2776 0.19 1.08407 0.094255 1
27.3283 0.19 1.08407 0.094255 1
27.379 0.19 1.08407 0.094255 1
27.4297 0.19 1.08407 0.094255 1
27.4804 0.19 1.08407 0.094255 1
27.531 0.19 1.08407 0.094255 1
27.5817 0.19 1.08407 0.094255 1
27.6324 0.19 1.08407 0.094255 1
27.6774 0.183942 1.04594 0.0913902 0
27.6831 0.19 1.08407 0.094255 1
27.7338 0.19 1.08407 0.094255 1
27.7845 0.19 1.08407 0.094255 1
27.8351 0.19 1.08407 0.094255 1
27.8858 0.19 1.08407 0.094255 1
27.9365 0.19 1.08407 0.094255 1
27.9872 0.19 1.08407 0.094255 1
28.0379 0.19 1.08407 0.094255 1
28.0886 0.19 1.08407 0.094255 1
28.1386 0.18926 1.07999 0.0939102 0
28.1393 0.19 1.08407 0.094255 1
28.1899 0.19 1.08407 0.094255 1
28.2406 0.19 1.08407 0.094255 1
28.2913 0.19 1.08407 0.094255 1
28.342 0.19 1.08407 0.094255 1
28.3927 0.19 1.08407 0.094255 1
28.4434 0.19 1.08407 0.094255 1
28.494 0.19 1.08407 0.094255 1
28.5447 0.19 1.08407 0.094255 1
28.5997 0.194728 1.10591 0.0964302 0
28.5954 0.19 1.08407 0.094255 1
28.6461 0.19 1.08407 0.094255 1
28.6968 0.19 1.08407 0.094255 1
28.7475 0.19 1.08407 0.094255 1
28.7981 0.19 1.08407 0.094255 1
28.8488 0.19 1.08407 0.094255 1
28.8995 0.19 1.08407 0.094255 1
28.9502 0.19 1.08407 0.094255 1
29.0009 0.19 1.08407 0.094255 1
29.0516 0.19 1.08407 0.094255 1
29.0566 0.145732 1.01609 0.0712302 0
29.1023 0.19 1.08407 0.094255 1
29.1529 0.19 1.08407 0.094255 1
29.2036 0.19 1.08407 0.094255 1
29.2543 0.19 1.08407 0.094255 1
29.305 0.19 1.08407 0.094255 1
29.3557 0.19 1.08407 0.094255 1
29.4064 0.19 1.08407 0.094255 1
29.457 0.19 1.08407 0.094255 1
29.5077 0.19 1.08407 0.094255 1
29.5177 0.150667 0.960742 0.0737502 0
29.5584 0.19 1.08407 0.094255 1
29.6091 0.19 1.08407 0.094255 1
29.6598 0.19 1.08407 0.094255 1
29.7105 0.19 1.08407 0.094255 1
29.7611 0.19 1.08407 0.094255 1
29.8118 0.19 1.08407 0.094255 1
29.8625 0.19 1.08407 0.094255 1
29.9132 0.19 1.08407 0.094255 1
29.9639 0.19 1.08407 0.094255 1
29.9789 0.155371 0.924263 0.0762702 0
30.0146 0.19 1.08407 0.094255 1
30.0652 0.19 1.08407 0.094255 1
30.1159 0.19 1.08407 0.094255 1
30.1666 0.19 1.08407 0.094255 1
30.2173 0.19 1.08407 0.094255 1
30.268 0.19 1.08407 0.094255 1
30.3187 0.19 1.08407 0.094255 1
30.3694 0.19 1.08407 0.094255 1
30.42 0.19 1.08407 0.094255 1
30.44 0.159945 0.909016 0.0787902 0
30.4707 0.19 1.08407 0.094255 1
30.5214 0.19 1.08407 0.094255 1
30.5721 0.19 1.08407 0.094255 1
30.6228 0.19 1.08407 0.094255 1
30.6735 0.19 1.08407 0.094255 1
30.7241 0.19 1.08407 0.094255 1
30.7748 0.19 1.08407 0.094255 1
30.8255 0.19 1.08407 0.094255 1
30.8762 0.19 1.08407 0.094255 1
30.9012 0.164495 0.913979 0.0813102 0
30.9269 0.19 1.08407 0.094255 1
30.9776 0.19 1.08407 0.094255 1
31.0282 0.19 1.08407 0.094255 1
31.0789 0.19 1.08407 0.094255 1
31.1296 0.19 1.08407 0.094255 1
31.1803 0.19 1.08407 0.094255 1
31.231 0.19 1.08407 0.094255 1
31.2817 0.19 1.08407 0.094255 1
31.3324 0.19 1.08407 0.094255 1
31.3624 0.169113 0.935559 0.0838302 0
31.383 0.19 1.08407 0.094255 1
31.4337 0.19 1.08407 0.094255 1
31.4844 0.19 1.08407 0.094255 1
31.5351 0.19 1.08407 0.094255 1
31.5858 0.19 1.08407 0.094255 1
31.6365 0.19 1.08407 0.094255 1
31.6871 0.19 1.08407 0.094255 1
31.7378 0.19 1.08407 0.094255 1
31.7885 0.19 1.08407 0.094255 1
31.8235 0.17387 0.968577 0.0863502 0
31.8392 0.19 1.08407 0.094255 1
31.8899 0.19 1.08407 0.094255 1
31.9406 0.19 1.08407 0.094255 1
31.9912 0.19 1.08407 0.094255 1
32.0419 0.19 1.08407 0.094255 1
32.0926 0.19 1.08407 0.094255 1
32.1433 0.19 1.08407 0.094255 1
32.194 0.19 1.08407 0.094255 1
32.2447 0.19 1.08407 0.094255 1
32.2847 0.178808 1.00723 0.0888702 0
32.2954 0.19 1.08407 0.094255 1
32.346 0.19 1.08407 0.094255 1
32.3967 0.19 1.08407 0.094255 1
32.4474 0.19 1.08407 0.094255 1
32.4981 0.19 1.08407 0.094255 1
32.5488 0.19 1.08407 0.094255 1
32.5995 0.19 1.08407 0.094255 1
32.6501 0.19 1.08407 0.094255 1
32.7008 0.19 1.08407 0.094255 1
32.7458 0.183942 1.04594 0.0913902 0
32.7515 0.19 1.08407 0.094255 1
32.8022 0.19 1.08407 0.094255 1
32.8529 0.19 1.08407 0.094255 1
32.9036 0.19 1.08407 0.094255 1
32.9542 0.19 1.08407 0.094255 1
33.0049 0.19 1.08407 0.094255 1
33.0556 0.19 1.08407 0.094255 1
33.1063 0.19 1.08407 0.094255 1
33.157 0.19 1.08407 0.094255 1
33.207 0.18926 1.07999 0.0939102 0
33.2077 0.19 1.08407 0.094255 1
33.2584 0.19 1.08407 0.094255 1
33.309 0.19 1.08407 0.094255 1
33.3597 0.19 1.08407 0.094255 1
33.4104 0.19 1.08407 0.094255 1
33.4611 0.19 1.08407 0.094255 1
33.5118 0.19 1.08407 0.094255 1
33.5625 0.19 1.08407 0.094255 1
33.6131 0.19 1.08407 0.094255 1
33.6681 0.194728 1.10591 0.0964302 0
33.6638 0.19 1.08407 0.094255 1
33.7145 0.19 1.08407 0.094255 1
33.7652 0.19 1.08407 0.094255 1
33.8159 0.19 1.08407 0.094255 1
33.8666 0.19 1.08407 0.094255 1
33.9172 0.19 1.08407 0.094255 1
33.9679 0.19 1.08407 0.094255 1
34.0186 0.19 1.08407 0.094255 1
34.0693 0.19 1.08407 0.094255 1
34.12 0.19 1.08407 0.094255 1
34.125 0.145732 1.01609 0.0712302 0
34.1707 0.19 1.08407 0.094255 1
34.2213 0.19 1.08407 0.094255 1
34.272 0.19 1.08407 0.094255 1
34.3227 0.19 1.08407 0.094255 1
34.3734 0.19 1.08407 0.094255 1
34.4241 0.19 1.08407 0.094255 1
34.4748 0.19 1.08407 0.094255 1
34.5255 0.19 1.08407 0.094255 1
34.5761 0.19 1.08407 0.094255 1
34.5861 0.150667 0.960742 0.0737502 0
34.6268 0.19 1.08407 0.094255 1
34.6775 0.19 1.08407 0.094255 1
34.7282 0.19 1.08407 0.094255 1
34.7789 0.19 1.08407 0.094255 1
34.8296 0.19 1.08407 0.094255 1
34.8802 0.19 1.08407 0.094255 1
34.9309 0.19 1.08407 0.094255 1
34.9816 0.19 1.08407 0.094255 1
35.0323 0.19 1.08407 0.094255 1
35.0473 0.155371 0.924263 0.0762702 0
35.083 0.19 1.08407 0.094255 1
35.1337 0.19 1.08407 0.094255 1
35.1843 0.19 1.08407 0.094255 1
35.235 0.19 1.08407 0.094255 1
35.2857 0.19 1.08407 0.094255 1
35.3364 0.19 1.08407 0.094255 1
35.3871 0.19 1.08407 0.094255 1
35.4378 0.19 1.08407 0.094255 1
35.4885 0.19 1.08407 0.094255 1
35.5085 0.159945 0.909016 0.0787902 0
35.5391 0.19 1.08407 0.094255 1
35.5898 0.19 1.08407 0.094255 1
35.6405 0.19 1.08407 0.094255 1
35.6912 0.19 1.08407 0.094255 1
35.7419 0.19 1.08407 0.094255 1
35.7926 0.19 1.08407 0.094255 1
35.8432 0.19 1.08407 0.094255 1
35.8939 0.19 1.08407 0.094255 1
35.9446 0.19 1.08407 0.094255 1
35.9696 0.164495 0.913979 0.0813102 0
35.9953 0.19 1.08407 0.094255 1
36.046 0.19 1.08407 0.094255 1
36.0967 0.19 1.08407 0.094255 1
36.1473 0.19 1.08407 0.094255 1
36.198 0.19 1.08407 0.094255 1
36.2487 0.19 1.08407 0.094255 1
36.2994 0.19 1.08407 0.094255 1
36.3501 0.19 1.08407 0.094255 1
36.4008 0.19 1.08407 0.094255 1
36.4308 0.169113 0.935559 0.0838302 0
36.4515 0.19 1.08407 0.094255 1
36.5021 0.19 1.08407 0.094255 1
36.5528 0.19 1.08407 0.094255 1
36.6035 0.19 1.08407 0.094255 1
36.6542 0.19 1.08407 0.094255 1
36.7049 0.19 1.08407 0.094255 1
36.7556 0.19 1.08407 0.094255 1
36.8062 0.19 1.08407 0.094255 1
36.8569 0.19 1.08407 0.094255 1
36.8919 0.17387 0.968577 0.0863502 0
36.9076 0.19 1.08407 0.094255 1
36.9583 0.19 1.08407 0.094255 1
37.009 0.19 1.08407 0.094255 1
37.0597 0.19 1.08407 0.094255 1
37.1103 0.19 1.08407 0.094255 1
37.161 0.19 1.08407 0.094255 1
37.2117 0.19 1.08407 0.094255 1
37.2624 0.19 1.08407 0.094255 1
37.3131 0.19 1.08407 0.094255 1
37.3531 0.178808 1.00723 0.0888702 0
37.3638 0.19 1.08407 0.094255 1
37.4145 0.19 1.08407 0.094255 1
37.4651 0.19 1.08407 0.094255 1
37.5158 0.19 1.08407 0.094255 1
37.5665 0.19 1.08407 0.094255 1
37.6172 0.19 1.08407 0.094255 1
37.6679 0.19 1.08407 0.094255 1
37.7186 0.19 1.08407 0.094255 1
37.7692 0.19 1.08407 0.094255 1
37.8142 0.183942 1.04594 0.0913902 0
37.8199 0.19 1.08407 0.094255 1
37.8706 0.19 1.08407 0.094255 1
37.9213 0.19 1.08407 0.094255 1
37.972 0.19 1.08407 0.094255 1
38.0227 0.19 1.08407 0.094255 1
38.0733 0.19 1.08407 0.094255 1
38.124 0.19 1.08407 0.094255 1
38.1747 0.19 1.08407 0.094255 1
38.2254 0.19 1.08407 0.094255 1
38.2754 0.18926 1.07999 0.0939102 0
38.2761 0.19 1.08407 0.094255 1
38.3268 0.19 1.08407 0.094255 1
38.3774 0.19 1.08407 0.094255 1
38.4281 0.19 1.08407 0.094255 1
38.4788 0.19 1.08407 0.094255 1
38.5295 0.19 1.08407 0.094255 1
38.5802 0.19 1.08407 0.094255 1
38.6309 0.19 1.08407 0.094255 1
38.6816 0.19 1.08407 0.094255 1
38.7366 0.194728 1.10591 0.0964302 0
38.7322 0.19 1.08407 0.094255 1
38.7829 0.19 1.08407 0.094255 1
38.8336 0.19 1.08407 0.094255 1
38.8843 0.19 1.08407 0.094255 1
38.935 0.19 1.08407 0.094255 1
38.9857 0.19 1.08407 0.094255 1
39.0363 0.19 1.08407 0.094255 1
39.087 0.19 1.08407 0.094255 1
39.1377 0.19 1.08407 0.094255 1
39.1884 0.19 1.08407 0.094255 1
39.1934 0.145732 1.01609 0.0712302 0
39.2391 0.19 1.08407 0.094255 1
39.2898 0.19 1.08407 0.094255 1
39.3404 0.19 1.08407 0.094255 1
39.3911 0.19 1.08407 0.094255 1
39.4418 0.19 1.08407 0.094255 1
39.4925 0.19 1.08407 0.094255 1
39.5432 0.19 1.08407 0.094255 1
39.5939 0.19 1.08407 0.094255 1
39.6446 0.19 1.08407 0.094255 1
39.6546 0.150667 0.960742 0.0737502 0
39.6952 0.19 1.08407 0.094255 1
39.7459 0.19 1.08407 0.094255 1
39.7966 0.19 1.08407 0.094255 1
39.8473 0.19 1.08407 0.094255 1
39.898 0.19 1.08407 0.094255 1
39.9487 0.19 1.08407 0.094255 1
39.9993 0.19 1.08407 0.094255 1
40.05 0.19 1.08407 0.094255 1
40.1007 0.19 1.08407 0.094255 1
40.1157 0.155371 0.924263 0.0762702 0
40.1514 0.19 1.08407 0.094255 1
40.2021 0.19 1.08407 0.094255 1
40.2528 0.19 1.08407 0.094255 1
40.3034 0.19 1.08407 0.094255 1
40.3541 0.19 1.08407 0.094255 1
40.4048 0.19 1.08407 0.094255 1
40.4555 0.19 1.08407 0.094255 1
40.5062 0.19 1.08407 0.094255 1
40.5569 0.19 1.08407 0.094255 1
40.5769 0.159945 0.909016 0.0787902 0
40.6076 0.19 1.08407 0.094255 1
40.6582 0.19 1.08407 0.094255 1
40.7089 0.19 1.08407 0.094255 1
40.7596 0.19 1.08407 0.094255 1
40.8103 0.19 1.08407 0.094255 1
40.861 0.19 1.08407 0.094255 1
40.9117 0.19 1.08407 0.094255 1
40.9623 0.19 1.08407 0.094255 1
41.013 0.19 1.08407 0.094255 1
41.038 0.164495 0.913979 0.0813102 0
41.0637 0.19 1.08407 0.094255 1
41.1144 0.19 1.08407 0.094255 1
41.1651 0.19 1.08407 0.094255 1
41.2158 0.19 1.08407 0.094255 1
41.2664 0.19 1.08407 0.094255 1
41.3171 0.19 1.08407 0.094255 1
41.3678 0.19 1.08407 0.094255 1
41.4185 0.19 1.08407 0.094255 1
41.4692 0.19 1.08407 0.094255 1
41.4992 0.169113 0.935559 0.0838302 0
41.5199 0.19 1.08407 0.094255 1
41.5706 0.19 1.08407 0.094255 1
41.6212 0.19 1.08407 0.094255 1
41.6719 0.19 1.08407 0.094255 1
41.7226 0.19 1.08407 0.094255 1
41.7733 0.19 1.08407 0.094255 1
41.824 0.19 1.08407 0.094255 1
41.8747 0.19 1.08407 0.094255 1
41.9253 0.19 1.08407 0.094255 1
41.9603 0.17387 0.968577 0.0863502 0
41.976 0.19 1.08407 0.094255 1
42.0267 0.19 1.08407 0.094255 1
42.0774 0.19 1.08407 0.094255 1
42.1281 0.19 1.08407 0.094255 1
42.1788 0.19 1.08407 0.094255 1
42.2294 0.19 1.08407 0.094255 1
42.2801 0.19 1.08407 0.094255 1
42.3308 0.19 1.08407 0.094255 1
42.3815 0.19 1.08407 0.094255 1
42.4215 0.178808 1.00723 0.0888702 0
42.4322 0.19 1.08407 0.094255 1
42.4829 0.19 1.08407 0.094255 1
42.5335 0.19 1.08407 0.094255 1
42.5842 0.19 1.08407 0.094255 1
42.6349 0.19 1.08407 0.094255 1
42.6856 0.19 1.08407 0.094255 1
42.7363 0.19 1.08407 0.094255 1
42.787 0.19 1.08407 0.094255 1
42.8377 0.19 1.08407 0.094255 1
42.8827 0.183942 1.04594 0.0913902 0
42.8883 0.19 1.08407 0.094255 1
42.939 0.19 1.08407 0.094255 1
42.9897 0.19 1.08407 0.094255 1
43.0404 0.19 1.08407 0.094255 1
43.0911 0.19 1.08407 0.094255 1
43.1418 0.19 1.08407 0.094255 1
43.1924 0.19 1.08407 0.094255 1
43.2431 0.19 1.08407 0.094255 1
43.2938 0.19 1.08407 0.094255 1
43.3438 0.18926 1.07999 0.0939102 0
43.3445 0.19 1.08407 0.094255 1
43.3952 0.19 1.08407 0.094255 1
43.4459 0.19 1.08407 0.094255 1
43.4965 0.19 1.08407 0.094255 1
43.5472 0.19 1.08407 0.094255 1
43.5979 0.19 1.08407 0.094255 1
43.6486 0.19 1.08407 0.094255 1
43.6993 0.19 1.08407 0.094255 1
43.75 0.19 1.08407 0.094255 1
43.805 0.194728 1.10591 0.0964302 0
43.8007 0.19 1.08407 0.094255 1
43.8513 0.19 1.08407 0.094255 1
43.902 0.19 1.08407 0.094255 1
43.9527 0.19 1.08407 0.094255 1
44.0034 0.19 1.08407 0.094255 1
44.0541 0.19 1.08407 0.094255 1
44.1048 0.19 1.08407 0.094255 1
44.1554 0.19 1.08407 0.094255 1
44.2061 0.19 1.08407 0.094255 1
44.2568 0.19 1.08407 0.094255 1
44.2618 0.145732 1.01609 0.0712302 0
44.3075 0.19 1.08407 0.094255 1
44.3582 0.19 1.08407 0.094255 1
44.4089 0.19 1.08407 0.094255 1
44.4595 0.19 1.08407 0.094255 1
44.5102 0.19 1.08407 0.094255 1
44.5609 0.19 1.08407 0.094255 1
44.6116 0.19 1.08407 0.094255 1
44.6623 0.19 1.08407 0.094255 1
44.713 0.19 1.08407 0.094255 1
44.723 0.150667 0.960742 0.0737502 0
44.7637 0.19 1.08407 0.094255 1
44.8143 0.19 1.08407 0.094255 1
44.865 0.19 1.08407 0.094255 1
44.9157 0.19 1.08407 0.094255 1
44.9664 0.19 1.08407 0.094255 1
45.0171 0.19 1.08407 0.094255 1
45.0678 0.19 1.08407 0.094255 1
45.1184 0.19 1.08407 0.094255 1
45.1691 0.19 1.08407 0.094255 1
45.1841 0.155371 0.924263 0.0762702 0
45.2198 0.19 1.08407 0.094255 1
45.2705 0.19 1.08407 0.094255 1
45.3212 0.19 1.08407 0.094255 1
45.3719 0.19 1.08407 0.094255 1
45.4225 0.19 1.08407 0.094255 1
45.4732 0.19 1.08407 0.094255 1
45.5239 0.19 1.08407 0.094255 1
45.5746 0.19 1.08407 0.094255 1
45.6253 0.19 1.08407 0.094255 1
45.6453 0.159945 0.909016 0.0787902 0
45.676 0.19 1.08407 0.094255 1
45.7266 0.19 1.08407 0.094255 1
45.7773 0.19 1.08407 0.094255 1
45.828 0.19 1.08407 0.094255 1
45.8787 0.19 1.08407 0.094255 1
45.9294 0.19 1.08407 0.094255 1
45.9801 0.19 1.08407 0.094255 1
46.0308 0.19 1.08407 0.094255 1
46.0814 0.19 1.08407 0.094255 1
46.1064 0.164495 0.913979 0.0813102 0
46.1321 0.19 1.08407 0.094255 1
46.1828 0.19 1.08407 0.094255 1
46.2335 0.19 1.08407 0.094255 1
46.2842 0.19 1.08407 0.094255 1
46.3349 0.19 1.08407 0.094255 1
46.3855 0.19 1.08407 0.094255 1
46.4362 0.19 1.08407 0.094255 1
46.4869 0.19 1.08407 0.094255 1
46.5376 0.19 1.08407 0.094255 1
46.5676 0.169113 0.935559 0.0838302 0
46.5883 0.19 1.08407 0.094255 1
46.639 0.19 1.08407 0.094255 1
46.6896 0.19 1.08407 0.094255 1
46.7403 0.19 1.08407 0.094255 1
46.791 0.19 1.08407 0.094255 1
46.8417 0.19 1.08407 0.094255 1
46.8924 0.19 1.08407 0.094255 1
46.9431 0.19 1.08407 0.094255 1
46.9938 0.19 1.08407 0.094255 1
47.0288 0.17387 0.968577 0.0863502 0
47.0444 0.19 1.08407 0.094255 1
47.0951 0.19 1.08407 0.094255 1
47.1458 0.19 1.08407 0.094255 1
47.1965 0.19 1.08407 0.094255 1
47.2472 0.19 1.08407 0.094255 1
47.2979 0.19 1.08407 0.094255 1
47.3485 0.19 1.08407 0.094255 1
47.3992 0.19 1.08407 0.094255 1
47.4499 0.19 1.08407 0.094255 1
47.4899 0.178808 1.00723 0.0888702 0
47.5006 0.19 1.08407 0.094255 1
47.5513 0.19 1.08407 0.094255 1
47.602 0.19 1.08407 0.094255 1
47.6526 0.19 1.08407 0.094255 1
47.7033 0.19 1.08407 0.094255 1
47.754 0.19 1.08407 0.094255 1
47.8047 0.19 1.08407 0.094255 1
47.8554 0.19 1.08407 0.094255 1
47.9061 0.19 1.08407 0.094255 1
47.9511 0.183942 1.04594 0.0913902 0
47.9568 0.19 1.08407 0.094255 1
48.0074 0.19 1.08407 0.094255 1
48.0581 0.19 1.08407 0.094255 1
48.1088 0.19 1.08407 0.094255 1
48.1595 0.19 1.08407 0.094255 1
48.2102 0.19 1.08407 0.094255 1
48.2609 0.19 1.08407 0.094255 1
48.3115 0.19 1.08407 0.094255 1
48.3622 0.19 1.08407 0.094255 1
48.4122 0.18926 1.07999 0.0939102 0
48.4129 0.19 1.08407 0.094255 1
48.4636 0.19 1.08407 0.094255 1
48.5143 0.19 1.08407 0.094255 1
48.565 0.19 1.08407 0.094255 1
48.6156 0.19 1.08407 0.094255 1
48.6663 0.19 1.08407 0.094255 1
48.717 0.19 1.08407 0.094255 1
48.7677 0.19 1.08407 0.094255 1
48.8184 0.19 1.08407 0.094255 1
48.8734 0.194728 1.10591 0.0964302 0
48.8691 0.19 1.08407 0.094255 1
48.9198 0.19 1.08407 0.094255 1
48.9704 0.19 1.08407 0.094255 1
49.0211 0.19 1.08407 0.094255 1
49.0718 0.19 1.08407 0.094255 1
49.1225 0.19 1.08407 0.094255 1
49.1732 0.19 1.08407 0.094255 1
49.2239 0.19 1.08407 0.094255 1
49.2745 0.19 1.08407 0.094255 1
49.3252 0.19 1.08407 0.094255 1
49.3302 0.145732 1.01609 0.0712302 0
49.3759 0.19 1.08407 0.094255 1
49.4266 0.19 1.08407 0.094255 1
49.4773 0.19 1.08407 0.094255 1
49.528 0.19 1.08407 0.094255 1
49.5786 0.19 1.08407 0.094255 1
49.6293 0.19 1.08407 0.094255 1
49.68 0.19 1.08407 0.094255 1
49.7307 0.19 1.08407 0.094255 1
49.7814 0.19 1.08407 0.094255 1
49.7914 0.150667 0.960742 0.0737502 0
49.8321 0.19 1.08407 0.094255 1
49.8827 0.19 1.08407 0.094255 1
49.9334 0.19 1.08407 0.094255 1
49.9841 0.19 1.08407 0.094255 1
0.504 0.504 0.504 0.504 0.504
