t x v M dripped?
0 0 0 0.01 0
0.166857 0.19 0.947642 0.0935955 1
0.213813 0.19 1.16692 0.0949467 1
0.267119 0.19 0.984762 0.0939543 1
0.31467 0.19 1.13552 0.0946467 1
0.367109 0.19 1.02326 0.0940502 1
0.415978 0.19 1.1162 0.0944738 1
0.467898 0.19 1.04553 0.0941233 1
0.482898 0.156933 0.869541 0.0770361 0
0.517518 0.19 1.10254 0.0943805 1
0.569026 0.19 1.05891 0.0941713 1
0.619099 0.19 1.09361 0.0943284 1
0.670324 0.19 1.06689 0.0942025 1
0.720667 0.19 1.08797 0.0942984 1
0.77171 0.19 1.07166 0.0942224 1
0.822213 0.19 1.08446 0.0942809 1
0.873141 0.19 1.07453 0.0942348 1
0.92374 0.19 1.08231 0.0942704 1
0.94874 0.164523 0.907846 0.081288 0
0.974598 0.19 1.07626 0.0942425 1
1.02525 0.19 1.08099 0.0942641 1
1.07607 0.19 1.07731 0.0942472 1
1.12676 0.19 1.08018 0.0942604 1
1.17755 0.19 1.07795 0.0942501 1
1.22826 0.19 1.07969 0.0942581 1
1.27903 0.19 1.07833 0.0942518 1
1.32976 0.19 1.07939 0.0942567 1
1.38052 0.19 1.07857 0.0942529 1
1.41052 0.169202 0.926982 0.0838684 0
1.43125 0.19 1.07921 0.0942558 1
1.48201 0.19 1.07871 0.0942535 1
1.53274 0.19 1.0791 0.0942553 1
1.5835 0.19 1.0788 0.0942539 1
1.63424 0.19 1.07903 0.094255 1
1.68499 0.19 1.07885 0.0942542 1
1.73573 0.19 1.07899 0.0942548 1
1.78648 0.19 1.07888 0.0942543 1
1.83722 0.19 1.07897 0.0942547 1
1.87222 0.173908 0.960682 0.0863653 0
1.88797 0.19 1.0789 0.0942544 1
1.93871 0.19 1.07895 0.0942547 1
1.98946 0.19 1.07891 0.0942545 1
2.0402 0.19 1.07894 0.0942546 1
2.09095 0.19 1.07892 0.0942545 1
2.14169 0.19 1.07894 0.0942546 1
2.19244 0.19 1.07892 0.0942545 1
2.24318 0.19 1.07893 0.0942546 1
2.29393 0.19 1.07893 0.0942545 1
2.33393 0.178809 1.00009 0.0888711 0
2.34468 0.19 1.07893 0.0942546 1
2.39542 0.19 1.07893 0.0942545 1
2.44617 0.19 1.07893 0.0942546 1
2.49691 0.19 1.07893 0.0942545 1
2.54766 0.19 1.07893 0.0942545 1
2.5984 0.19 1.07893 0.0942545 1
2.64915 0.19 1.07893 0.0942545 1
2.69989 0.19 1.07893 0.0942545 1
2.75064 0.19 1.07893 0.0942545 1
2.79564 0.18391 1.03959 0.091376 0
2.80138 0.19 1.07893 0.0942545 1
2.85213 0.19 1.07893 0.0942545 1
2.90288 0.19 1.07893 0.0942545 1
2.95362 0.19 1.07893 0.0942545 1
3.00437 0.19 1.07893 0.0942545 1
3.05511 0.19 1.07893 0.0942545 1
3.10586 0.19 1.07893 0.0942545 1
3.1566 0.19 1.07893 0.0942545 1
3.20735 0.19 1.07893 0.0942545 1
3.25735 0.189197 1.07438 0.093881 0
3.25809 0.19 1.07893 0.0942545 1
3.30884 0.19 1.07893 0.0942545 1
3.35959 0.19 1.07893 0.0942545 1
3.41033 0.19 1.07893 0.0942545 1
3.46108 0.19 1.07893 0.0942545 1
3.51182 0.19 1.07893 0.0942545 1
3.56257 0.19 1.07893 0.0942545 1
3.61331 0.19 1.07893 0.0942545 1
3.66406 0.19 1.07893 0.0942545 1
3.71906 0.19464 1.10091 0.096386 0
3.7148 0.19 1.07893 0.0942545 1
3.76555 0.19 1.07893 0.0942545 1
3.81629 0.19 1.07893 0.0942545 1
3.86704 0.19 1.07893 0.0942545 1
3.91779 0.19 1.07893 0.0942545 1
3.96853 0.19 1.07893 0.0942545 1
4.01928 0.19 1.07893 0.0942545 1
4.07002 0.19 1.07893 0.0942545 1
4.12077 0.19 1.07893 0.0942545 1
4.17151 0.19 1.07893 0.0942545 1
4.17651 0.146016 1.00969 0.071336 0
4.22226 0.19 1.07893 0.0942545 1
4.273 0.19 1.07893 0.0942545 1
4.32375 0.19 1.07893 0.0942545 1
4.3745 0.19 1.07893 0.0942545 1
4.42524 0.19 1.07893 0.0942545 1
4.47599 0.19 1.07893 0.0942545 1
4.52673 0.19 1.07893 0.0942545 1
4.57748 0.19 1.07893 0.0942545 1
4.62822 0.19 1.07893 0.0942545 1
4.63822 0.150917 0.953247 0.073841 0
4.67897 0.19 1.07893 0.0942545 1
4.72971 0.19 1.07893 0.0942545 1
4.78046 0.19 1.07893 0.0942545 1
4.8312 0.19 1.07893 0.0942545 1
4.88195 0.19 1.07893 0.0942545 1
4.9327 0.19 1.07893 0.0942545 1
4.98344 0.19 1.07893 0.0942545 1
5.03419 0.19 1.07893 0.0942545 1
5.08493 0.19 1.07893 0.0942545 1
5.09993 0.155581 0.915962 0.076346 0
5.13568 0.19 1.07893 0.0942545 1
5.18642 0.19 1.07893 0.0942545 1
5.23717 0.19 1.07893 0.0942545 1
5.28791 0.19 1.07893 0.0942545 1
5.33866 0.19 1.07893 0.0942545 1
5.38941 0.19 1.07893 0.0942545 1
5.44015 0.19 1.07893 0.0942545 1
5.4909 0.19 1.07893 0.0942545 1
5.54164 0.19 1.07893 0.0942545 1
5.56164 0.160112 0.900282 0.078851 0
5.59239 0.19 1.07893 0.0942545 1
5.64313 0.19 1.07893 0.0942545 1
5.69388 0.19 1.07893 0.0942545 1
5.74462 0.19 1.07893 0.0942545 1
5.79537 0.19 1.07893 0.0942545 1
5.84612 0.19 1.07893 0.0942545 1
5.89686 0.19 1.07893 0.0942545 1
5.94761 0.19 1.07893 0.0942545 1
5.99835 0.19 1.07893 0.0942545 1
6.02335 0.164618 0.905201 0.081356 0
6.0491 0.19 1.07893 0.0942545 1
6.09984 0.19 1.07893 0.0942545 1
6.15059 0.19 1.07893 0.0942545 1
6.20133 0.19 1.07893 0.0942545 1
6.25208 0.19 1.07893 0.0942545 1
6.30282 0.19 1.07893 0.0942545 1
6.35357 0.19 1.07893 0.0942545 1
6.40432 0.19 1.07893 0.0942545 1
6.45506 0.19 1.07893 0.0942545 1
6.48506 0.169193 0.92709 0.083861 0
6.50581 0.19 1.07893 0.0942545 1
6.55655 0.19 1.07893 0.0942545 1
6.6073 0.19 1.07893 0.0942545 1
6.65804 0.19 1.07893 0.0942545 1
6.70879 0.19 1.07893 0.0942545 1
6.75953 0.19 1.07893 0.0942545 1
6.81028 0.19 1.07893 0.0942545 1
6.86103 0.19 1.07893 0.0942545 1
6.91177 0.19 1.07893 0.0942545 1
6.94677 0.173909 0.960688 0.086366 0
6.96252 0.19 1.07893 0.0942545 1
7.01326 0.19 1.07893 0.0942545 1
7.06401 0.19 1.07893 0.0942545 1
7.11475 0.19 1.07893 0.0942545 1
7.1655 0.19 1.07893 0.0942545 1
7.21624 0.19 1.07893 0.0942545 1
7.26699 0.19 1.07893 0.0942545 1
7.31773 0.19 1.07893 0.0942545 1
7.36848 0.19 1.07893 0.0942545 1
7.40848 0.178809 1.00009 0.088871 0
7.41923 0.19 1.07893 0.0942545 1
7.46997 0.19 1.07893 0.0942545 1
7.52072 0.19 1.07893 0.0942545 1
7.57146 0.19 1.07893 0.0942545 1
7.62221 0.19 1.07893 0.0942545 1
7.67295 0.19 1.07893 0.0942545 1
7.7237 0.19 1.07893 0.0942545 1
7.77444 0.19 1.07893 0.0942545 1
7.82519 0.19 1.07893 0.0942545 1
7.87019 0.18391 1.03959 0.091376 0
7.87594 0.19 1.07893 0.0942545 1
7.92668 0.19 1.07893 0.0942545 1
7.97743 0.19 1.07893 0.0942545 1
8.02817 0.19 1.07893 0.0942545 1
8.07892 0.19 1.07893 0.0942545 1
8.12966 0.19 1.07893 0.0942545 1
8.18041 0.19 1.07893 0.0942545 1
8.23115 0.19 1.07893 0.0942545 1
8.2819 0.19 1.07893 0.0942545 1
8.3319 0.189197 1.07438 0.093881 0
8.33264 0.19 1.07893 0.0942545 1
8.38339 0.19 1.07893 0.0942545 1
8.43414 0.19 1.07893 0.0942545 1
8.48488 0.19 1.07893 0.0942545 1
8.53563 0.19 1.07893 0.0942545 1
8.58637 0.19 1.07893 0.0942545 1
8.63712 0.19 1.07893 0.0942545 1
8.68786 0.19 1.07893 0.0942545 1
8.73861 0.19 1.07893 0.0942545 1
8.79361 0.19464 1.10091 0.096386 0
8.78935 0.19 1.07893 0.0942545 1
8.8401 0.19 1.07893 0.0942545 1
8.89085 0.19 1.07893 0.0942545 1
8.94159 0.19 1.07893 0.0942545 1
8.99234 0.19 1.07893 0.0942545 1
9.04308 0.19 1.07893 0.0942545 1
9.09383 0.19 1.07893 0.0942545 1
9.14457 0.19 1.07893 0.0942545 1
9.19532 0.19 1.07893 0.0942545 1
9.24606 0.19 1.07893 0.0942545 1
9.25106 0.146016 1.00969 0.071336 0
9.29681 0.19 1.07893 0.0942545 1
9.34755 0.19 1.07893 0.0942545 1
9.3983 0.19 1.07893 0.0942545 1
9.44905 0.19 1.07893 0.0942545 1
9.49979 0.19 1.07893 0.0942545 1
9.55054 0.19 1.07893 0.0942545 1
9.60128 0.19 1.07893 0.0942545 1
9.65203 0.19 1.07893 0.0942545 1
9.70277 0.19 1.07893 0.0942545 1
9.71277 0.150917 0.953247 0.073841 0
9.75352 0.19 1.07893 0.0942545 1
9.80426 0.19 1.07893 0.0942545 1
9.85501 0.19 1.07893 0.0942545 1
9.90576 0.19 1.07893 0.0942545 1
9.9565 0.19 1.07893 0.0942545 1
10.0072 0.19 1.07893 0.0942545 1
10.058 0.19 1.07893 0.0942545 1
10.1087 0.19 1.07893 0.0942545 1
10.1595 0.19 1.07893 0.0942545 1
10.1745 0.155581 0.915962 0.076346 0
10.2102 0.19 1.07893 0.0942545 1
10.261 0.19 1.07893 0.0942545 1
10.3117 0.19 1.07893 0.0942545 1
10.3625 0.19 1.07893 0.0942545 1
10.4132 0.19 1.07893 0.0942545 1
10.464 0.19 1.07893 0.0942545 1
10.5147 0.19 1.07893 0.0942545 1
10.5654 0.19 1.07893 0.0942545 1
10.6162 0.19 1.07893 0.0942545 1
10.6362 0.160112 0.900282 0.078851 0
10.6669 0.19 1.07893 0.0942545 1
10.7177 0.19 1.07893 0.0942545 1
10.7684 0.19 1.07893 0.0942545 1
10.8192 0.19 1.07893 0.0942545 1
10.8699 0.19 1.07893 0.0942545 1
10.9207 0.19 1.07893 0.0942545 1
10.9714 0.19 1.07893 0.0942545 1
11.0222 0.19 1.07893 0.0942545 1
11.0729 0.19 1.07893 0.0942545 1
11.0979 0.164618 0.905201 0.081356 0
11.1236 0.19 1.07893 0.0942545 1
11.1744 0.19 1.07893 0.0942545 1
11.2251 0.19 1.07893 0.0942545 1
11.2759 0.19 1.07893 0.0942545 1
11.3266 0.19 1.07893 0.0942545 1
11.3774 0.19 1.07893 0.0942545 1
11.4281 0.19 1.07893 0.0942545 1
11.4789 0.19 1.07893 0.0942545 1
11.5296 0.19 1.07893 0.0942545 1
11.5596 0.169193 0.92709 0.083861 0
11.5804 0.19 1.07893 0.0942545 1
11.6311 0.19 1.07893 0.0942545 1
11.6818 0.19 1.07893 0.0942545 1
11.7326 0.19 1.07893 0.0942545 1
11.7833 0.19 1.07893 0.0942545 1
11.8341 0.19 1.07893 0.0942545 1
11.8848 0.19 1.07893 0.0942545 1
11.9356 0.19 1.07893 0.0942545 1
11.9863 0.19 1.07893 0.0942545 1
12.0213 0.173909 0.960688 0.086366 0
12.0371 0.19 1.07893 0.0942545 1
12.0878 0.19 1.07893 0.0942545 1
12.1386 0.19 1.07893 0.0942545 1
12.1893 0.19 1.07893 0.0942545 1
12.24 0.19 1.07893 0.0942545 1
12.2908 0.19 1.07893 0.0942545 1
12.3415 0.19 1.07893 0.0942545 1
12.3923 0.19 1.07893 0.0942545 1
12.443 0.19 1.07893 0.0942545 1
12.483 0.178809 1.00009 0.088871 0
12.4938 0.19 1.07893 0.0942545 1
12.5445 0.19 1.07893 0.0942545 1
12.5953 0.19 1.07893 0.0942545 1
12.646 0.19 1.07893 0.0942545 1
12.6968 0.19 1.07893 0.0942545 1
12.7475 0.19 1.07893 0.0942545 1
12.7982 0.19 1.07893 0.0942545 1
12.849 0.19 1.07893 0.0942545 1
12.8997 0.19 1.07893 0.0942545 1
12.9447 0.18391 1.03959 0.091376 0
12.9505 0.19 1.07893 0.0942545 1
13.0012 0.19 1.07893 0.0942545 1
13.052 0.19 1.07893 0.0942545 1
13.1027 0.19 1.07893 0.0942545 1
13.1535 0.19 1.07893 0.0942545 1
13.2042 0.19 1.07893 0.0942545 1
13.255 0.19 1.07893 0.0942545 1
13.3057 0.19 1.07893 0.0942545 1
13.3564 0.19 1.07893 0.0942545 1
13.4064 0.189197 1.07438 0.093881 0
13.4072 0.19 1.07893 0.0942545 1
13.4579 0.19 1.07893 0.0942545 1
13.5087 0.19 1.07893 0.0942545 1
13.5594 0.19 1.07893 0.0942545 1
13.6102 0.19 1.07893 0.0942545 1
13.6609 0.19 1.07893 0.0942545 1
13.7117 0.19 1.07893 0.0942545 1
13.7624 0.19 1.07893 0.0942545 1
13.8132 0.19 1.07893 0.0942545 1
13.8682 0.19464 1.10091 0.096386 0
13.8639 0.19 1.07893 0.0942545 1
13.9147 0.19 1.07893 0.0942545 1
13.9654 0.19 1.07893 0.0942545 1
14.0161 0.19 1.07893 0.0942545 1
14.0669 0.19 1.07893 0.0942545 1
14.1176 0.19 1.07893 0.0942545 1
14.1684 0.19 1.07893 0.0942545 1
14.2191 0.19 1.07893 0.0942545 1
14.2699 0.19 1.07893 0.0942545 1
14.3206 0.19 1.07893 0.0942545 1
14.3256 0.146016 1.00969 0.071336 0
14.3714 0.19 1.07893 0.0942545 1
14.4221 0.19 1.07893 0.0942545 1
14.4729 0.19 1.07893 0.0942545 1
14.5236 0.19 1.07893 0.0942545 1
14.5743 0.19 1.07893 0.0942545 1
14.6251 0.19 1.07893 0.0942545 1
14.6758 0.19 1.07893 0.0942545 1
14.7266 0.19 1.07893 0.0942545 1
14.7773 0.19 1.07893 0.0942545 1
14.7873 0.150917 0.953247 0.073841 0
14.8281 0.19 1.07893 0.0942545 1
14.8788 0.19 1.07893 0.0942545 1
14.9296 0.19 1.07893 0.0942545 1
14.9803 0.19 1.07893 0.0942545 1
15.0311 0.19 1.07893 0.0942545 1
15.0818 0.19 1.07893 0.0942545 1
15.1325 0.19 1.07893 0.0942545 1
15.1833 0.19 1.07893 0.0942545 1
15.234 0.19 1.07893 0.0942545 1
15.249 0.155581 0.915962 0.076346 0
15.2848 0.19 1.07893 0.0942545 1
15.3355 0.19 1.07893 0.0942545 1
15.3863 0.19 1.07893 0.0942545 1
15.437 0.19 1.07893 0.0942545 1
15.4878 0.19 1.07893 0.0942545 1
15.5385 0.19 1.07893 0.0942545 1
15.5893 0.19 1.07893 0.0942545 1
15.64 0.19 1.07893 0.0942545 1
15.6907 0.19 1.07893 0.0942545 1
15.7107 0.160112 0.900282 0.078851 0
15.7415 0.19 1.07893 0.0942545 1
15.7922 0.19 1.07893 0.0942545 1
15.843 0.19 1.07893 0.0942545 1
15.8937 0.19 1.07893 0.0942545 1
15.9445 0.19 1.07893 0.0942545 1
15.9952 0.19 1.07893 0.0942545 1
16.046 0.19 1.07893 0.0942545 1
16.0967 0.19 1.07893 0.0942545 1
16.1475 0.19 1.07893 0.0942545 1
16.1725 0.164618 0.905201 0.081356 0
16.1982 0.19 1.07893 0.0942545 1
16.2489 0.19 1.07893 0.0942545 1
16.2997 0.19 1.07893 0.0942545 1
16.3504 0.19 1.07893 0.0942545 1
16.4012 0.19 1.07893 0.0942545 1
16.4519 0.19 1.07893 0.0942545 1
16.5027 0.19 1.07893 0.0942545 1
16.5534 0.19 1.07893 0.0942545 1
16.6042 0.19 1.07893 0.0942545 1
16.6342 0.169193 0.92709 0.083861 0
16.6549 0.19 1.07893 0.0942545 1
16.7057 0.19 1.07893 0.0942545 1
16.7564 0.19 1.07893 0.0942545 1
16.8071 0.19 1.07893 0.0942545 1
16.8579 0.19 1.07893 0.0942545 1
16.9086 0.19 1.07893 0.0942545 1
16.9594 0.19 1.07893 0.0942545 1
17.0101 0.19 1.07893 0.0942545 1
17.0609 0.19 1.07893 0.0942545 1
17.0959 0.173909 0.960688 0.086366 0
17.1116 0.19 1.07893 0.0942545 1
17.1624 0.19 1.07893 0.0942545 1
17.2131 0.19 1.07893 0.0942545 1
17.2639 0.19 1.07893 0.0942545 1
17.3146 0.19 1.07893 0.0942545 1
17.3653 0.19 1.07893 0.0942545 1
17.4161 0.19 1.07893 0.0942545 1
17.4668 0.19 1.07893 0.0942545 1
17.5176 0.19 1.07893 0.0942545 1
17.5576 0.178809 1.00009 0.088871 0
17.5683 0.19 1.07893 0.0942545 1
17.6191 0.19 1.07893 0.0942545 1
17.6698 0.19 1.07893 0.0942545 1
17.7206 0.19 1.07893 0.0942545 1
17.7713 0.19 1.07893 0.0942545 1
17.8221 0.19 1.07893 0.0942545 1
17.8728 0.19 1.07893 0.0942545 1
17.9235 0.19 1.07893 0.0942545 1
17.9743 0.19 1.07893 0.0942545 1
18.0193 0.18391 1.03959 0.091376 0
18.025 0.19 1.07893 0.0942545 1
18.0758 0.19 1.07893 0.0942545 1
18.1265 0.19 1.07893 0.0942545 1
18.1773 0.19 1.07893 0.0942545 1
18.228 0.19 1.07893 0.0942545 1
18.2788 0.19 1.07893 0.0942545 1
18.3295 0.19 1.07893 0.0942545 1
18.3803 0.19 1.07893 0.0942545 1
18.431 0.19 1.07893 0.0942545 1
18.481 0.189197 1.07438 0.093881 0
18.4817 0.19 1.07893 0.0942545 1
18.5325 0.19 1.07893 0.0942545 1
18.5832 0.19 1.07893 0.0942545 1
18.634 0.19 1.07893 0.0942545 1
18.6847 0.19 1.07893 0.0942545 1
18.7355 0.19 1.07893 0.0942545 1
18.7862 0.19 1.07893 0.0942545 1
18.837 0.19 1.07893 0.0942545 1
18.8877 0.19 1.07893 0.0942545 1
18.9427 0.19464 1.10091 0.096386 0
18.9385 0.19 1.07893 0.0942545 1
18.9892 0.19 1.07893 0.0942545 1
19.0399 0.19 1.07893 0.0942545 1
19.0907 0.19 1.07893 0.0942545 1
19.1414 0.19 1.07893 0.0942545 1
19.1922 0.19 1.07893 0.0942545 1
19.2429 0.19 1.07893 0.0942545 1
19.2937 0.19 1.07893 0.0942545 1
19.3444 0.19 1.07893 0.0942545 1
19.3952 0.19 1.07893 0.0942545 1
19.4002 0.146016 1.00969 0.071336 0
19.4459 0.19 1.07893 0.0942545 1
19.4967 0.19 1.07893 0.0942545 1
19.5474 0.19 1.07893 0.0942545 1
19.5981 0.19 1.07893 0.0942545 1
19.6489 0.19 1.07893 0.0942545 1
19.6996 0.19 1.07893 0.0942545 1
19.7504 0.19 1.07893 0.0942545 1
19.8011 0.19 1.07893 0.0942545 1
19.8519 0.19 1.07893 0.0942545 1
19.8619 0.150917 0.953247 0.073841 0
19.9026 0.19 1.07893 0.0942545 1
19.9534 0.19 1.07893 0.0942545 1
20.0041 0.19 1.07893 0.0942545 1
20.0549 0.19 1.07893 0.0942545 1
20.1056 0.19 1.07893 0.0942545 1
20.1563 0.19 1.07893 0.0942545 1
20.2071 0.19 1.07893 0.0942545 1
20.2578 0.19 1.07893 0.0942545 1
20.3086 0.19 1.07893 0.0942545 1
20.3236 0.155581 0.915962 0.076346 0
20.3593 0.19 1.07893 0.0942545 1
20.4101 0.19 1.07893 0.0942545 1
20.4608 0.19 1.07893 0.0942545 1
20.5116 0.19 1.07893 0.0942545 1
20.5623 0.19 1.07893 0.0942545 1
20.6131 0.19 1.07893 0.0942545 1
20.6638 0.19 1.07893 0.0942545 1
20.7145 0.19 1.07893 0.0942545 1
20.7653 0.19 1.07893 0.0942545 1
20.7853 0.160112 0.900282 0.078851 0
20.816 0.19 1.07893 0.0942545 1
20.8668 0.19 1.07893 0.0942545 1
20.9175 0.19 1.07893 0.0942545 1
20.9683 0.19 1.07893 0.0942545 1
21.019 0.19 1.07893 0.0942545 1
21.0698 0.19 1.07893 0.0942545 1
21.1205 0.19 1.07893 0.0942545 1
21.1713 0.19 1.07893 0.0942545 1
21.222 0.19 1.07893 0.0942545 1
21.247 0.164618 0.905201 0.081356 0
21.2727 0.19 1.07893 0.0942545 1
21.3235 0.19 1.07893 0.0942545 1
21.3742 0.19 1.07893 0.0942545 1
21.425 0.19 1.07893 0.0942545 1
21.4757 0.19 1.07893 0.0942545 1
21.5265 0.19 1.07893 0.0942545 1
21.5772 0.19 1.07893 0.0942545 1
21.628 0.19 1.07893 0.0942545 1
21.6787 0.19 1.07893 0.0942545 1
21.7087 0.169193 0.92709 0.083861 0
21.7295 0.19 1.07893 0.0942545 1
21.7802 0.19 1.07893 0.0942545 1
21.8309 0.19 1.07893 0.0942545 1
21.8817 0.19 1.07893 0.0942545 1
21.9324 0.19 1.07893 0.0942545 1
21.9832 0.19 1.07893 0.0942545 1
22.0339 0.19 1.07893 0.0942545 1
22.0847 0.19 1.07893 0.0942545 1
22.1354 0.19 1.07893 0.0942545 1
22.1704 0.173909 0.960688 0.086366 0
22.1862 0.19 1.07893 0.0942545 1
22.2369 0.19 1.07893 0.0942545 1
22.2877 0.19 1.07893 0.0942545 1
22.3384 0.19 1.07893 0.0942545 1
22.3891 0.19 1.07893 0.0942545 1
22.4399 0.19 1.07893 0.0942545 1
22.4906 0.19 1.07893 0.0942545 1
22.5414 0.19 1.07893 0.0942545 1
22.5921 0.19 1.07893 0.0942545 1
22.6321 0.178809 1.00009 0.088871 0
22.6429 0.19 1.07893 0.0942545 1
22.6936 0.19 1.07893 0.0942545 1
22.7444 0.19 1.07893 0.0942545 1
22.7951 0.19 1.07893 0.0942545 1
22.8459 0.19 1.07893 0.0942545 1
22.8966 0.19 1.07893 0.0942545 1
22.9474 0.19 1.07893 0.0942545 1
22.9981 0.19 1.07893 0.0942545 1
23.0488 0.19 1.07893 0.0942545 1
23.0938 0.18391 1.03959 0.091376 0
23.0996 0.19 1.07893 0.0942545 1
23.1503 0.19 1.07893 0.0942545 1
23.2011 0.19 1.07893 0.0942545 1
23.2518 0.19 1.07893 0.0942545 1
23.3026 0.19 1.07893 0.0942545 1
23.3533 0.19 1.07893 0.0942545 1
23.4041 0.19 1.07893 0.0942545 1
23.4548 0.19 1.07893 0.0942545 1
23.5056 0.19 1.07893 0.0942545 1
23.5556 0.189197 1.07438 0.093881 0
23.5563 0.19 1.07893 0.0942545 1
23.607 0.19 1.07893 0.0942545 1
23.6578 0.19 1.07893 0.0942545 1
23.7085 0.19 1.07893 0.0942545 1
23.7593 0.19 1.07893 0.0942545 1
23.81 0.19 1.07893 0.0942545 1
23.8608 0.19 1.07893 0.0942545 1
23.9115 0.19 1.07893 0.0942545 1
23.9623 0.19 1.07893 0.0942545 1
24.0173 0.19464 1.10091 0.096386 0
24.013 0.19 1.07893 0.0942545 1
24.0638 0.19 1.07893 0.0942545 1
24.1145 0.19 1.07893 0.0942545 1
24.1652 0.19 1.07893 0.0942545 1
24.216 0.19 1.07893 0.0942545 1
24.2667 0.19 1.07893 0.0942545 1
24.3175 0.19 1.07893 0.0942545 1
24.3682 0.19 1.07893 0.0942545 1
24.419 0.19 1.07893 0.0942545 1
24.4697 0.19 1.07893 0.0942545 1
24.4747 0.146016 1.00969 0.071336 0
24.5205 0.19 1.07893 0.0942545 1
24.5712 0.19 1.07893 0.0942545 1
24.622 0.19 1.07893 0.0942545 1
24.6727 0.19 1.07893 0.0942545 1
24.7234 0.19 1.07893 0.0942545 1
24.7742 0.19 1.07893 0.0942545 1
24.8249 0.19 1.07893 0.0942545 1
24.8757 0.19 1.07893 0.0942545 1
24.9264 0.19 1.07893 0.0942545 1
24.9364 0.150917 0.953247 0.073841 0
24.9772 0.19 1.07893 0.0942545 1
25.0279 0.19 1.07893 0.0942545 1
25.0787 0.19 1.07893 0.0942545 1
25.1294 0.19 1.07893 0.0942545 1
25.1802 0.19 1.07893 0.0942545 1
25.2309 0.19 1.07893 0.0942545 1
25.2816 0.19 1.07893 0.0942545 1
25.3324 0.19 1.07893 0.0942545 1
25.3831 0.19 1.07893 0.0942545 1
25.3981 0.155581 0.915962 0.076346 0
25.4339 0.19 1.07893 0.0942545 1
25.4846 0.19 1.07893 0.0942545 1
25.5354 0.19 1.07893 0.0942545 1
25.5861 0.19 1.07893 0.0942545 1
25.6369 0.19 1.07893 0.0942545 1
25.6876 0.19 1.07893 0.0942545 1
25.7384 0.19 1.07893 0.0942545 1
25.7891 0.19 1.07893 0.0942545 1
25.8398 0.19 1.07893 0.0942545 1
25.8598 0.160112 0.900282 0.078851 0
25.8906 0.19 1.07893 0.0942545 1
25.9413 0.19 1.07893 0.0942545 1
25.9921 0.19 1.07893 0.0942545 1
26.0428 0.19 1.07893 0.0942545 1
26.0936 0.19 1.07893 0.0942545 1
26.1443 0.19 1.07893 0.0942545 1
26.1951 0.19 1.07893 0.0942545 1
26.2458 0.19 1.07893 0.0942545 1
26.2966 0.19 1.07893 0.0942545 1
26.3216 0.164618 0.905201 0.081356 0
26.3473 0.19 1.07893 0.0942545 1
26.398 0.19 1.07893 0.0942545 1
26.4488 0.19 1.07893 0.0942545 1
26.4995 0.19 1.07893 0.0942545 1
26.5503 0.19 1.07893 0.0942545 1
26.601 0.19 1.07893 0.0942545 1
26.6518 0.19 1.07893 0.0942545 1
26.7025 0.19 1.07893 0.0942545 1
26.7533 0.19 1.07893 0.0942545 1
26.7833 0.169193 0.92709 0.083861 0
26.804 0.19 1.07893 0.0942545 1
26.8548 0.19 1.07893 0.0942545 1
26.9055 0.19 1.07893 0.0942545 1
26.9562 0.19 1.07893 0.0942545 1
27.007 0.19 1.07893 0.0942545 1
27.0577 0.19 1.07893 0.0942545 1
27.1085 0.19 1.07893 0.0942545 1
27.1592 0.19 1.07893 0.0942545 1
27.21 0.19 1.07893 0.0942545 1
27.245 0.173909 0.960688 0.086366 0
27.2607 0.19 1.07893 0.0942545 1
27.3115 0.19 1.07893 0.0942545 1
27.3622 0.19 1.07893 0.0942545 1
27.413 0.19 1.07893 0.0942545 1
27.4637 0.19 1.07893 0.0942545 1
27.5144 0.19 1.07893 0.0942545 1
27.5652 0.19 1.07893 0.0942545 1
27.6159 0.19 1.07893 0.0942545 1
27.6667 0.19 1.07893 0.0942545 1
27.7067 0.178809 1.00009 0.088871 0
27.7174 0.19 1.07893 0.0942545 1
27.7682 0.19 1.07893 0.0942545 1
27.8189 0.19 1.07893 0.0942545 1
27.8697 0.19 1.07893 0.0942545 1
27.9204 0.19 1.07893 0.0942545 1
27.9712 0.19 1.07893 0.0942545 1
28.0219 0.19 1.07893 0.0942545 1
28.0726 0.19 1.07893 0.0942545 1
28.1234 0.19 1.07893 0.0942545 1
28.1684 0.18391 1.03959 0.091376 0
28.1741 0.19 1.07893 0.0942545 1
28.2249 0.19 1.07893 0.0942545 1
28.2756 0.19 1.07893 0.0942545 1
28.3264 0.19 1.07893 0.0942545 1
28.3771 0.19 1.07893 0.0942545 1
28.4279 0.19 1.07893 0.0942545 1
28.4786 0.19 1.07893 0.0942545 1
28.5294 0.19 1.07893 0.0942545 1
28.5801 0.19 1.07893 0.0942545 1
28.6301 0.189197 1.07438 0.093881 0
28.6308 0.19 1.07893 0.0942545 1
28.6816 0.19 1.07893 0.0942545 1
28.7323 0.19 1.07893 0.0942545 1
28.7831 0.19 1.07893 0.0942545 1
28.8338 0.19 1.07893 0.0942545 1
28.8846 0.19 1.07893 0.0942545 1
28.9353 0.19 1.07893 0.0942545 1
28.9861 0.19 1.07893 0.0942545 1
29.0368 0.19 1.07893 0.0942545 1
29.0918 0.19464 1.10091 0.096386 0
29.0876 0.19 1.07893 0.0942545 1
29.1383 0.19 1.07893 0.0942545 1
29.189 0.19 1.07893 0.0942545 1
29.2398 0.19 1.07893 0.0942545 1
29.2905 0.19 1.07893 0.0942545 1
29.3413 0.19 1.07893 0.0942545 1
29.392 0.19 1.07893 0.0942545 1
29.4428 0.19 1.07893 0.0942545 1
29.4935 0.19 1.07893 0.0942545 1
29.5443 0.19 1.07893 0.0942545 1
29.5493 0.146016 1.00969 0.071336 0
29.595 0.19 1.07893 0.0942545 1
29.6458 0.19 1.07893 0.0942545 1
29.6965 0.19 1.07893 0.0942545 1
29.7472 0.19 1.07893 0.0942545 1
29.798 0.19 1.07893 0.0942545 1
29.8487 0.19 1.07893 0.0942545 1
29.8995 0.19 1.07893 0.0942545 1
29.9502 0.19 1.07893 0.0942545 1
30.001 0.19 1.07893 0.0942545 1
30.011 0.150917 0.953247 0.073841 0
30.0517 0.19 1.07893 0.0942545 1
30.1025 0.19 1.07893 0.0942545 1
30.1532 0.19 1.07893 0.0942545 1
30.204 0.19 1.07893 0.0942545 1
30.2547 0.19 1.07893 0.0942545 1
30.3054 0.19 1.07893 0.0942545 1
30.3562 0.19 1.07893 0.0942545 1
30.4069 0.19 1.07893 0.0942545 1
30.4577 0.19 1.07893 0.0942545 1
30.4727 0.155581 0.915962 0.076346 0
30.5084 0.19 1.07893 0.0942545 1
30.5592 0.19 1.07893 0.0942545 1
30.6099 0.19 1.07893 0.0942545 1
30.6607 0.19 1.07893 0.0942545 1
30.7114 0.19 1.07893 0.0942545 1
30.7622 0.19 1.07893 0.0942545 1
30.8129 0.19 1.07893 0.0942545 1
30.8636 0.19 1.07893 0.0942545 1
30.9144 0.19 1.07893 0.0942545 1
30.9344 0.160112 0.900282 0.078851 0
30.9651 0.19 1.07893 0.0942545 1
31.0159 0.19 1.07893 0.0942545 1
31.0666 0.19 1.07893 0.0942545 1
31.1174 0.19 1.07893 0.0942545 1
31.1681 0.19 1.07893 0.0942545 1
31.2189 0.19 1.07893 0.0942545 1
31.2696 0.19 1.07893 0.0942545 1
31.3204 0.19 1.07893 0.0942545 1
31.3711 0.19 1.07893 0.0942545 1
31.3961 0.164618 0.905201 0.081356 0
31.4218 0.19 1.07893 0.0942545 1
31.4726 0.19 1.07893 0.0942545 1
31.5233 0.19 1.07893 0.0942545 1
31.5741 0.19 1.07893 0.0942545 1
31.6248 0.19 1.07893 0.0942545 1
31.6756 0.19 1.07893 0.0942545 1
31.7263 0.19 1.07893 0.0942545 1
31.7771 0.19 1.07893 0.0942545 1
31.8278 0.19 1.07893 0.0942545 1
31.8578 0.169193 0.92709 0.083861 0
31.8786 0.19 1.07893 0.0942545 1
31.9293 0.19 1.07893 0.0942545 1
31.9801 0.19 1.07893 0.0942545 1
32.0308 0.19 1.07893 0.0942545 1
32.0815 0.19 1.07893 0.0942545 1
32.1323 0.19 1.07893 0.0942545 1
32.183 0.19 1.07893 0.0942545 1
32.2338 0.19 1.07893 0.0942545 1
32.2845 0.19 1.07893 0.0942545 1
32.3195 0.173909 0.960688 0.086366 0
32.3353 0.19 1.07893 0.0942545 1
32.386 0.19 1.07893 0.0942545 1
32.4368 0.19 1.07893 0.0942545 1
32.4875 0.19 1.07893 0.0942545 1
32.5383 0.19 1.07893 0.0942545 1
32.589 0.19 1.07893 0.0942545 1
32.6397 0.19 1.07893 0.0942545 1
32.6905 0.19 1.07893 0.0942545 1
32.7412 0.19 1.07893 0.0942545 1
32.7812 0.178809 1.00009 0.088871 0
32.792 0.19 1.07893 0.0942545 1
32.8427 0.19 1.07893 0.0942545 1
32.8935 0.19 1.07893 0.0942545 1
32.9442 0.19 1.07893 0.0942545 1
32.995 0.19 1.07893 0.0942545 1
33.0457 0.19 1.07893 0.0942545 1
33.0965 0.19 1.07893 0.0942545 1
33.1472 0.19 1.07893 0.0942545 1
33.1979 0.19 1.07893 0.0942545 1
33.2429 0.18391 1.03959 0.091376 0
33.2487 0.19 1.07893 0.0942545 1
33.2994 0.19 1.07893 0.0942545 1
33.3502 0.19 1.07893 0.0942545 1
33.4009 0.19 1.07893 0.0942545 1
33.4517 0.19 1.07893 0.0942545 1
33.5024 0.19 1.07893 0.0942545 1
33.5532 0.19 1.07893 0.0942545 1
33.6039 0.19 1.07893 0.0942545 1
33.6547 0.19 1.07893 0.0942545 1
33.7047 0.189197 1.07438 0.093881 0
33.7054 0.19 1.07893 0.0942545 1
33.7561 0.19 1.07893 0.0942545 1
33.8069 0.19 1.07893 0.0942545 1
33.8576 0.19 1.07893 0.0942545 1
33.9084 0.19 1.07893 0.0942545 1
33.9591 0.19 1.07893 0.0942545 1
34.0099 0.19 1.07893 0.0942545 1
34.0606 0.19 1.07893 0.0942545 1
34.1114 0.19 1.07893 0.0942545 1
34.1664 0.19464 1.10091 0.096386 0
34.1621 0.19 1.07893 0.0942545 1
34.2129 0.19 1.07893 0.0942545 1
34.2636 0.19 1.07893 0.0942545 1
34.3143 0.19 1.07893 0.0942545 1
34.3651 0.19 1.07893 0.0942545 1
34.4158 0.19 1.07893 0.0942545 1
34.4666 0.19 1.07893 0.0942545 1
34.5173 0.19 1.07893 0.0942545 1
34.5681 0.19 1.07893 0.0942545 1
34.6188 0.19 1.07893 0.0942545 1
34.6238 0.146016 1.00969 0.071336 0
34.6696 0.19 1.07893 0.0942545 1
34.7203 0.19 1.07893 0.0942545 1
34.7711 0.19 1.07893 0.0942545 1
34.8218 0.19 1.07893 0.0942545 1
34.8725 0.19 1.07893 0.0942545 1
34.9233 0.19 1.07893 0.0942545 1
34.974 0.19 1.07893 0.0942545 1
35.0248 0.19 1.07893 0.0942545 1
35.0755 0.19 1.07893 0.0942545 1
35.0855 0.150917 0.953247 0.073841 0
35.1263 0.19 1.07893 0.0942545 1
35.177 0.19 1.07893 0.0942545 1
35.2278 0.19 1.07893 0.0942545 1
35.2785 0.19 1.07893 0.0942545 1
35.3293 0.19 1.07893 0.0942545 1
35.38 0.19 1.07893 0.0942545 1
35.4307 0.19 1.07893 0.0942545 1
35.4815 0.19 1.07893 0.0942545 1
35.5322 0.19 1.07893 0.0942545 1
35.5472 0.155581 0.915962 0.076346 0
35.583 0.19 1.07893 0.0942545 1
35.6337 0.19 1.07893 0.0942545 1
35.6845 0.19 1.07893 0.0942545 1
35.7352 0.19 1.07893 0.0942545 1
35.786 0.19 1.07893 0.0942545 1
35.8367 0.19 1.07893 0.0942545 1
35.8875 0.19 1.07893 0.0942545 1
35.9382 0.19 1.07893 0.0942545 1
35.9889 0.19 1.07893 0.0942545 1
36.0089 0.160112 0.900282 0.078851 0
36.0397 0.19 1.07893 0.0942545 1
36.0904 0.19 1.07893 0.0942545 1
36.1412 0.19 1.07893 0.0942545 1
36.1919 0.19 1.07893 0.0942545 1
36.2427 0.19 1.07893 0.0942545 1
36.2934 0.19 1.07893 0.0942545 1
36.3442 0.19 1.07893 0.0942545 1
36.3949 0.19 1.07893 0.0942545 1
36.4457 0.19 1.07893 0.0942545 1
36.4707 0.164618 0.905201 0.081356 0
36.4964 0.19 1.07893 0.0942545 1
36.5471 0.19 1.07893 0.0942545 1
36.5979 0.19 1.07893 0.0942545 1
36.6486 0.19 1.07893 0.0942545 1
36.6994 0.19 1.07893 0.0942545 1
36.7501 0.19 1.07893 0.0942545 1
36.8009 0.19 1.07893 0.0942545 1
36.8516 0.19 1.07893 0.0942545 1
36.9024 0.19 1.07893 0.0942545 1
36.9324 0.169193 0.92709 0.083861 0
36.9531 0.19 1.07893 0.0942545 1
37.0039 0.19 1.07893 0.0942545 1
37.0546 0.19 1.07893 0.0942545 1
37.1053 0.19 1.07893 0.0942545 1
37.1561 0.19 1.07893 0.0942545 1
37.2068 0.19 1.07893 0.0942545 1
37.2576 0.19 1.07893 0.0942545 1
37.3083 0.19 1.07893 0.0942545 1
37.3591 0.19 1.07893 0.0942545 1
37.3941 0.173909 0.960688 0.086366 0
37.4098 0.19 1.07893 0.0942545 1
37.4606 0.19 1.07893 0.0942545 1
37.5113 0.19 1.07893 0.0942545 1
37.5621 0.19 1.07893 0.0942545 1
37.6128 0.19 1.07893 0.0942545 1
37.6635 0.19 1.07893 0.0942545 1
37.7143 0.19 1.07893 0.0942545 1
37.765 0.19 1.07893 0.0942545 1
37.8158 0.19 1.07893 0.0942545 1
37.8558 0.178809 1.00009 0.088871 0
37.8665 0.19 1.07893 0.0942545 1
37.9173 0.19 1.07893 0.0942545 1
37.968 0.19 1.07893 0.0942545 1
38.0188 0.19 1.07893 0.0942545 1
38.0695 0.19 1.07893 0.0942545 1
38.1203 0.19 1.07893 0.0942545 1
38.171 0.19 1.07893 0.0942545 1
38.2217 0.19 1.07893 0.0942545 1
38.2725 0.19 1.07893 0.0942545 1
38.3175 0.18391 1.03959 0.091376 0
38.3232 0.19 1.07893 0.0942545 1
38.374 0.19 1.07893 0.0942545 1
38.4247 0.19 1.07893 0.0942545 1
38.4755 0.19 1.07893 0.0942545 1
38.5262 0.19 1.07893 0.0942545 1
38.577 0.19 1.07893 0.0942545 1
38.6277 0.19 1.07893 0.0942545 1
38.6785 0.19 1.07893 0.0942545 1
38.7292 0.19 1.07893 0.0942545 1
38.7792 0.189197 1.07438 0.093881 0
38.7799 0.19 1.07893 0.0942545 1
38.8307 0.19 1.07893 0.0942545 1
38.8814 0.19 1.07893 0.0942545 1
38.9322 0.19 1.07893 0.0942545 1
38.9829 0.19 1.07893 0.0942545 1
39.0337 0.19 1.07893 0.0942545 1
39.0844 0.19 1.07893 0.0942545 1
39.1352 0.19 1.07893 0.0942545 1
39.1859 0.19 1.07893 0.0942545 1
39.2409 0.19464 1.10091 0.096386 0
39.2367 0.19 1.07893 0.0942545 1
39.2874 0.19 1.07893 0.0942545 1
39.3381 0.19 1.07893 0.0942545 1
39.3889 0.19 1.07893 0.0942545 1
39.4396 0.19 1.07893 0.0942545 1
39.4904 0.19 1.07893 0.0942545 1
39.5411 0.19 1.07893 0.0942545 1
39.5919 0.19 1.07893 0.0942545 1
39.6426 0.19 1.07893 0.0942545 1
39.6934 0.19 1.07893 0.0942545 1
39.6984 0.146016 1.00969 0.071336 0
39.7441 0.19 1.07893 0.0942545 1
39.7949 0.19 1.07893 0.0942545 1
39.8456 0.19 1.07893 0.0942545 1
39.8963 0.19 1.07893 0.0942545 1
39.9471 0.19 1.07893 0.0942545 1
39.9978 0.19 1.07893 0.0942545 1
40.0486 0.19 1.07893 0.0942545 1
40.0993 0.19 1.07893 0.0942545 1
40.1501 0.19 1.07893 0.0942545 1
40.1601 0.150917 0.953247 0.073841 0
40.2008 0.19 1.07893 0.0942545 1
40.2516 0.19 1.07893 0.0942545 1
40.3023 0.19 1.07893 0.0942545 1
40.3531 0.19 1.07893 0.0942545 1
40.4038 0.19 1.07893 0.0942545 1
40.4545 0.19 1.07893 0.0942545 1
40.5053 0.19 1.07893 0.0942545 1
40.556 0.19 1.07893 0.0942545 1
40.6068 0.19 1.07893 0.0942545 1
40.6218 0.155581 0.915962 0.076346 0
40.6575 0.19 1.07893 0.0942545 1
40.7083 0.19 1.07893 0.0942545 1
40.759 0.19 1.07893 0.0942545 1
40.8098 0.19 1.07893 0.0942545 1
40.8605 0.19 1.07893 0.0942545 1
40.9113 0.19 1.07893 0.0942545 1
40.962 0.19 1.07893 0.0942545 1
41.0128 0.19 1.07893 0.0942545 1
41.0635 0.19 1.07893 0.0942545 1
41.0835 0.160112 0.900282 0.078851 0
41.1142 0.19 1.07893 0.0942545 1
41.165 0.19 1.07893 0.0942545 1
41.2157 0.19 1.07893 0.0942545 1
41.2665 0.19 1.07893 0.0942545 1
41.3172 0.19 1.07893 0.0942545 1
41.368 0.19 1.07893 0.0942545 1
41.4187 0.19 1.07893 0.0942545 1
41.4695 0.19 1.07893 0.0942545 1
41.5202 0.19 1.07893 0.0942545 1
41.5452 0.164618 0.905201 0.081356 0
41.571 0.19 1.07893 0.0942545 1
41.6217 0.19 1.07893 0.0942545 1
41.6724 0.19 1.07893 0.0942545 1
41.7232 0.19 1.07893 0.0942545 1
41.7739 0.19 1.07893 0.0942545 1
41.8247 0.19 1.07893 0.0942545 1
41.8754 0.19 1.07893 0.0942545 1
41.9262 0.19 1.07893 0.0942545 1
41.9769 0.19 1.07893 0.0942545 1
42.0069 0.169193 0.92709 0.083861 0
42.0277 0.19 1.07893 0.0942545 1
42.0784 0.19 1.07893 0.0942545 1
42.1292 0.19 1.07893 0.0942545 1
42.1799 0.19 1.07893 0.0942545 1
42.2306 0.19 1.07893 0.0942545 1
42.2814 0.19 1.07893 0.0942545 1
42.3321 0.19 1.07893 0.0942545 1
42.3829 0.19 1.07893 0.0942545 1
42.4336 0.19 1.07893 0.0942545 1
42.4686 0.173909 0.960688 0.086366 0
42.4844 0.19 1.07893 0.0942545 1
42.5351 0.19 1.07893 0.0942545 1
42.5859 0.19 1.07893 0.0942545 1
42.6366 0.19 1.07893 0.0942545 1
42.6874 0.19 1.07893 0.0942545 1
42.7381 0.19 1.07893 0.0942545 1
42.7888 0.19 1.07893 0.0942545 1
42.8396 0.19 1.07893 0.0942545 1
42.8903 0.19 1.07893 0.0942545 1
42.9303 0.178809 1.00009 0.088871 0
42.9411 0.19 1.07893 0.0942545 1
42.9918 0.19 1.07893 0.0942545 1
43.0426 0.19 1.07893 0.0942545 1
43.0933 0.19 1.07893 0.0942545 1
43.1441 0.19 1.07893 0.0942545 1
43.1948 0.19 1.07893 0.0942545 1
43.2456 0.19 1.07893 0.0942545 1
43.2963 0.19 1.07893 0.0942545 1
43.347 0.19 1.07893 0.0942545 1
43.392 0.18391 1.03959 0.091376 0
43.3978 0.19 1.07893 0.0942545 1
43.4485 0.19 1.07893 0.0942545 1
43.4993 0.19 1.07893 0.0942545 1
43.55 0.19 1.07893 0.0942545 1
43.6008 0.19 1.07893 0.0942545 1
43.6515 0.19 1.07893 0.0942545 1
43.7023 0.19 1.07893 0.0942545 1
43.753 0.19 1.07893 0.0942545 1
43.8038 0.19 1.07893 0.0942545 1
43.8538 0.189197 1.07438 0.093881 0
43.8545 0.19 1.07893 0.0942545 1
43.9052 0.19 1.07893 0.0942545 1
43.956 0.19 1.07893 0.0942545 1
44.0067 0.19 1.07893 0.0942545 1
44.0575 0.19 1.07893 0.0942545 1
44.1082 0.19 1.07893 0.0942545 1
44.159 0.19 1.07893 0.0942545 1
44.2097 0.19 1.07893 0.0942545 1
44.2605 0.19 1.07893 0.0942545 1
44.3155 0.19464 1.10091 0.096386 0
44.3112 0.19 1.07893 0.0942545 1
44.362 0.19 1.07893 0.0942545 1
44.4127 0.19 1.07893 0.0942545 1
44.4634 0.19 1.07893 0.0942545 1
44.5142 0.19 1.07893 0.0942545 1
44.5649 0.19 1.07893 0.0942545 1
44.6157 0.19 1.07893 0.0942545 1
44.6664 0.19 1.07893 0.0942545 1
44.7172 0.19 1.07893 0.0942545 1
44.7679 0.19 1.07893 0.0942545 1
44.7729 0.146016 1.00969 0.071336 0
44.8187 0.19 1.07893 0.0942545 1
44.8694 0.19 1.07893 0.0942545 1
44.9202 0.19 1.07893 0.0942545 1
44.9709 0.19 1.07893 0.0942545 1
45.0216 0.19 1.07893 0.0942545 1
45.0724 0.19 1.07893 0.0942545 1
45.1231 0.19 1.07893 0.0942545 1
45.1739 0.19 1.07893 0.0942545 1
45.2246 0.19 1.07893 0.0942545 1
45.2346 0.150917 0.953247 0.073841 0
45.2754 0.19 1.07893 0.0942545 1
45.3261 0.19 1.07893 0.0942545 1
45.3769 0.19 1.07893 0.0942545 1
45.4276 0.19 1.07893 0.0942545 1
45.4784 0.19 1.07893 0.0942545 1
45.5291 0.19 1.07893 0.0942545 1
45.5798 0.19 1.07893 0.0942545 1
45.6306 0.19 1.07893 0.0942545 1
45.6813 0.19 1.07893 0.0942545 1
45.6963 0.155581 0.915962 0.076346 0
45.7321 0.19 1.07893 0.0942545 1
45.7828 0.19 1.07893 0.0942545 1
45.8336 0.19 1.07893 0.0942545 1
45.8843 0.19 1.07893 0.0942545 1
45.9351 0.19 1.07893 0.0942545 1
45.9858 0.19 1.07893 0.0942545 1
46.0366 0.19 1.07893 0.0942545 1
46.0873 0.19 1.07893 0.0942545 1
46.138 0.19 1.07893 0.0942545 1
46.158 0.160112 0.900282 0.078851 0
46.1888 0.19 1.07893 0.0942545 1
46.2395 0.19 1.07893 0.0942545 1
46.2903 0.19 1.07893 0.0942545 1
46.341 0.19 1.07893 0.0942545 1
46.3918 0.19 1.07893 0.0942545 1
46.4425 0.19 1.07893 0.0942545 1
46.4933 0.19 1.07893 0.0942545 1
46.544 0.19 1.07893 0.0942545 1
46.5948 0.19 1.07893 0.0942545 1
46.6198 0.164618 0.905201 0.081356 0
46.6455 0.19 1.07893 0.0942545 1
46.6962 0.19 1.07893 0.0942545 1
46.747 0.19 1.07893 0.0942545 1
46.7977 0.19 1.07893 0.0942545 1
46.8485 0.19 1.07893 0.0942545 1
46.8992 0.19 1.07893 0.0942545 1
46.95 0.19 1.07893 0.0942545 1
47.0007 0.19 1.07893 0.0942545 1
47.0515 0.19 1.07893 0.0942545 1
47.0815 0.169193 0.92709 0.083861 0
47.1022 0.19 1.07893 0.0942545 1
47.153 0.19 1.07893 0.0942545 1
47.2037 0.19 1.07893 0.0942545 1
47.2544 0.19 1.07893 0.0942545 1
47.3052 0.19 1.07893 0.0942545 1
47.3559 0.19 1.07893 0.0942545 1
47.4067 0.19 1.07893 0.0942545 1
47.4574 0.19 1.07893 0.0942545 1
47.5082 0.19 1.07893 0.0942545 1
47.5432 0.173909 0.960688 0.086366 0
47.5589 0.19 1.07893 0.0942545 1
47.6097 0.19 1.07893 0.0942545 1
47.6604 0.19 1.07893 0.0942545 1
47.7112 0.19 1.07893 0.0942545 1
47.7619 0.19 1.07893 0.0942545 1
47.8126 0.19 1.07893 0.0942545 1
47.8634 0.19 1.07893 0.0942545 1
47.9141 0.19 1.07893 0.0942545 1
47.9649 0.19 1.07893 0.0942545 1
48.0049 0.178809 1.00009 0.088871 0
48.0156 0.19 1.07893 0.0942545 1
48.0664 0.19 1.07893 0.0942545 1
48.1171 0.19 1.07893 0.0942545 1
48.1679 0.19 1.07893 0.0942545 1
48.2186 0.19 1.07893 0.0942545 1
48.2694 0.19 1.07893 0.0942545 1
48.3201 0.19 1.07893 0.0942545 1
48.3708 0.19 1.07893 0.0942545 1
48.4216 0.19 1.07893 0.0942545 1
48.4666 0.18391 1.03959 0.091376 0
48.4723 0.19 1.07893 0.0942545 1
48.5231 0.19 1.07893 0.0942545 1
48.5738 0.19 1.07893 0.0942545 1
48.6246 0.19 1.07893 0.0942545 1
48.6753 0.19 1.07893 0.0942545 1
48.7261 0.19 1.07893 0.0942545 1
48.7768 0.19 1.07893 0.0942545 1
48.8276 0.19 1.07893 0.0942545 1
48.8783 0.19 1.07893 0.0942545 1
48.9283 0.189197 1.07438 0.093881 0
48.929 0.19 1.07893 0.0942545 1
48.9798 0.19 1.07893 0.0942545 1
49.0305 0.19 1.07893 0.0942545 1
49.0813 0.19 1.07893 0.0942545 1
49.132 0.19 1.07893 0.0942545 1
49.1828 0.19 1.07893 0.0942545 1
49.2335 0.19 1.07893 0.0942545 1
49.2843 0.19 1.07893 0.0942545 1
49.335 0.19 1.07893 0.0942545 1
49.39 0.19464 1.10091 0.096386 0
49.3858 0.19 1.07893 0.0942545 1
49.4365 0.19 1.07893 0.0942545 1
49.4872 0.19 1.07893 0.0942545 1
49.538 0.19 1.07893 0.0942545 1
49.5887 0.19 1.07893 0.0942545 1
49.6395 0.19 1.07893 0.0942545 1
49.6902 0.19 1.07893 0.0942545 1
49.741 0.19 1.07893 0.0942545 1
49.7917 0.19 1.07893 0.0942545 1
49.8425 0.19 1.07893 0.0942545 1
49.8475 0.146016 1.00969 0.071336 0
49.8932 0.19 1.07893 0.0942545 1
49.944 0.19 1.07893 0.0942545 1
49.9947 0.19 1.07893 0.0942545 1
0.501 0.501 0.501 0.501 0.501
