t x v M dripped?
0 0 0 0.01 0
0.165606 0.19 0.953289 0.0935317 1
0.212663 0.19 1.17769 0.0949767 1
0.266062 0.19 0.98512 0.0939475 1
0.313372 0.19 1.14427 0.0946736 1
0.365807 0.19 1.02525 0.0940389 1
0.414493 0.19 1.12472 0.0944926 1
0.466418 0.19 1.0484 0.094114 1
0.481418 0.156818 0.874858 0.0770126 0
0.515876 0.19 1.11053 0.0943936 1
0.567377 0.19 1.06259 0.094164 1
0.617314 0.19 1.10108 0.0943375 1
0.668519 0.19 1.0712 0.0941971 1
0.718744 0.19 1.09499 0.0943048 1
0.769754 0.19 1.07643 0.0942185 1
0.820155 0.19 1.09114 0.0942854 1
0.87104 0.19 1.07964 0.0942322 1
0.921546 0.19 1.08872 0.0942736 1
0.951546 0.169002 0.937918 0.0837462 0
0.972352 0.19 1.0816 0.0942408 1
1.02292 0.19 1.08722 0.0942665 1
1.07368 0.19 1.08281 0.0942462 1
1.12429 0.19 1.08628 0.0942621 1
1.17502 0.19 1.08355 0.0942496 1
1.22566 0.19 1.0857 0.0942594 1
1.27636 0.19 1.08401 0.0942516 1
1.32701 0.19 1.08534 0.0942577 1
1.37771 0.19 1.0843 0.0942529 1
1.41271 0.173876 0.9697 0.0863573 0
1.42837 0.19 1.08512 0.0942567 1
1.47906 0.19 1.08447 0.0942537 1
1.52972 0.19 1.08498 0.0942561 1
1.58041 0.19 1.08458 0.0942542 1
1.63108 0.19 1.0849 0.0942557 1
1.68176 0.19 1.08465 0.0942545 1
1.73243 0.19 1.08484 0.0942554 1
1.78311 0.19 1.08469 0.0942547 1
1.83378 0.19 1.08481 0.0942553 1
1.87378 0.178807 1.00815 0.088869 0
1.88446 0.19 1.08472 0.0942548 1
1.93514 0.19 1.08479 0.0942552 1
1.98581 0.19 1.08473 0.0942549 1
2.03649 0.19 1.08478 0.0942551 1
2.08717 0.19 1.08474 0.094255 1
2.13784 0.19 1.08477 0.0942551 1
2.18852 0.19 1.08475 0.094255 1
2.23919 0.19 1.08477 0.0942551 1
2.28987 0.19 1.08475 0.094255 1
2.33487 0.183947 1.04679 0.0913922 0
2.34055 0.19 1.08476 0.0942551 1
2.39122 0.19 1.08475 0.094255 1
2.4419 0.19 1.08476 0.0942551 1
2.49257 0.19 1.08476 0.094255 1
2.54325 0.19 1.08476 0.094255 1
2.59393 0.19 1.08476 0.094255 1
2.6446 0.19 1.08476 0.094255 1
2.69528 0.19 1.08476 0.094255 1
2.74595 0.19 1.08476 0.094255 1
2.79595 0.189268 1.08073 0.093914 0
2.79663 0.19 1.08476 0.094255 1
2.84731 0.19 1.08476 0.094255 1
2.89798 0.19 1.08476 0.094255 1
2.94866 0.19 1.08476 0.094255 1
2.99933 0.19 1.08476 0.094255 1
3.05001 0.19 1.08476 0.094255 1
3.10069 0.19 1.08476 0.094255 1
3.15136 0.19 1.08476 0.094255 1
3.20204 0.19 1.08476 0.094255 1
3.25704 0.19474 1.10658 0.0964361 0
3.25271 0.19 1.08476 0.094255 1
3.30339 0.19 1.08476 0.094255 1
3.35407 0.19 1.08476 0.094255 1
3.40474 0.19 1.08476 0.094255 1
3.45542 0.19 1.08476 0.094255 1
3.50609 0.19 1.08476 0.094255 1
3.55677 0.19 1.08476 0.094255 1
3.60745 0.19 1.08476 0.094255 1
3.65812 0.19 1.08476 0.094255 1
3.7088 0.19 1.08476 0.094255 1
3.7138 0.145694 1.01694 0.071216 0
3.75947 0.19 1.08476 0.094255 1
3.81015 0.19 1.08476 0.094255 1
3.86083 0.19 1.08476 0.094255 1
3.9115 0.19 1.08476 0.094255 1
3.96218 0.19 1.08476 0.094255 1
4.01285 0.19 1.08476 0.094255 1
4.06353 0.19 1.08476 0.094255 1
4.11421 0.19 1.08476 0.094255 1
4.16488 0.19 1.08476 0.094255 1
4.17488 0.150634 0.961744 0.073738 0
4.21556 0.19 1.08476 0.094255 1
4.26623 0.19 1.08476 0.094255 1
4.31691 0.19 1.08476 0.094255 1
4.36759 0.19 1.08476 0.094255 1
4.41826 0.19 1.08476 0.094255 1
4.46894 0.19 1.08476 0.094255 1
4.51961 0.19 1.08476 0.094255 1
4.57029 0.19 1.08476 0.094255 1
4.62097 0.19 1.08476 0.094255 1
4.63597 0.155343 0.925372 0.07626 0
4.67164 0.19 1.08476 0.094255 1
4.72232 0.19 1.08476 0.094255 1
4.77299 0.19 1.08476 0.094255 1
4.82367 0.19 1.08476 0.094255 1
4.87435 0.19 1.08476 0.094255 1
4.92502 0.19 1.08476 0.094255 1
4.9757 0.19 1.08476 0.094255 1
5.02637 0.19 1.08476 0.094255 1
5.07705 0.19 1.08476 0.094255 1
5.09705 0.159923 0.910183 0.078782 0
5.12773 0.19 1.08476 0.094255 1
5.1784 0.19 1.08476 0.094255 1
5.22908 0.19 1.08476 0.094255 1
5.27975 0.19 1.08476 0.094255 1
5.33043 0.19 1.08476 0.094255 1
5.38111 0.19 1.08476 0.094255 1
5.43178 0.19 1.08476 0.094255 1
5.48246 0.19 1.08476 0.094255 1
5.53314 0.19 1.08476 0.094255 1
5.55814 0.164479 0.91515 0.081304 0
5.58381 0.19 1.08476 0.094255 1
5.63449 0.19 1.08476 0.094255 1
5.68516 0.19 1.08476 0.094255 1
5.73584 0.19 1.08476 0.094255 1
5.78652 0.19 1.08476 0.094255 1
5.83719 0.19 1.08476 0.094255 1
5.88787 0.19 1.08476 0.094255 1
5.93854 0.19 1.08476 0.094255 1
5.98922 0.19 1.08476 0.094255 1
6.01922 0.169102 0.936689 0.083826 0
6.0399 0.19 1.08476 0.094255 1
6.09057 0.19 1.08476 0.094255 1
6.14125 0.19 1.08476 0.094255 1
6.19192 0.19 1.08476 0.094255 1
6.2426 0.19 1.08476 0.094255 1
6.29328 0.19 1.08476 0.094255 1
6.34395 0.19 1.08476 0.094255 1
6.39463 0.19 1.08476 0.094255 1
6.4453 0.19 1.08476 0.094255 1
6.4803 0.173865 0.969628 0.086348 0
6.49598 0.19 1.08476 0.094255 1
6.54666 0.19 1.08476 0.094255 1
6.59733 0.19 1.08476 0.094255 1
6.64801 0.19 1.08476 0.094255 1
6.69868 0.19 1.08476 0.094255 1
6.74936 0.19 1.08476 0.094255 1
6.80004 0.19 1.08476 0.094255 1
6.85071 0.19 1.08476 0.094255 1
6.90139 0.19 1.08476 0.094255 1
6.94139 0.178808 1.00818 0.08887 0
6.95206 0.19 1.08476 0.094255 1
7.00274 0.19 1.08476 0.094255 1
7.05342 0.19 1.08476 0.094255 1
7.10409 0.19 1.08476 0.094255 1
7.15477 0.19 1.08476 0.094255 1
7.20544 0.19 1.08476 0.094255 1
7.25612 0.19 1.08476 0.094255 1
7.3068 0.19 1.08476 0.094255 1
7.35747 0.19 1.08476 0.094255 1
7.40247 0.183946 1.04679 0.091392 0
7.40815 0.19 1.08476 0.094255 1
7.45882 0.19 1.08476 0.094255 1
7.5095 0.19 1.08476 0.094255 1
7.56018 0.19 1.08476 0.094255 1
7.61085 0.19 1.08476 0.094255 1
7.66153 0.19 1.08476 0.094255 1
7.7122 0.19 1.08476 0.094255 1
7.76288 0.19 1.08476 0.094255 1
7.81356 0.19 1.08476 0.094255 1
7.86356 0.189268 1.08073 0.093914 0
7.86423 0.19 1.08476 0.094255 1
7.91491 0.19 1.08476 0.094255 1
7.96558 0.19 1.08476 0.094255 1
8.01626 0.19 1.08476 0.094255 1
8.06694 0.19 1.08476 0.094255 1
8.11761 0.19 1.08476 0.094255 1
8.16829 0.19 1.08476 0.094255 1
8.21896 0.19 1.08476 0.094255 1
8.26964 0.19 1.08476 0.094255 1
8.32464 0.19474 1.10658 0.096436 0
8.32032 0.19 1.08476 0.094255 1
8.37099 0.19 1.08476 0.094255 1
8.42167 0.19 1.08476 0.094255 1
8.47234 0.19 1.08476 0.094255 1
8.52302 0.19 1.08476 0.094255 1
8.5737 0.19 1.08476 0.094255 1
8.62437 0.19 1.08476 0.094255 1
8.67505 0.19 1.08476 0.094255 1
8.72572 0.19 1.08476 0.094255 1
8.7764 0.19 1.08476 0.094255 1
8.7814 0.145694 1.01694 0.071216 0
8.82708 0.19 1.08476 0.094255 1
8.87775 0.19 1.08476 0.094255 1
8.92843 0.19 1.08476 0.094255 1
8.97911 0.19 1.08476 0.094255 1
9.02978 0.19 1.08476 0.094255 1
9.08046 0.19 1.08476 0.094255 1
9.13113 0.19 1.08476 0.094255 1
9.18181 0.19 1.08476 0.094255 1
9.23249 0.19 1.08476 0.094255 1
9.24249 0.150634 0.961744 0.073738 0
9.28316 0.19 1.08476 0.094255 1
9.33384 0.19 1.08476 0.094255 1
9.38451 0.19 1.08476 0.094255 1
9.43519 0.19 1.08476 0.094255 1
9.48587 0.19 1.08476 0.094255 1
9.53654 0.19 1.08476 0.094255 1
9.58722 0.19 1.08476 0.094255 1
9.63789 0.19 1.08476 0.094255 1
9.68857 0.19 1.08476 0.094255 1
9.70357 0.155343 0.925372 0.07626 0
9.73925 0.19 1.08476 0.094255 1
9.78992 0.19 1.08476 0.094255 1
9.8406 0.19 1.08476 0.094255 1
9.89127 0.19 1.08476 0.094255 1
9.94195 0.19 1.08476 0.094255 1
9.99263 0.19 1.08476 0.094255 1
10.0433 0.19 1.08476 0.094255 1
10.094 0.19 1.08476 0.094255 1
10.1447 0.19 1.08476 0.094255 1
10.1647 0.159923 0.910183 0.078782 0
10.1953 0.19 1.08476 0.094255 1
10.246 0.19 1.08476 0.094255 1
10.2967 0.19 1.08476 0.094255 1
10.3474 0.19 1.08476 0.094255 1
10.398 0.19 1.08476 0.094255 1
10.4487 0.19 1.08476 0.094255 1
10.4994 0.19 1.08476 0.094255 1
10.5501 0.19 1.08476 0.094255 1
10.6007 0.19 1.08476 0.094255 1
10.6257 0.164479 0.91515 0.081304 0
10.6514 0.19 1.08476 0.094255 1
10.7021 0.19 1.08476 0.094255 1
10.7528 0.19 1.08476 0.094255 1
10.8034 0.19 1.08476 0.094255 1
10.8541 0.19 1.08476 0.094255 1
10.9048 0.19 1.08476 0.094255 1
10.9555 0.19 1.08476 0.094255 1
11.0061 0.19 1.08476 0.094255 1
11.0568 0.19 1.08476 0.094255 1
11.0868 0.169102 0.936689 0.083826 0
11.1075 0.19 1.08476 0.094255 1
11.1582 0.19 1.08476 0.094255 1
11.2089 0.19 1.08476 0.094255 1
11.2595 0.19 1.08476 0.094255 1
11.3102 0.19 1.08476 0.094255 1
11.3609 0.19 1.08476 0.094255 1
11.4116 0.19 1.08476 0.094255 1
11.4622 0.19 1.08476 0.094255 1
11.5129 0.19 1.08476 0.094255 1
11.5479 0.173865 0.969628 0.086348 0
11.5636 0.19 1.08476 0.094255 1
11.6143 0.19 1.08476 0.094255 1
11.6649 0.19 1.08476 0.094255 1
11.7156 0.19 1.08476 0.094255 1
11.7663 0.19 1.08476 0.094255 1
11.817 0.19 1.08476 0.094255 1
11.8676 0.19 1.08476 0.094255 1
11.9183 0.19 1.08476 0.094255 1
11.969 0.19 1.08476 0.094255 1
12.009 0.178808 1.00818 0.08887 0
12.0197 0.19 1.08476 0.094255 1
12.0703 0.19 1.08476 0.094255 1
12.121 0.19 1.08476 0.094255 1
12.1717 0.19 1.08476 0.094255 1
12.2224 0.19 1.08476 0.094255 1
12.273 0.19 1.08476 0.094255 1
12.3237 0.19 1.08476 0.094255 1
12.3744 0.19 1.08476 0.094255 1
12.4251 0.19 1.08476 0.094255 1
12.4701 0.183946 1.04679 0.091392 0
12.4758 0.19 1.08476 0.094255 1
12.5264 0.19 1.08476 0.094255 1
12.5771 0.19 1.08476 0.094255 1
12.6278 0.19 1.08476 0.094255 1
12.6785 0.19 1.08476 0.094255 1
12.7291 0.19 1.08476 0.094255 1
12.7798 0.19 1.08476 0.094255 1
12.8305 0.19 1.08476 0.094255 1
12.8812 0.19 1.08476 0.094255 1
12.9312 0.189268 1.08073 0.093914 0
12.9318 0.19 1.08476 0.094255 1
12.9825 0.19 1.08476 0.094255 1
13.0332 0.19 1.08476 0.094255 1
13.0839 0.19 1.08476 0.094255 1
13.1345 0.19 1.08476 0.094255 1
13.1852 0.19 1.08476 0.094255 1
13.2359 0.19 1.08476 0.094255 1
13.2866 0.19 1.08476 0.094255 1
13.3372 0.19 1.08476 0.094255 1
13.3922 0.19474 1.10658 0.096436 0
13.3879 0.19 1.08476 0.094255 1
13.4386 0.19 1.08476 0.094255 1
13.4893 0.19 1.08476 0.094255 1
13.5399 0.19 1.08476 0.094255 1
13.5906 0.19 1.08476 0.094255 1
13.6413 0.19 1.08476 0.094255 1
13.692 0.19 1.08476 0.094255 1
13.7427 0.19 1.08476 0.094255 1
13.7933 0.19 1.08476 0.094255 1
13.844 0.19 1.08476 0.094255 1
13.849 0.145694 1.01694 0.071216 0
13.8947 0.19 1.08476 0.094255 1
13.9454 0.19 1.08476 0.094255 1
13.996 0.19 1.08476 0.094255 1
14.0467 0.19 1.08476 0.094255 1
14.0974 0.19 1.08476 0.094255 1
14.1481 0.19 1.08476 0.094255 1
14.1987 0.19 1.08476 0.094255 1
14.2494 0.19 1.08476 0.094255 1
14.3001 0.19 1.08476 0.094255 1
14.3101 0.150634 0.961744 0.073738 0
14.3508 0.19 1.08476 0.094255 1
14.4014 0.19 1.08476 0.094255 1
14.4521 0.19 1.08476 0.094255 1
14.5028 0.19 1.08476 0.094255 1
14.5535 0.19 1.08476 0.094255 1
14.6041 0.19 1.08476 0.094255 1
14.6548 0.19 1.08476 0.094255 1
14.7055 0.19 1.08476 0.094255 1
14.7562 0.19 1.08476 0.094255 1
14.7712 0.155343 0.925372 0.07626 0
14.8068 0.19 1.08476 0.094255 1
14.8575 0.19 1.08476 0.094255 1
14.9082 0.19 1.08476 0.094255 1
14.9589 0.19 1.08476 0.094255 1
15.0096 0.19 1.08476 0.094255 1
15.0602 0.19 1.08476 0.094255 1
15.1109 0.19 1.08476 0.094255 1
15.1616 0.19 1.08476 0.094255 1
15.2123 0.19 1.08476 0.094255 1
15.2323 0.159923 0.910183 0.078782 0
15.2629 0.19 1.08476 0.094255 1
15.3136 0.19 1.08476 0.094255 1
15.3643 0.19 1.08476 0.094255 1
15.415 0.19 1.08476 0.094255 1
15.4656 0.19 1.08476 0.094255 1
15.5163 0.19 1.08476 0.094255 1
15.567 0.19 1.08476 0.094255 1
15.6177 0.19 1.08476 0.094255 1
15.6683 0.19 1.08476 0.094255 1
15.6933 0.164479 0.91515 0.081304 0
15.719 0.19 1.08476 0.094255 1
15.7697 0.19 1.08476 0.094255 1
15.8204 0.19 1.08476 0.094255 1
15.871 0.19 1.08476 0.094255 1
15.9217 0.19 1.08476 0.094255 1
15.9724 0.19 1.08476 0.094255 1
16.0231 0.19 1.08476 0.094255 1
16.0737 0.19 1.08476 0.094255 1
16.1244 0.19 1.08476 0.094255 1
16.1544 0.169102 0.936689 0.083826 0
16.1751 0.19 1.08476 0.094255 1
16.2258 0.19 1.08476 0.094255 1
16.2765 0.19 1.08476 0.094255 1
16.3271 0.19 1.08476 0.094255 1
16.3778 0.19 1.08476 0.094255 1
16.4285 0.19 1.08476 0.094255 1
16.4792 0.19 1.08476 0.094255 1
16.5298 0.19 1.08476 0.094255 1
16.5805 0.19 1.08476 0.094255 1
16.6155 0.173865 0.969628 0.086348 0
16.6312 0.19 1.08476 0.094255 1
16.6819 0.19 1.08476 0.094255 1
16.7325 0.19 1.08476 0.094255 1
16.7832 0.19 1.08476 0.094255 1
16.8339 0.19 1.08476 0.094255 1
16.8846 0.19 1.08476 0.094255 1
16.9352 0.19 1.08476 0.094255 1
16.9859 0.19 1.08476 0.094255 1
17.0366 0.19 1.08476 0.094255 1
17.0766 0.178808 1.00818 0.08887 0
17.0873 0.19 1.08476 0.094255 1
17.1379 0.19 1.08476 0.094255 1
17.1886 0.19 1.08476 0.094255 1
17.2393 0.19 1.08476 0.094255 1
17.29 0.19 1.08476 0.094255 1
17.3406 0.19 1.08476 0.094255 1
17.3913 0.19 1.08476 0.094255 1
17.442 0.19 1.08476 0.094255 1
17.4927 0.19 1.08476 0.094255 1
17.5377 0.183946 1.04679 0.091392 0
17.5434 0.19 1.08476 0.094255 1
17.594 0.19 1.08476 0.094255 1
17.6447 0.19 1.08476 0.094255 1
17.6954 0.19 1.08476 0.094255 1
17.7461 0.19 1.08476 0.094255 1
17.7967 0.19 1.08476 0.094255 1
17.8474 0.19 1.08476 0.094255 1
17.8981 0.19 1.08476 0.094255 1
17.9488 0.19 1.08476 0.094255 1
17.9988 0.189268 1.08073 0.093914 0
17.9994 0.19 1.08476 0.094255 1
18.0501 0.19 1.08476 0.094255 1
18.1008 0.19 1.08476 0.094255 1
18.1515 0.19 1.08476 0.094255 1
18.2021 0.19 1.08476 0.094255 1
18.2528 0.19 1.08476 0.094255 1
18.3035 0.19 1.08476 0.094255 1
18.3542 0.19 1.08476 0.094255 1
18.4048 0.19 1.08476 0.094255 1
18.4598 0.19474 1.10658 0.096436 0
18.4555 0.19 1.08476 0.094255 1
18.5062 0.19 1.08476 0.094255 1
18.5569 0.19 1.08476 0.094255 1
18.6076 0.19 1.08476 0.094255 1
18.6582 0.19 1.08476 0.094255 1
18.7089 0.19 1.08476 0.094255 1
18.7596 0.19 1.08476 0.094255 1
18.8103 0.19 1.08476 0.094255 1
18.8609 0.19 1.08476 0.094255 1
18.9116 0.19 1.08476 0.094255 1
18.9166 0.145694 1.01694 0.071216 0
18.9623 0.19 1.08476 0.094255 1
19.013 0.19 1.08476 0.094255 1
19.0636 0.19 1.08476 0.094255 1
19.1143 0.19 1.08476 0.094255 1
19.165 0.19 1.08476 0.094255 1
19.2157 0.19 1.08476 0.094255 1
19.2663 0.19 1.08476 0.094255 1
19.317 0.19 1.08476 0.094255 1
19.3677 0.19 1.08476 0.094255 1
19.3777 0.150634 0.961744 0.073738 0
19.4184 0.19 1.08476 0.094255 1
19.469 0.19 1.08476 0.094255 1
19.5197 0.19 1.08476 0.094255 1
19.5704 0.19 1.08476 0.094255 1
19.6211 0.19 1.08476 0.094255 1
19.6717 0.19 1.08476 0.094255 1
19.7224 0.19 1.08476 0.094255 1
19.7731 0.19 1.08476 0.094255 1
19.8238 0.19 1.08476 0.094255 1
19.8388 0.155343 0.925372 0.07626 0
19.8745 0.19 1.08476 0.094255 1
19.9251 0.19 1.08476 0.094255 1
19.9758 0.19 1.08476 0.094255 1
20.0265 0.19 1.08476 0.094255 1
20.0772 0.19 1.08476 0.094255 1
20.1278 0.19 1.08476 0.094255 1
20.1785 0.19 1.08476 0.094255 1
20.2292 0.19 1.08476 0.094255 1
20.2799 0.19 1.08476 0.094255 1
20.2999 0.159923 0.910183 0.078782 0
20.3305 0.19 1.08476 0.094255 1
20.3812 0.19 1.08476 0.094255 1
20.4319 0.19 1.08476 0.094255 1
20.4826 0.19 1.08476 0.094255 1
20.5332 0.19 1.08476 0.094255 1
20.5839 0.19 1.08476 0.094255 1
20.6346 0.19 1.08476 0.094255 1
20.6853 0.19 1.08476 0.094255 1
20.7359 0.19 1.08476 0.094255 1
20.7609 0.164479 0.91515 0.081304 0
20.7866 0.19 1.08476 0.094255 1
20.8373 0.19 1.08476 0.094255 1
20.888 0.19 1.08476 0.094255 1
20.9386 0.19 1.08476 0.094255 1
20.9893 0.19 1.08476 0.094255 1
21.04 0.19 1.08476 0.094255 1
21.0907 0.19 1.08476 0.094255 1
21.1414 0.19 1.08476 0.094255 1
21.192 0.19 1.08476 0.094255 1
21.222 0.169102 0.936689 0.083826 0
21.2427 0.19 1.08476 0.094255 1
21.2934 0.19 1.08476 0.094255 1
21.3441 0.19 1.08476 0.094255 1
21.3947 0.19 1.08476 0.094255 1
21.4454 0.19 1.08476 0.094255 1
21.4961 0.19 1.08476 0.094255 1
21.5468 0.19 1.08476 0.094255 1
21.5974 0.19 1.08476 0.094255 1
21.6481 0.19 1.08476 0.094255 1
21.6831 0.173865 0.969628 0.086348 0
21.6988 0.19 1.08476 0.094255 1
21.7495 0.19 1.08476 0.094255 1
21.8001 0.19 1.08476 0.094255 1
21.8508 0.19 1.08476 0.094255 1
21.9015 0.19 1.08476 0.094255 1
21.9522 0.19 1.08476 0.094255 1
22.0028 0.19 1.08476 0.094255 1
22.0535 0.19 1.08476 0.094255 1
22.1042 0.19 1.08476 0.094255 1
22.1442 0.178808 1.00818 0.08887 0
22.1549 0.19 1.08476 0.094255 1
22.2055 0.19 1.08476 0.094255 1
22.2562 0.19 1.08476 0.094255 1
22.3069 0.19 1.08476 0.094255 1
22.3576 0.19 1.08476 0.094255 1
22.4083 0.19 1.08476 0.094255 1
22.4589 0.19 1.08476 0.094255 1
22.5096 0.19 1.08476 0.094255 1
22.5603 0.19 1.08476 0.094255 1
22.6053 0.183946 1.04679 0.091392 0
22.611 0.19 1.08476 0.094255 1
22.6616 0.19 1.08476 0.094255 1
22.7123 0.19 1.08476 0.094255 1
22.763 0.19 1.08476 0.094255 1
22.8137 0.19 1.08476 0.094255 1
22.8643 0.19 1.08476 0.094255 1
22.915 0.19 1.08476 0.094255 1
22.9657 0.19 1.08476 0.094255 1
23.0164 0.19 1.08476 0.094255 1
23.0664 0.189268 1.08073 0.093914 0
23.067 0.19 1.08476 0.094255 1
23.1177 0.19 1.08476 0.094255 1
23.1684 0.19 1.08476 0.094255 1
23.2191 0.19 1.08476 0.094255 1
23.2697 0.19 1.08476 0.094255 1
23.3204 0.19 1.08476 0.094255 1
23.3711 0.19 1.08476 0.094255 1
23.4218 0.19 1.08476 0.094255 1
23.4724 0.19 1.08476 0.094255 1
23.5274 0.19474 1.10658 0.096436 0
23.5231 0.19 1.08476 0.094255 1
23.5738 0.19 1.08476 0.094255 1
23.6245 0.19 1.08476 0.094255 1
23.6752 0.19 1.08476 0.094255 1
23.7258 0.19 1.08476 0.094255 1
23.7765 0.19 1.08476 0.094255 1
23.8272 0.19 1.08476 0.094255 1
23.8779 0.19 1.08476 0.094255 1
23.9285 0.19 1.08476 0.094255 1
23.9792 0.19 1.08476 0.094255 1
23.9842 0.145694 1.01694 0.071216 0
24.0299 0.19 1.08476 0.094255 1
24.0806 0.19 1.08476 0.094255 1
24.1312 0.19 1.08476 0.094255 1
24.1819 0.19 1.08476 0.094255 1
24.2326 0.19 1.08476 0.094255 1
24.2833 0.19 1.08476 0.094255 1
24.3339 0.19 1.08476 0.094255 1
24.3846 0.19 1.08476 0.094255 1
24.4353 0.19 1.08476 0.094255 1
24.4453 0.150634 0.961744 0.073738 0
24.486 0.19 1.08476 0.094255 1
24.5366 0.19 1.08476 0.094255 1
24.5873 0.19 1.08476 0.094255 1
24.638 0.19 1.08476 0.094255 1
24.6887 0.19 1.08476 0.094255 1
24.7394 0.19 1.08476 0.094255 1
24.79 0.19 1.08476 0.094255 1
24.8407 0.19 1.08476 0.094255 1
24.8914 0.19 1.08476 0.094255 1
24.9064 0.155343 0.925372 0.07626 0
24.9421 0.19 1.08476 0.094255 1
24.9927 0.19 1.08476 0.094255 1
25.0434 0.19 1.08476 0.094255 1
25.0941 0.19 1.08476 0.094255 1
25.1448 0.19 1.08476 0.094255 1
25.1954 0.19 1.08476 0.094255 1
25.2461 0.19 1.08476 0.094255 1
25.2968 0.19 1.08476 0.094255 1
25.3475 0.19 1.08476 0.094255 1
25.3675 0.159923 0.910183 0.078782 0
25.3981 0.19 1.08476 0.094255 1
25.4488 0.19 1.08476 0.094255 1
25.4995 0.19 1.08476 0.094255 1
25.5502 0.19 1.08476 0.094255 1
25.6008 0.19 1.08476 0.094255 1
25.6515 0.19 1.08476 0.094255 1
25.7022 0.19 1.08476 0.094255 1
25.7529 0.19 1.08476 0.094255 1
25.8035 0.19 1.08476 0.094255 1
25.8285 0.164479 0.91515 0.081304 0
25.8542 0.19 1.08476 0.094255 1
25.9049 0.19 1.08476 0.094255 1
25.9556 0.19 1.08476 0.094255 1
26.0063 0.19 1.08476 0.094255 1
26.0569 0.19 1.08476 0.094255 1
26.1076 0.19 1.08476 0.094255 1
26.1583 0.19 1.08476 0.094255 1
26.209 0.19 1.08476 0.094255 1
26.2596 0.19 1.08476 0.094255 1
26.2896 0.169102 0.936689 0.083826 0
26.3103 0.19 1.08476 0.094255 1
26.361 0.19 1.08476 0.094255 1
26.4117 0.19 1.08476 0.094255 1
26.4623 0.19 1.08476 0.094255 1
26.513 0.19 1.08476 0.094255 1
26.5637 0.19 1.08476 0.094255 1
26.6144 0.19 1.08476 0.094255 1
26.665 0.19 1.08476 0.094255 1
26.7157 0.19 1.08476 0.094255 1
26.7507 0.173865 0.969628 0.086348 0
26.7664 0.19 1.08476 0.094255 1
26.8171 0.19 1.08476 0.094255 1
26.8677 0.19 1.08476 0.094255 1
26.9184 0.19 1.08476 0.094255 1
26.9691 0.19 1.08476 0.094255 1
27.0198 0.19 1.08476 0.094255 1
27.0704 0.19 1.08476 0.094255 1
27.1211 0.19 1.08476 0.094255 1
27.1718 0.19 1.08476 0.094255 1
27.2118 0.178808 1.00818 0.08887 0
27.2225 0.19 1.08476 0.094255 1
27.2732 0.19 1.08476 0.094255 1
27.3238 0.19 1.08476 0.094255 1
27.3745 0.19 1.08476 0.094255 1
27.4252 0.19 1.08476 0.094255 1
27.4759 0.19 1.08476 0.094255 1
27.5265 0.19 1.08476 0.094255 1
27.5772 0.19 1.08476 0.094255 1
27.6279 0.19 1.08476 0.094255 1
27.6729 0.183946 1.04679 0.091392 0
27.6786 0.19 1.08476 0.094255 1
27.7292 0.19 1.08476 0.094255 1
27.7799 0.19 1.08476 0.094255 1
27.8306 0.19 1.08476 0.094255 1
27.8813 0.19 1.08476 0.094255 1
27.9319 0.19 1.08476 0.094255 1
27.9826 0.19 1.08476 0.094255 1
28.0333 0.19 1.08476 0.094255 1
28.084 0.19 1.08476 0.094255 1
28.134 0.189268 1.08073 0.093914 0
28.1346 0.19 1.08476 0.094255 1
28.1853 0.19 1.08476 0.094255 1
28.236 0.19 1.08476 0.094255 1
28.2867 0.19 1.08476 0.094255 1
28.3373 0.19 1.08476 0.094255 1
28.388 0.19 1.08476 0.094255 1
28.4387 0.19 1.08476 0.094255 1
28.4894 0.19 1.08476 0.094255 1
28.5401 0.19 1.08476 0.094255 1
28.5951 0.19474 1.10658 0.096436 0
28.5907 0.19 1.08476 0.094255 1
28.6414 0.19 1.08476 0.094255 1
28.6921 0.19 1.08476 0.094255 1
28.7428 0.19 1.08476 0.094255 1
28.7934 0.19 1.08476 0.094255 1
28.8441 0.19 1.08476 0.094255 1
28.8948 0.19 1.08476 0.094255 1
28.9455 0.19 1.08476 0.094255 1
28.9961 0.19 1.08476 0.094255 1
29.0468 0.19 1.08476 0.094255 1
29.0518 0.145694 1.01694 0.071216 0
29.0975 0.19 1.08476 0.094255 1
29.1482 0.19 1.08476 0.094255 1
29.1988 0.19 1.08476 0.094255 1
29.2495 0.19 1.08476 0.094255 1
29.3002 0.19 1.08476 0.094255 1
29.3509 0.19 1.08476 0.094255 1
29.4015 0.19 1.08476 0.094255 1
29.4522 0.19 1.08476 0.094255 1
29.5029 0.19 1.08476 0.094255 1
29.5129 0.150634 0.961744 0.073738 0
29.5536 0.19 1.08476 0.094255 1
29.6042 0.19 1.08476 0.094255 1
29.6549 0.19 1.08476 0.094255 1
29.7056 0.19 1.08476 0.094255 1
29.7563 0.19 1.08476 0.094255 1
29.807 0.19 1.08476 0.094255 1
29.8576 0.19 1.08476 0.094255 1
29.9083 0.19 1.08476 0.094255 1
29.959 0.19 1.08476 0.094255 1
29.974 0.155343 0.925372 0.07626 0
30.0097 0.19 1.08476 0.094255 1
30.0603 0.19 1.08476 0.094255 1
30.111 0.19 1.08476 0.094255 1
30.1617 0.19 1.08476 0.094255 1
30.2124 0.19 1.08476 0.094255 1
30.263 0.19 1.08476 0.094255 1
30.3137 0.19 1.08476 0.094255 1
30.3644 0.19 1.08476 0.094255 1
30.4151 0.19 1.08476 0.094255 1
30.4351 0.159923 0.910183 0.078782 0
30.4657 0.19 1.08476 0.094255 1
30.5164 0.19 1.08476 0.094255 1
30.5671 0.19 1.08476 0.094255 1
30.6178 0.19 1.08476 0.094255 1
30.6684 0.19 1.08476 0.094255 1
30.7191 0.19 1.08476 0.094255 1
30.7698 0.19 1.08476 0.094255 1
30.8205 0.19 1.08476 0.094255 1
30.8711 0.19 1.08476 0.094255 1
30.8961 0.164479 0.91515 0.081304 0
30.9218 0.19 1.08476 0.094255 1
30.9725 0.19 1.08476 0.094255 1
31.0232 0.19 1.08476 0.094255 1
31.0739 0.19 1.08476 0.094255 1
31.1245 0.19 1.08476 0.094255 1
31.1752 0.19 1.08476 0.094255 1
31.2259 0.19 1.08476 0.094255 1
31.2766 0.19 1.08476 0.094255 1
31.3272 0.19 1.08476 0.094255 1
31.3572 0.169102 0.936689 0.083826 0
31.3779 0.19 1.08476 0.094255 1
31.4286 0.19 1.08476 0.094255 1
31.4793 0.19 1.08476 0.094255 1
31.5299 0.19 1.08476 0.094255 1
31.5806 0.19 1.08476 0.094255 1
31.6313 0.19 1.08476 0.094255 1
31.682 0.19 1.08476 0.094255 1
31.7326 0.19 1.08476 0.094255 1
31.7833 0.19 1.08476 0.094255 1
31.8183 0.173865 0.969628 0.086348 0
31.834 0.19 1.08476 0.094255 1
31.8847 0.19 1.08476 0.094255 1
31.9353 0.19 1.08476 0.094255 1
31.986 0.19 1.08476 0.094255 1
32.0367 0.19 1.08476 0.094255 1
32.0874 0.19 1.08476 0.094255 1
32.1381 0.19 1.08476 0.094255 1
32.1887 0.19 1.08476 0.094255 1
32.2394 0.19 1.08476 0.094255 1
32.2794 0.178808 1.00818 0.08887 0
32.2901 0.19 1.08476 0.094255 1
32.3408 0.19 1.08476 0.094255 1
32.3914 0.19 1.08476 0.094255 1
32.4421 0.19 1.08476 0.094255 1
32.4928 0.19 1.08476 0.094255 1
32.5435 0.19 1.08476 0.094255 1
32.5941 0.19 1.08476 0.094255 1
32.6448 0.19 1.08476 0.094255 1
32.6955 0.19 1.08476 0.094255 1
32.7405 0.183946 1.04679 0.091392 0
32.7462 0.19 1.08476 0.094255 1
32.7968 0.19 1.08476 0.094255 1
32.8475 0.19 1.08476 0.094255 1
32.8982 0.19 1.08476 0.094255 1
32.9489 0.19 1.08476 0.094255 1
32.9995 0.19 1.08476 0.094255 1
33.0502 0.19 1.08476 0.094255 1
33.1009 0.19 1.08476 0.094255 1
33.1516 0.19 1.08476 0.094255 1
33.2016 0.189268 1.08073 0.093914 0
33.2022 0.19 1.08476 0.094255 1
33.2529 0.19 1.08476 0.094255 1
33.3036 0.19 1.08476 0.094255 1
33.3543 0.19 1.08476 0.094255 1
33.405 0.19 1.08476 0.094255 1
33.4556 0.19 1.08476 0.094255 1
33.5063 0.19 1.08476 0.094255 1
33.557 0.19 1.08476 0.094255 1
33.6077 0.19 1.08476 0.094255 1
33.6627 0.19474 1.10658 0.096436 0
33.6583 0.19 1.08476 0.094255 1
33.709 0.19 1.08476 0.094255 1
33.7597 0.19 1.08476 0.094255 1
33.8104 0.19 1.08476 0.094255 1
33.861 0.19 1.08476 0.094255 1
33.9117 0.19 1.08476 0.094255 1
33.9624 0.19 1.08476 0.094255 1
34.0131 0.19 1.08476 0.094255 1
34.0637 0.19 1.08476 0.094255 1
34.1144 0.19 1.08476 0.094255 1
34.1194 0.145694 1.01694 0.071216 0
34.1651 0.19 1.08476 0.094255 1
34.2158 0.19 1.08476 0.094255 1
34.2664 0.19 1.08476 0.094255 1
34.3171 0.19 1.08476 0.094255 1
34.3678 0.19 1.08476 0.094255 1
34.4185 0.19 1.08476 0.094255 1
34.4691 0.19 1.08476 0.094255 1
34.5198 0.19 1.08476 0.094255 1
34.5705 0.19 1.08476 0.094255 1
34.5805 0.150634 0.961744 0.073738 0
34.6212 0.19 1.08476 0.094255 1
34.6719 0.19 1.08476 0.094255 1
34.7225 0.19 1.08476 0.094255 1
34.7732 0.19 1.08476 0.094255 1
34.8239 0.19 1.08476 0.094255 1
34.8746 0.19 1.08476 0.094255 1
34.9252 0.19 1.08476 0.094255 1
34.9759 0.19 1.08476 0.094255 1
35.0266 0.19 1.08476 0.094255 1
35.0416 0.155343 0.925372 0.07626 0
35.0773 0.19 1.08476 0.094255 1
35.1279 0.19 1.08476 0.094255 1
35.1786 0.19 1.08476 0.094255 1
35.2293 0.19 1.08476 0.094255 1
35.28 0.19 1.08476 0.094255 1
35.3306 0.19 1.08476 0.094255 1
35.3813 0.19 1.08476 0.094255 1
35.432 0.19 1.08476 0.094255 1
35.4827 0.19 1.08476 0.094255 1
35.5027 0.159923 0.910183 0.078782 0
35.5333 0.19 1.08476 0.094255 1
35.584 0.19 1.08476 0.094255 1
35.6347 0.19 1.08476 0.094255 1
35.6854 0.19 1.08476 0.094255 1
35.736 0.19 1.08476 0.094255 1
35.7867 0.19 1.08476 0.094255 1
35.8374 0.19 1.08476 0.094255 1
35.8881 0.19 1.08476 0.094255 1
35.9388 0.19 1.08476 0.094255 1
35.9638 0.164479 0.91515 0.081304 0
35.9894 0.19 1.08476 0.094255 1
36.0401 0.19 1.08476 0.094255 1
36.0908 0.19 1.08476 0.094255 1
36.1415 0.19 1.08476 0.094255 1
36.1921 0.19 1.08476 0.094255 1
36.2428 0.19 1.08476 0.094255 1
36.2935 0.19 1.08476 0.094255 1
36.3442 0.19 1.08476 0.094255 1
36.3948 0.19 1.08476 0.094255 1
36.4248 0.169102 0.936689 0.083826 0
36.4455 0.19 1.08476 0.094255 1
36.4962 0.19 1.08476 0.094255 1
36.5469 0.19 1.08476 0.094255 1
36.5975 0.19 1.08476 0.094255 1
36.6482 0.19 1.08476 0.094255 1
36.6989 0.19 1.08476 0.094255 1
36.7496 0.19 1.08476 0.094255 1
36.8002 0.19 1.08476 0.094255 1
36.8509 0.19 1.08476 0.094255 1
36.8859 0.173865 0.969628 0.086348 0
36.9016 0.19 1.08476 0.094255 1
36.9523 0.19 1.08476 0.094255 1
37.0029 0.19 1.08476 0.094255 1
37.0536 0.19 1.08476 0.094255 1
37.1043 0.19 1.08476 0.094255 1
37.155 0.19 1.08476 0.094255 1
37.2057 0.19 1.08476 0.094255 1
37.2563 0.19 1.08476 0.094255 1
37.307 0.19 1.08476 0.094255 1
37.347 0.178808 1.00818 0.08887 0
37.3577 0.19 1.08476 0.094255 1
37.4084 0.19 1.08476 0.094255 1
37.459 0.19 1.08476 0.094255 1
37.5097 0.19 1.08476 0.094255 1
37.5604 0.19 1.08476 0.094255 1
37.6111 0.19 1.08476 0.094255 1
37.6617 0.19 1.08476 0.094255 1
37.7124 0.19 1.08476 0.094255 1
37.7631 0.19 1.08476 0.094255 1
37.8081 0.183946 1.04679 0.091392 0
37.8138 0.19 1.08476 0.094255 1
37.8644 0.19 1.08476 0.094255 1
37.9151 0.19 1.08476 0.094255 1
37.9658 0.19 1.08476 0.094255 1
38.0165 0.19 1.08476 0.094255 1
38.0671 0.19 1.08476 0.094255 1
38.1178 0.19 1.08476 0.094255 1
38.1685 0.19 1.08476 0.094255 1
38.2192 0.19 1.08476 0.094255 1
38.2692 0.189268 1.08073 0.093914 0
38.2698 0.19 1.08476 0.094255 1
38.3205 0.19 1.08476 0.094255 1
38.3712 0.19 1.08476 0.094255 1
38.4219 0.19 1.08476 0.094255 1
38.4726 0.19 1.08476 0.094255 1
38.5232 0.19 1.08476 0.094255 1
38.5739 0.19 1.08476 0.094255 1
38.6246 0.19 1.08476 0.094255 1
38.6753 0.19 1.08476 0.094255 1
38.7303 0.19474 1.10658 0.096436 0
38.7259 0.19 1.08476 0.094255 1
38.7766 0.19 1.08476 0.094255 1
38.8273 0.19 1.08476 0.094255 1
38.878 0.19 1.08476 0.094255 1
38.9286 0.19 1.08476 0.094255 1
38.9793 0.19 1.08476 0.094255 1
39.03 0.19 1.08476 0.094255 1
39.0807 0.19 1.08476 0.094255 1
39.1313 0.19 1.08476 0.094255 1
39.182 0.19 1.08476 0.094255 1
39.187 0.145694 1.01694 0.071216 0
39.2327 0.19 1.08476 0.094255 1
39.2834 0.19 1.08476 0.094255 1
39.334 0.19 1.08476 0.094255 1
39.3847 0.19 1.08476 0.094255 1
39.4354 0.19 1.08476 0.094255 1
39.4861 0.19 1.08476 0.094255 1
39.5368 0.19 1.08476 0.094255 1
39.5874 0.19 1.08476 0.094255 1
39.6381 0.19 1.08476 0.094255 1
39.6481 0.150634 0.961744 0.073738 0
39.6888 0.19 1.08476 0.094255 1
39.7395 0.19 1.08476 0.094255 1
39.7901 0.19 1.08476 0.094255 1
39.8408 0.19 1.08476 0.094255 1
39.8915 0.19 1.08476 0.094255 1
39.9422 0.19 1.08476 0.094255 1
39.9928 0.19 1.08476 0.094255 1
40.0435 0.19 1.08476 0.094255 1
40.0942 0.19 1.08476 0.094255 1
40.1092 0.155343 0.925372 0.07626 0
40.1449 0.19 1.08476 0.094255 1
40.1955 0.19 1.08476 0.094255 1
40.2462 0.19 1.08476 0.094255 1
40.2969 0.19 1.08476 0.094255 1
40.3476 0.19 1.08476 0.094255 1
40.3982 0.19 1.08476 0.094255 1
40.4489 0.19 1.08476 0.094255 1
40.4996 0.19 1.08476 0.094255 1
40.5503 0.19 1.08476 0.