t x v M dripped?
0 0 0 0.01 0
0.166046 0.19 0.951126 0.0935542 1
0.213061 0.19 1.17392 0.0949669 1
0.266427 0.19 0.984927 0.0939495 1
0.31382 0.19 1.14122 0.0946644 1
0.366257 0.19 1.02451 0.0940428 1
0.415006 0.19 1.12173 0.0944861 1
0.46693 0.19 1.04737 0.0941172 1
0.48193 0.156859 0.87296 0.0770212 0
0.516444 0.19 1.10772 0.094389 1
0.567948 0.19 1.06129 0.0941665 1
0.617933 0.19 1.09844 0.0943343 1
0.669145 0.19 1.06968 0.094199 1
0.719411 0.19 1.09251 0.0943026 1
0.770433 0.19 1.07476 0.0942199 1
0.820869 0.19 1.08878 0.0942838 1
0.871769 0.19 1.07784 0.0942331 1
0.922309 0.19 1.08645 0.0942725 1
0.952309 0.169039 0.93446 0.0837628 0
0.973133 0.19 1.07972 0.0942414 1
1.02373 0.19 1.08501 0.0942656 1
1.07451 0.19 1.08087 0.0942466 1
1.12515 0.19 1.08412 0.0942615 1
1.1759 0.19 1.08158 0.0942498 1
1.22656 0.19 1.08358 0.0942589 1
1.27729 0.19 1.08201 0.0942517 1
1.32797 0.19 1.08324 0.0942574 1
1.37869 0.19 1.08228 0.0942529 1
1.41369 0.173891 0.966539 0.086363 0
1.42937 0.19 1.08303 0.0942564 1
1.48008 0.19 1.08244 0.0942537 1
1.53078 0.19 1.0829 0.0942558 1
1.58148 0.19 1.08254 0.0942541 1
1.63218 0.19 1.08283 0.0942555 1
1.68288 0.19 1.0826 0.0942544 1
1.73358 0.19 1.08278 0.0942552 1
1.78428 0.19 1.08264 0.0942546 1
1.83498 0.19 1.08275 0.0942551 1
1.87498 0.178807 1.0053 0.0888695 0
1.88568 0.19 1.08266 0.0942547 1
1.93638 0.19 1.08273 0.094255 1
1.98708 0.19 1.08268 0.0942548 1
2.03778 0.19 1.08272 0.094255 1
2.08849 0.19 1.08269 0.0942548 1
2.13919 0.19 1.08271 0.0942549 1
2.18989 0.19 1.08269 0.0942548 1
2.24059 0.19 1.08271 0.0942549 1
2.29129 0.19 1.0827 0.0942549 1
2.33629 0.183934 1.04425 0.0913865 0
2.34199 0.19 1.0827 0.0942549 1
2.39269 0.19 1.0827 0.0942549 1
2.44339 0.19 1.0827 0.0942549 1
2.49409 0.19 1.0827 0.0942549 1
2.54479 0.19 1.0827 0.0942549 1
2.59549 0.19 1.0827 0.0942549 1
2.64619 0.19 1.0827 0.0942549 1
2.69689 0.19 1.0827 0.0942549 1
2.74759 0.19 1.0827 0.0942549 1
2.79759 0.189243 1.07849 0.0939024 0
2.79829 0.19 1.0827 0.0942549 1
2.84899 0.19 1.0827 0.0942549 1
2.89969 0.19 1.0827 0.0942549 1
2.95039 0.19 1.0827 0.0942549 1
3.00109 0.19 1.0827 0.0942549 1
3.05179 0.19 1.0827 0.0942549 1
3.10249 0.19 1.0827 0.0942549 1
3.15319 0.19 1.0827 0.0942549 1
3.20389 0.19 1.0827 0.0942549 1
3.25889 0.194705 1.10458 0.0964184 0
3.25459 0.19 1.0827 0.0942549 1
3.3053 0.19 1.0827 0.0942549 1
3.356 0.19 1.0827 0.0942549 1
3.4067 0.19 1.0827 0.0942549 1
3.4574 0.19 1.0827 0.0942549 1
3.5081 0.19 1.0827 0.0942549 1
3.5588 0.19 1.0827 0.0942549 1
3.6095 0.19 1.0827 0.0942549 1
3.6602 0.19 1.0827 0.0942549 1
3.7109 0.19 1.0827 0.0942549 1
3.7159 0.145808 1.01438 0.0712584 0
3.7616 0.19 1.0827 0.0942549 1
3.8123 0.19 1.0827 0.0942549 1
3.863 0.19 1.0827 0.0942549 1
3.9137 0.19 1.0827 0.0942549 1
3.9644 0.19 1.0827 0.0942549 1
4.0151 0.19 1.0827 0.0942549 1
4.0658 0.19 1.0827 0.0942549 1
4.1165 0.19 1.0827 0.0942549 1
4.1672 0.19 1.0827 0.0942549 1
4.1772 0.150734 0.958741 0.0737744 0
4.2179 0.19 1.0827 0.0942549 1
4.2686 0.19 1.0827 0.0942549 1
4.3193 0.19 1.0827 0.0942549 1
4.37 0.19 1.0827 0.0942549 1
4.4207 0.19 1.0827 0.0942549 1
4.4714 0.19 1.0827 0.0942549 1
4.52211 0.19 1.0827 0.0942549 1
4.57281 0.19 1.0827 0.0942549 1
4.62351 0.19 1.0827 0.0942549 1
4.63851 0.155427 0.922047 0.0762904 0
4.67421 0.19 1.0827 0.0942549 1
4.72491 0.19 1.0827 0.0942549 1
4.77561 0.19 1.0827 0.0942549 1
4.82631 0.19 1.0827 0.0942549 1
4.87701 0.19 1.0827 0.0942549 1
4.92771 0.19 1.0827 0.0942549 1
4.97841 0.19 1.0827 0.0942549 1
5.02911 0.19 1.0827 0.0942549 1
5.07981 0.19 1.0827 0.0942549 1
5.09981 0.15999 0.906685 0.0788064 0
5.13051 0.19 1.0827 0.0942549 1
5.18121 0.19 1.0827 0.0942549 1
5.23191 0.19 1.0827 0.0942549 1
5.28261 0.19 1.0827 0.0942549 1
5.33331 0.19 1.0827 0.0942549 1
5.38401 0.19 1.0827 0.0942549 1
5.43471 0.19 1.0827 0.0942549 1
5.48541 0.19 1.0827 0.0942549 1
5.53611 0.19 1.0827 0.0942549 1
5.56111 0.164528 0.911637 0.0813224 0
5.58681 0.19 1.0827 0.0942549 1
5.63751 0.19 1.0827 0.0942549 1
5.68821 0.19 1.0827 0.0942549 1
5.73892 0.19 1.0827 0.0942549 1
5.78962 0.19 1.0827 0.0942549 1
5.84032 0.19 1.0827 0.0942549 1
5.89102 0.19 1.0827 0.0942549 1
5.94172 0.19 1.0827 0.0942549 1
5.99242 0.19 1.0827 0.0942549 1
6.02242 0.169134 0.9333 0.0838384 0
6.04312 0.19 1.0827 0.0942549 1
6.09382 0.19 1.0827 0.0942549 1
6.14452 0.19 1.0827 0.0942549 1
6.19522 0.19 1.0827 0.0942549 1
6.24592 0.19 1.0827 0.0942549 1
6.29662 0.19 1.0827 0.0942549 1
6.34732 0.19 1.0827 0.0942549 1
6.39802 0.19 1.0827 0.0942549 1
6.44872 0.19 1.0827 0.0942549 1
6.48372 0.17388 0.966473 0.0863544 0
6.49942 0.19 1.0827 0.0942549 1
6.55012 0.19 1.0827 0.0942549 1
6.60082 0.19 1.0827 0.0942549 1
6.65152 0.19 1.0827 0.0942549 1
6.70222 0.19 1.0827 0.0942549 1
6.75292 0.19 1.0827 0.0942549 1
6.80362 0.19 1.0827 0.0942549 1
6.85432 0.19 1.0827 0.0942549 1
6.90502 0.19 1.0827 0.0942549 1
6.94502 0.178808 1.00533 0.0888704 0
6.95573 0.19 1.0827 0.0942549 1
7.00643 0.19 1.0827 0.0942549 1
7.05713 0.19 1.0827 0.0942549 1
7.10783 0.19 1.0827 0.0942549 1
7.15853 0.19 1.0827 0.0942549 1
7.20923 0.19 1.0827 0.0942549 1
7.25993 0.19 1.0827 0.0942549 1
7.31063 0.19 1.0827 0.0942549 1
7.36133 0.19 1.0827 0.0942549 1
7.40633 0.183933 1.04425 0.0913864 0
7.41203 0.19 1.0827 0.0942549 1
7.46273 0.19 1.0827 0.0942549 1
7.51343 0.19 1.0827 0.0942549 1
7.56413 0.19 1.0827 0.0942549 1
7.61483 0.19 1.0827 0.0942549 1
7.66553 0.19 1.0827 0.0942549 1
7.71623 0.19 1.0827 0.0942549 1
7.76693 0.19 1.0827 0.0942549 1
7.81763 0.19 1.0827 0.0942549 1
7.86763 0.189243 1.07849 0.0939024 0
7.86833 0.19 1.0827 0.0942549 1
7.91903 0.19 1.0827 0.0942549 1
7.96973 0.19 1.0827 0.0942549 1
8.02043 0.19 1.0827 0.0942549 1
8.07113 0.19 1.0827 0.0942549 1
8.12183 0.19 1.0827 0.0942549 1
8.17254 0.19 1.0827 0.0942549 1
8.22324 0.19 1.0827 0.0942549 1
8.27394 0.19 1.0827 0.0942549 1
8.32894 0.194705 1.10458 0.0964184 0
8.32464 0.19 1.0827 0.0942549 1
8.37534 0.19 1.0827 0.0942549 1
8.42604 0.19 1.0827 0.0942549 1
8.47674 0.19 1.0827 0.0942549 1
8.52744 0.19 1.0827 0.0942549 1
8.57814 0.19 1.0827 0.0942549 1
8.62884 0.19 1.0827 0.0942549 1
8.67954 0.19 1.0827 0.0942549 1
8.73024 0.19 1.0827 0.0942549 1
8.78094 0.19 1.0827 0.0942549 1
8.78594 0.145808 1.01438 0.0712584 0
8.83164 0.19 1.0827 0.0942549 1
8.88234 0.19 1.0827 0.0942549 1
8.93304 0.19 1.0827 0.0942549 1
8.98374 0.19 1.0827 0.0942549 1
9.03444 0.19 1.0827 0.0942549 1
9.08514 0.19 1.0827 0.0942549 1
9.13584 0.19 1.0827 0.0942549 1
9.18654 0.19 1.0827 0.0942549 1
9.23724 0.19 1.0827 0.0942549 1
9.24724 0.150734 0.958741 0.0737744 0
9.28794 0.19 1.0827 0.0942549 1
9.33864 0.19 1.0827 0.0942549 1
9.38935 0.19 1.0827 0.0942549 1
9.44005 0.19 1.0827 0.0942549 1
9.49075 0.19 1.0827 0.0942549 1
9.54145 0.19 1.0827 0.0942549 1
9.59215 0.19 1.0827 0.0942549 1
9.64285 0.19 1.0827 0.0942549 1
9.69355 0.19 1.0827 0.0942549 1
9.70855 0.155427 0.922047 0.0762904 0
9.74425 0.19 1.0827 0.0942549 1
9.79495 0.19 1.0827 0.0942549 1
9.84565 0.19 1.0827 0.0942549 1
9.89635 0.19 1.0827 0.0942549 1
9.94705 0.19 1.0827 0.0942549 1
9.99775 0.19 1.0827 0.0942549 1
10.0485 0.19 1.0827 0.0942549 1
10.0992 0.19 1.0827 0.0942549 1
10.1499 0.19 1.0827 0.0942549 1
10.1699 0.15999 0.906685 0.0788064 0
10.2006 0.19 1.0827 0.0942549 1
10.2513 0.19 1.0827 0.0942549 1
10.302 0.19 1.0827 0.0942549 1
10.3527 0.19 1.0827 0.0942549 1
10.4034 0.19 1.0827 0.0942549 1
10.4541 0.19 1.0827 0.0942549 1
10.5048 0.19 1.0827 0.0942549 1
10.5555 0.19 1.0827 0.0942549 1
10.6062 0.19 1.0827 0.0942549 1
10.6312 0.164528 0.911637 0.0813224 0
10.6569 0.19 1.0827 0.0942549 1
10.7076 0.19 1.0827 0.0942549 1
10.7583 0.19 1.0827 0.0942549 1
10.809 0.19 1.0827 0.0942549 1
10.8597 0.19 1.0827 0.0942549 1
10.9104 0.19 1.0827 0.0942549 1
10.9611 0.19 1.0827 0.0942549 1
11.0118 0.19 1.0827 0.0942549 1
11.0625 0.19 1.0827 0.0942549 1
11.0925 0.169134 0.9333 0.0838384 0
11.1132 0.19 1.0827 0.0942549 1
11.1639 0.19 1.0827 0.0942549 1
11.2146 0.19 1.0827 0.0942549 1
11.2653 0.19 1.0827 0.0942549 1
11.316 0.19 1.0827 0.0942549 1
11.3667 0.19 1.0827 0.0942549 1
11.4174 0.19 1.0827 0.0942549 1
11.4681 0.19 1.0827 0.0942549 1
11.5188 0.19 1.0827 0.0942549 1
11.5538 0.17388 0.966473 0.0863544 0
11.5695 0.19 1.0827 0.0942549 1
11.6202 0.19 1.0827 0.0942549 1
11.6709 0.19 1.0827 0.0942549 1
11.7216 0.19 1.0827 0.0942549 1
11.7723 0.19 1.0827 0.0942549 1
11.823 0.19 1.0827 0.0942549 1
11.8737 0.19 1.0827 0.0942549 1
11.9244 0.19 1.0827 0.0942549 1
11.9751 0.19 1.0827 0.0942549 1
12.0151 0.178808 1.00533 0.0888704 0
12.0258 0.19 1.0827 0.0942549 1
12.0765 0.19 1.0827 0.0942549 1
12.1272 0.19 1.0827 0.0942549 1
12.1779 0.19 1.0827 0.0942549 1
12.2286 0.19 1.0827 0.0942549 1
12.2793 0.19 1.0827 0.0942549 1
12.33 0.19 1.0827 0.0942549 1
12.3807 0.19 1.0827 0.0942549 1
12.4314 0.19 1.0827 0.0942549 1
12.4764 0.183933 1.04425 0.0913864 0
12.4821 0.19 1.0827 0.0942549 1
12.5328 0.19 1.0827 0.0942549 1
12.5835 0.19 1.0827 0.0942549 1
12.6342 0.19 1.0827 0.0942549 1
12.6849 0.19 1.0827 0.0942549 1
12.7356 0.19 1.0827 0.0942549 1
12.7863 0.19 1.0827 0.0942549 1
12.837 0.19 1.0827 0.0942549 1
12.8877 0.19 1.0827 0.0942549 1
12.9377 0.189243 1.07849 0.0939024 0
12.9384 0.19 1.0827 0.0942549 1
12.9891 0.19 1.0827 0.0942549 1
13.0398 0.19 1.0827 0.0942549 1
13.0905 0.19 1.0827 0.0942549 1
13.1412 0.19 1.0827 0.0942549 1
13.1919 0.19 1.0827 0.0942549 1
13.2426 0.19 1.0827 0.0942549 1
13.2933 0.19 1.0827 0.0942549 1
13.344 0.19 1.0827 0.0942549 1
13.399 0.194705 1.10458 0.0964184 0
13.3947 0.19 1.0827 0.0942549 1
13.4454 0.19 1.0827 0.0942549 1
13.4961 0.19 1.0827 0.0942549 1
13.5468 0.19 1.0827 0.0942549 1
13.5975 0.19 1.0827 0.0942549 1
13.6482 0.19 1.0827 0.0942549 1
13.6989 0.19 1.0827 0.0942549 1
13.7496 0.19 1.0827 0.0942549 1
13.8003 0.19 1.0827 0.0942549 1
13.851 0.19 1.0827 0.0942549 1
13.856 0.145808 1.01438 0.0712584 0
13.9017 0.19 1.0827 0.0942549 1
13.9524 0.19 1.0827 0.0942549 1
14.0031 0.19 1.0827 0.0942549 1
14.0538 0.19 1.0827 0.0942549 1
14.1045 0.19 1.0827 0.0942549 1
14.1552 0.19 1.0827 0.0942549 1
14.2059 0.19 1.0827 0.0942549 1
14.2566 0.19 1.0827 0.0942549 1
14.3073 0.19 1.0827 0.0942549 1
14.3173 0.150734 0.958741 0.0737744 0
14.358 0.19 1.0827 0.0942549 1
14.4087 0.19 1.0827 0.0942549 1
14.4594 0.19 1.0827 0.0942549 1
14.5101 0.19 1.0827 0.0942549 1
14.5608 0.19 1.0827 0.0942549 1
14.6115 0.19 1.0827 0.0942549 1
14.6622 0.19 1.0827 0.0942549 1
14.7129 0.19 1.0827 0.0942549 1
14.7636 0.19 1.0827 0.0942549 1
14.7786 0.155427 0.922047 0.0762904 0
14.8143 0.19 1.0827 0.0942549 1
14.865 0.19 1.0827 0.0942549 1
14.9157 0.19 1.0827 0.0942549 1
14.9664 0.19 1.0827 0.0942549 1
15.0171 0.19 1.0827 0.0942549 1
15.0678 0.19 1.0827 0.0942549 1
15.1185 0.19 1.0827 0.0942549 1
15.1692 0.19 1.0827 0.0942549 1
15.2199 0.19 1.0827 0.0942549 1
15.2399 0.15999 0.906685 0.0788064 0
15.2706 0.19 1.0827 0.0942549 1
15.3213 0.19 1.0827 0.0942549 1
15.372 0.19 1.0827 0.0942549 1
15.4227 0.19 1.0827 0.0942549 1
15.4734 0.19 1.0827 0.0942549 1
15.5241 0.19 1.0827 0.0942549 1
15.5748 0.19 1.0827 0.0942549 1
15.6255 0.19 1.0827 0.0942549 1
15.6762 0.19 1.0827 0.0942549 1
15.7012 0.164528 0.911637 0.0813224 0
15.7269 0.19 1.0827 0.0942549 1
15.7776 0.19 1.0827 0.0942549 1
15.8283 0.19 1.0827 0.0942549 1
15.879 0.19 1.0827 0.0942549 1
15.9297 0.19 1.0827 0.0942549 1
15.9804 0.19 1.0827 0.0942549 1
16.0311 0.19 1.0827 0.0942549 1
16.0818 0.19 1.0827 0.0942549 1
16.1325 0.19 1.0827 0.0942549 1
16.1625 0.169134 0.9333 0.0838384 0
16.1832 0.19 1.0827 0.0942549 1
16.2339 0.19 1.0827 0.0942549 1
16.2846 0.19 1.0827 0.0942549 1
16.3353 0.19 1.0827 0.0942549 1
16.386 0.19 1.0827 0.0942549 1
16.4367 0.19 1.0827 0.0942549 1
16.4874 0.19 1.0827 0.0942549 1
16.5381 0.19 1.0827 0.0942549 1
16.5888 0.19 1.0827 0.0942549 1
16.6238 0.17388 0.966473 0.0863544 0
16.6395 0.19 1.0827 0.0942549 1
16.6902 0.19 1.0827 0.0942549 1
16.7409 0.19 1.0827 0.0942549 1
16.7916 0.19 1.0827 0.0942549 1
16.8423 0.19 1.0827 0.0942549 1
16.893 0.19 1.0827 0.0942549 1
16.9437 0.19 1.0827 0.0942549 1
16.9944 0.19 1.0827 0.0942549 1
17.0451 0.19 1.0827 0.0942549 1
17.0851 0.178808 1.00533 0.0888704 0
17.0958 0.19 1.0827 0.0942549 1
17.1465 0.19 1.0827 0.0942549 1
17.1972 0.19 1.0827 0.0942549 1
17.2479 0.19 1.0827 0.0942549 1
17.2986 0.19 1.0827 0.0942549 1
17.3493 0.19 1.0827 0.0942549 1
17.4 0.19 1.0827 0.0942549 1
17.4507 0.19 1.0827 0.0942549 1
17.5014 0.19 1.0827 0.0942549 1
17.5464 0.183933 1.04425 0.0913864 0
17.5521 0.19 1.0827 0.0942549 1
17.6028 0.19 1.0827 0.0942549 1
17.6535 0.19 1.0827 0.0942549 1
17.7042 0.19 1.0827 0.0942549 1
17.7549 0.19 1.0827 0.0942549 1
17.8056 0.19 1.0827 0.0942549 1
17.8563 0.19 1.0827 0.0942549 1
17.907 0.19 1.0827 0.0942549 1
17.9577 0.19 1.0827 0.0942549 1
18.0077 0.189243 1.07849 0.0939024 0
18.0084 0.19 1.0827 0.0942549 1
18.0591 0.19 1.0827 0.0942549 1
18.1098 0.19 1.0827 0.0942549 1
18.1605 0.19 1.0827 0.0942549 1
18.2112 0.19 1.0827 0.0942549 1
18.2619 0.19 1.0827 0.0942549 1
18.3126 0.19 1.0827 0.0942549 1
18.3633 0.19 1.0827 0.0942549 1
18.414 0.19 1.0827 0.0942549 1
18.469 0.194705 1.10458 0.0964184 0
18.4647 0.19 1.0827 0.0942549 1
18.5154 0.19 1.0827 0.0942549 1
18.5661 0.19 1.0827 0.0942549 1
18.6168 0.19 1.0827 0.0942549 1
18.6675 0.19 1.0827 0.0942549 1
18.7182 0.19 1.0827 0.0942549 1
18.7689 0.19 1.0827 0.0942549 1
18.8196 0.19 1.0827 0.0942549 1
18.8703 0.19 1.0827 0.0942549 1
18.921 0.19 1.0827 0.0942549 1
18.926 0.145808 1.01438 0.0712584 0
18.9717 0.19 1.0827 0.0942549 1
19.0224 0.19 1.0827 0.0942549 1
19.0731 0.19 1.0827 0.0942549 1
19.1238 0.19 1.0827 0.0942549 1
19.1745 0.19 1.0827 0.0942549 1
19.2252 0.19 1.0827 0.0942549 1
19.2759 0.19 1.0827 0.0942549 1
19.3266 0.19 1.0827 0.0942549 1
19.3773 0.19 1.0827 0.0942549 1
19.3873 0.150734 0.958741 0.0737744 0
19.428 0.19 1.0827 0.0942549 1
19.4787 0.19 1.0827 0.0942549 1
19.5294 0.19 1.0827 0.0942549 1
19.5801 0.19 1.0827 0.0942549 1
19.6308 0.19 1.0827 0.0942549 1
19.6815 0.19 1.0827 0.0942549 1
19.7322 0.19 1.0827 0.0942549 1
19.7829 0.19 1.0827 0.0942549 1
19.8336 0.19 1.0827 0.0942549 1
19.8486 0.155427 0.922047 0.0762904 0
19.8843 0.19 1.0827 0.0942549 1
19.935 0.19 1.0827 0.0942549 1
19.9857 0.19 1.0827 0.0942549 1
20.0364 0.19 1.0827 0.0942549 1
20.0871 0.19 1.0827 0.0942549 1
20.1378 0.19 1.0827 0.0942549 1
20.1885 0.19 1.0827 0.0942549 1
20.2392 0.19 1.0827 0.0942549 1
20.2899 0.19 1.0827 0.0942549 1
20.3099 0.15999 0.906685 0.0788064 0
20.3406 0.19 1.0827 0.0942549 1
20.3913 0.19 1.0827 0.0942549 1
20.442 0.19 1.0827 0.0942549 1
20.4927 0.19 1.0827 0.0942549 1
20.5434 0.19 1.0827 0.0942549 1
20.5941 0.19 1.0827 0.0942549 1
20.6448 0.19 1.0827 0.0942549 1
20.6955 0.19 1.0827 0.0942549 1
20.7462 0.19 1.0827 0.0942549 1
20.7712 0.164528 0.911637 0.0813224 0
20.7969 0.19 1.0827 0.0942549 1
20.8476 0.19 1.0827 0.0942549 1
20.8983 0.19 1.0827 0.0942549 1
20.949 0.19 1.0827 0.0942549 1
20.9997 0.19 1.0827 0.0942549 1
21.0504 0.19 1.0827 0.0942549 1
21.1011 0.19 1.0827 0.0942549 1
21.1518 0.19 1.0827 0.0942549 1
21.2025 0.19 1.0827 0.0942549 1
21.2325 0.169134 0.9333 0.0838384 0
21.2532 0.19 1.0827 0.0942549 1
21.3039 0.19 1.0827 0.0942549 1
21.3546 0.19 1.0827 0.0942549 1
21.4053 0.19 1.0827 0.0942549 1
21.456 0.19 1.0827 0.0942549 1
21.5067 0.19 1.0827 0.0942549 1
21.5574 0.19 1.0827 0.0942549 1
21.6081 0.19 1.0827 0.0942549 1
21.6588 0.19 1.0827 0.0942549 1
21.6938 0.17388 0.966473 0.0863544 0
21.7095 0.19 1.0827 0.0942549 1
21.7602 0.19 1.0827 0.0942549 1
21.8109 0.19 1.0827 0.0942549 1
21.8616 0.19 1.0827 0.0942549 1
21.9123 0.19 1.0827 0.0942549 1
21.963 0.19 1.0827 0.0942549 1
22.0137 0.19 1.0827 0.0942549 1
22.0644 0.19 1.0827 0.0942549 1
22.1151 0.19 1.0827 0.0942549 1
22.1551 0.178808 1.00533 0.0888704 0
22.1659 0.19 1.0827 0.0942549 1
22.2166 0.19 1.0827 0.0942549 1
22.2673 0.19 1.0827 0.0942549 1
22.318 0.19 1.0827 0.0942549 1
22.3687 0.19 1.0827 0.0942549 1
22.4194 0.19 1.0827 0.0942549 1
22.4701 0.19 1.0827 0.0942549 1
22.5208 0.19 1.0827 0.0942549 1
22.5715 0.19 1.0827 0.0942549 1
22.6165 0.183933 1.04425 0.0913864 0
22.6222 0.19 1.0827 0.0942549 1
22.6729 0.19 1.0827 0.0942549 1
22.7236 0.19 1.0827 0.0942549 1
22.7743 0.19 1.0827 0.0942549 1
22.825 0.19 1.0827 0.0942549 1
22.8757 0.19 1.0827 0.0942549 1
22.9264 0.19 1.0827 0.0942549 1
22.9771 0.19 1.0827 0.0942549 1
23.0278 0.19 1.0827 0.0942549 1
23.0778 0.189243 1.07849 0.0939024 0
23.0785 0.19 1.0827 0.0942549 1
23.1292 0.19 1.0827 0.0942549 1
23.1799 0.19 1.0827 0.0942549 1
23.2306 0.19 1.0827 0.0942549 1
23.2813 0.19 1.0827 0.0942549 1
23.332 0.19 1.0827 0.0942549 1
23.3827 0.19 1.0827 0.0942549 1
23.4334 0.19 1.0827 0.0942549 1
23.4841 0.19 1.0827 0.0942549 1
23.5391 0.194705 1.10458 0.0964184 0
23.5348 0.19 1.0827 0.0942549 1
23.5855 0.19 1.0827 0.0942549 1
23.6362 0.19 1.0827 0.0942549 1
23.6869 0.19 1.0827 0.0942549 1
23.7376 0.19 1.0827 0.0942549 1
23.7883 0.19 1.0827 0.0942549 1
23.839 0.19 1.0827 0.0942549 1
23.8897 0.19 1.0827 0.0942549 1
23.9404 0.19 1.0827 0.0942549 1
23.9911 0.19 1.0827 0.0942549 1
23.9961 0.145808 1.01438 0.0712584 0
24.0418 0.19 1.0827 0.0942549 1
24.0925 0.19 1.0827 0.0942549 1
24.1432 0.19 1.0827 0.0942549 1
24.1939 0.19 1.0827 0.0942549 1
24.2446 0.19 1.0827 0.0942549 1
24.2953 0.19 1.0827 0.0942549 1
24.346 0.19 1.0827 0.0942549 1
24.3967 0.19 1.0827 0.0942549 1
24.4474 0.19 1.0827 0.0942549 1
24.4574 0.150734 0.958741 0.0737744 0
24.4981 0.19 1.0827 0.0942549 1
24.5488 0.19 1.0827 0.0942549 1
24.5995 0.19 1.0827 0.0942549 1
24.6502 0.19 1.0827 0.0942549 1
24.7009 0.19 1.0827 0.0942549 1
24.7516 0.19 1.0827 0.0942549 1
24.8023 0.19 1.0827 0.0942549 1
24.853 0.19 1.0827 0.0942549 1
24.9037 0.19 1.0827 0.0942549 1
24.9187 0.155427 0.922047 0.0762904 0
24.9544 0.19 1.0827 0.0942549 1
25.0051 0.19 1.0827 0.0942549 1
25.0558 0.19 1.0827 0.0942549 1
25.1065 0.19 1.0827 0.0942549 1
25.1572 0.19 1.0827 0.0942549 1
25.2079 0.19 1.0827 0.0942549 1
25.2586 0.19 1.0827 0.0942549 1
25.3093 0.19 1.0827 0.0942549 1
25.36 0.19 1.0827 0.0942549 1
25.38 0.15999 0.906685 0.0788064 0
25.4107 0.19 1.0827 0.0942549 1
25.4614 0.19 1.0827 0.0942549 1
25.5121 0.19 1.0827 0.0942549 1
25.5628 0.19 1.0827 0.0942549 1
25.6135 0.19 1.0827 0.0942549 1
25.6642 0.19 1.0827 0.0942549 1
25.7149 0.19 1.0827 0.0942549 1
25.7656 0.19 1.0827 0.0942549 1
25.8163 0.19 1.0827 0.0942549 1
25.8413 0.164528 0.911637 0.0813224 0
25.867 0.19 1.0827 0.0942549 1
25.9177 0.19 1.0827 0.0942549 1
25.9684 0.19 1.0827 0.0942549 1
26.0191 0.19 1.0827 0.0942549 1
26.0698 0.19 1.0827 0.0942549 1
26.1205 0.19 1.0827 0.0942549 1
26.1712 0.19 1.0827 0.0942549 1
26.2219 0.19 1.0827 0.0942549 1
26.2726 0.19 1.0827 0.0942549 1
26.3026 0.169134 0.9333 0.0838384 0
26.3233 0.19 1.0827 0.0942549 1
26.374 0.19 1.0827 0.0942549 1
26.4247 0.19 1.0827 0.0942549 1
26.4754 0.19 1.0827 0.0942549 1
26.5261 0.19 1.0827 0.0942549 1
26.5768 0.19 1.0827 0.0942549 1
26.6275 0.19 1.0827 0.0942549 1
26.6782 0.19 1.0827 0.0942549 1
26.7289 0.19 1.0827 0.0942549 1
26.7639 0.17388 0.966473 0.0863544 0
26.7796 0.19 1.0827 0.0942549 1
26.8303 0.19 1.0827 0.0942549 1
26.881 0.19 1.0827 0.0942549 1
26.9317 0.19 1.0827 0.0942549 1
26.9824 0.19 1.0827 0.0942549 1
27.0331 0.19 1.0827 0.0942549 1
27.0838 0.19 1.0827 0.0942549 1
27.1345 0.19 1.0827 0.0942549 1
27.1852 0.19 1.0827 0.0942549 1
27.2252 0.178808 1.00533 0.0888704 0
27.2359 0.19 1.0827 0.0942549 1
27.2866 0.19 1.0827 0.0942549 1
27.3373 0.19 1.0827 0.0942549 1
27.388 0.19 1.0827 0.0942549 1
27.4387 0.19 1.0827 0.0942549 1
27.4894 0.19 1.0827 0.0942549 1
27.5401 0.19 1.0827 0.0942549 1
27.5908 0.19 1.0827 0.0942549 1
27.6415 0.19 1.0827 0.0942549 1
27.6865 0.183933 1.04425 0.0913864 0
27.6922 0.19 1.0827 0.0942549 1
27.7429 0.19 1.0827 0.0942549 1
27.7936 0.19 1.0827 0.0942549 1
27.8443 0.19 1.0827 0.0942549 1
27.895 0.19 1.0827 0.0942549 1
27.9457 0.19 1.0827 0.0942549 1
27.9964 0.19 1.0827 0.0942549 1
28.0471 0.19 1.0827 0.0942549 1
28.0978 0.19 1.0827 0.0942549 1
28.1478 0.189243 1.07849 0.0939024 0
28.1485 0.19 1.0827 0.0942549 1
28.1992 0.19 1.0827 0.0942549 1
28.2499 0.19 1.0827 0.0942549 1
28.3006 0.19 1.0827 0.0942549 1
28.3513 0.19 1.0827 0.0942549 1
28.402 0.19 1.0827 0.0942549 1
28.4527 0.19 1.0827 0.0942549 1
28.5034 0.19 1.0827 0.0942549 1
28.5541 0.19 1.0827 0.0942549 1
28.6091 0.194705 1.10458 0.0964184 0
28.6048 0.19 1.0827 0.0942549 1
28.6555 0.19 1.0827 0.0942549 1
28.7062 0.19 1.0827 0.0942549 1
28.7569 0.19 1.0827 0.0942549 1
28.8076 0.19 1.0827 0.0942549 1
28.8583 0.19 1.0827 0.0942549 1
28.909 0.19 1.0827 0.0942549 1
28.9597 0.19 1.0827 0.0942549 1
29.0104 0.19 1.0827 0.0942549 1
29.0611 0.19 1.0827 0.0942549 1
29.0661 0.145808 1.01438 0.0712584 0
29.1118 0.19 1.0827 0.0942549 1
29.1625 0.19 1.0827 0.0942549 1
29.2132 0.19 1.0827 0.0942549 1
29.2639 0.19 1.0827 0.0942549 1
29.3146 0.19 1.0827 0.0942549 1
29.3653 0.19 1.0827 0.0942549 1
29.416 0.19 1.0827 0.0942549 1
29.4667 0.19 1.0827 0.0942549 1
29.5174 0.19 1.0827 0.0942549 1
29.5274 0.150734 0.958741 0.0737744 0
29.5681 0.19 1.0827 0.0942549 1
29.6188 0.19 1.0827 0.0942549 1
29.6695 0.19 1.0827 0.0942549 1
29.7202 0.19 1.0827 0.0942549 1
29.7709 0.19 1.0827 0.0942549 1
29.8216 0.19 1.0827 0.0942549 1
29.8723 0.19 1.0827 0.0942549 1
29.923 0.19 1.0827 0.0942549 1
29.9737 0.19 1.0827 0.0942549 1
29.9887 0.155427 0.922047 0.0762904 0
30.0244 0.19 1.0827 0.0942549 1
30.0751 0.19 1.0827 0.0942549 1
30.1258 0.19 1.0827 0.0942549 1
30.1765 0.19 1.0827 0.0942549 1
30.2272 0.19 1.0827 0.0942549 1
30.2779 0.19 1.0827 0.0942549 1
30.3286 0.19 1.0827 0.0942549 1
30.3793 0.19 1.0827 0.0942549 1
30.43 0.19 1.0827 0.0942549 1
30.45 0.15999 0.906685 0.0788064 0
30.4807 0.19 1.0827 0.0942549 1
30.5314 0.19 1.0827 0.0942549 1
30.5821 0.19 1.0827 0.0942549 1
30.6328 0.19 1.0827 0.0942549 1
30.6835 0.19 1.0827 0.0942549 1
30.7342 0.19 1.0827 0.0942549 1
30.7849 0.19 1.0827 0.0942549 1
30.8356 0.19 1.0827 0.0942549 1
30.8863 0.19 1.0827 0.0942549 1
30.9113 0.164528 0.911637 0.0813224 0
30.937 0.19 1.0827 0.0942549 1
30.9877 0.19 1.0827 0.0942549 1
31.0384 0.19 1.0827 0.0942549 1
31.0891 0.19 1.0827 0.0942549 1
31.1398 0.19 1.0827 0.0942549 1
31.1905 0.19 1.0827 0.0942549 1
31.2412 0.19 1.0827 0.0942549 1
31.2919 0.19 1.0827 0.0942549 1
31.3426 0.19 1.0827 0.0942549 1
31.3726 0.169134 0.9333 0.0838384 0
31.3933 0.19 1.0827 0.0942549 1
31.444 0.19 1.0827 0.0942549 1
31.4947 0.19 1.0827 0.0942549 1
31.5454 0.19 1.0827 0.0942549 1
31.5961 0.19 1.0827 0.0942549 1
31.6468 0.19 1.0827 0.0942549 1
31.6975 0.19 1.0827 0.0942549 1
31.7482 0.19 1.0827 0.0942549 1
31.7989 0.19 1.0827 0.0942549 1
31.8339 0.17388 0.966473 0.0863544 0
31.8496 0.19 1.0827 0.0942549 1
31.9003 0.19 1.0827 0.0942549 1
31.951 0.19 1.0827 0.0942549 1
32.0017 0.19 1.0827 0.0942549 1
32.0524 0.19 1.0827 0.0942549 1
32.1031 0.19 1.0827 0.0942549 1
32.1538 0.19 1.0827 0.0942549 1
32.2045 0.19 1.0827 0.0942549 1
32.2552 0.19 1.0827 0.0942549 1
32.2952 0.178808 1.00533 0.0888704 0
32.3059 0.19 1.0827 0.0942549 1
32.3566 0.19 1.0827 0.0942549 1
32.4073 0.19 1.0827 0.0942549 1
32.458 0.19 1.0827 0.0942549 1
32.5087 0.19 1.0827 0.0942549 1
32.5594 0.19 1.0827 0.0942549 1
32.6101 0.19 1.0827 0.0942549 1
32.6608 0.19 1.0827 0.0942549 1
32.7115 0.19 1.0827 0.0942549 1
32.7565 0.183933 1.04425 0.0913864 0
32.7622 0.19 1.0827 0.0942549 1
32.8129 0.19 1.0827 0.0942549 1
32.8636 0.19 1.0827 0.0942549 1
32.9143 0.19 1.0827 0.0942549 1
32.965 0.19 1.0827 0.0942549 1
33.0157 0.19 1.0827 0.0942549 1
33.0664 0.19 1.0827 0.0942549 1
33.1171 0.19 1.0827 0.0942549 1
33.1678 0.19 1.0827 0.0942549 1
33.2178 0.189243 1.07849 0.0939024 0
33.2185 0.19 1.0827 0.0942549 1
33.2692 0.19 1.0827 0.0942549 1
33.3199 0.19 1.0827 0.0942549 1
33.3706 0.19 1.0827 0.0942549 1
33.4213 0.19 1.0827 0.0942549 1
33.472 0.19 1.0827 0.0942549 1
33.5227 0.19 1.0827 0.0942549 1
33.5734 0.19 1.0827 0.0942549 1
33.6241 0.19 1.0827 0.0942549 1
33.6791 0.194705 1.10458 0.0964184 0
33.6748 0.19 1.0827 0.0942549 1
33.7255 0.19 1.0827 0.0942549 1
33.7762 0.19 1.0827 0.0942549 1
33.8269 0.19 1.0827 0.0942549 1
33.8776 0.19 1.0827 0.0942549 1
33.9283 0.19 1.0827 0.0942549 1
33.979 0.19 1.0827 0.0942549 1
34.0297 0.19 1.0827 0.0942549 1
34.0804 0.19 1.0827 0.0942549 1
34.1311 0.19 1.0827 0.0942549 1
34.1361 0.145808 1.01438 0.0712584 0
34.1818 0.19 1.0827 0.0942549 1
34.2325 0.19 1.0827 0.0942549 1
34.2832 0.19 1.0827 0.0942549 1
34.334 0.19 1.0827 0.0942549 1
34.3847 0.19 1.0827 0.0942549 1
34.4354 0.19 1.0827 0.0942549 1
34.4861 0.19 1.0827 0.0942549 1
34.5368 0.19 1.0827 0.0942549 1
34.5875 0.19 1.0827 0.0942549 1
34.5975 0.150734 0.958741 0.0737744 0
34.6382 0.19 1.0827 0.0942549 1
34.6889 0.19 1.0827 0.0942549 1
34.7396 0.19 1.0827 0.0942549 1
34.7903 0.19 1.0827 0.0942549 1
34.841 0.19 1.0827 0.0942549 1
34.8917 0.19 1.0827 0.0942549 1
34.9424 0.19 1.0827 0.0942549 1
34.9931 0.19 1.0827 0.0942549 1
35.0438 0.19 1.0827 0.0942549 1
35.0588 0.155427 0.922047 0.0762904 0
35.0945 0.19 1.0827 0.0942549 1
35.1452 0.19 1.0827 0.0942549 1
35.1959 0.19 1.0827 0.0942549 1
35.2466 0.19 1.0827 0.0942549 1
35.2973 0.19 1.0827 0.0942549 1
35.348 0.19 1.0827 0.0942549 1
35.3987 0.19 1.0827 0.0942549 1
35.4494 0.19 1.0827 0.0942549 1
35.5001 0.19 1.0827 0.0942549 1
35.5201 0.15999 0.906685 0.0788064 0
35.5508 0.19 1.0827 0.0942549 1
35.6015 0.19 1.0827 0.0942549 1
35.6522 0.19 1.0827 0.0942549 1
35.7029 0.19 1.0827 0.0942549 1
35.7536 0.19 1.0827 0.0942549 1
35.8043 0.19 1.0827 0.0942549 1
35.855 0.19 1.0827 0.0942549 1
35.9057 0.19 1.0827 0.0942549 1
35.9564 0.19 1.0827 0.0942549 1
35.9814 0.164528 0.911637 0.0813224 0
36.0071 0.19 1.0827 0.0942549 1
36.0578 0.19 1.0827 0.0942549 1
36.1085 0.19 1.0827 0.0942549 1
36.1592 0.19 1.0827 0.0942549 1
36.2099 0.19 1.0827 0.0942549 1
36.2606 0.19 1.0827 0.0942549 1
36.3113 0.19 1.0827 0.0942549 1
36.362 0.19 1.0827 0.0942549 1
36.4127 0.19 1.0827 0.0942549 1
36.4427 0.169134 0.9333 0.0838384 0
36.4634 0.19 1.0827 0.0942549 1
36.5141 0.19 1.0827 0.0942549 1
36.5648 0.19 1.0827 0.0942549 1
36.6155 0.19 1.0827 0.0942549 1
36.6662 0.19 1.0827 0.0942549 1
36.7169 0.19 1.0827 0.0942549 1
36.7676 0.19 1.0827 0.0942549 1
36.8183 0.19 1.0827 0.0942549 1
36.869 0.19 1.0827 0.0942549 1
36.904 0.17388 0.966473 0.0863544 0
36.9197 0.19 1.0827 0.0942549 1
36.9704 0.19 1.0827 0.0942549 1
37.0211 0.19 1.0827 0.0942549 1
37.0718 0.19 1.0827 0.0942549 1
37.1225 0.19 1.0827 0.0942549 1
37.1732 0.19 1.0827 0.0942549 1
37.2239 0.19 1.0827 0.0942549 1
37.2746 0.19 1.0827 0.0942549 1
37.3253 0.19 1.0827 0.0942549 1
37.3653 0.178808 1.00533 0.0888704 0
37.376 0.19 1.0827 0.0942549 1
37.4267 0.19 1.0827 0.0942549 1
37.4774 0.19 1.0827 0.0942549 1
37.5281 0.19 1.0827 0.0942549 1
37.5788 0.19 1.0827 0.0942549 1
37.6295 0.19 1.0827 0.0942549 1
37.6802 0.19 1.0827 0.0942549 1
37.7309 0.19 1.0827 0.0942549 1
37.7816 0.19 1.0827 0.0942549 1
37.8266 0.183933 1.04425 0.0913864 0
37.8323 0.19 1.0827 0.0942549 1
37.883 0.19 1.0827 0.0942549 1
37.9337 0.19 1.0827 0.0942549 1
37.9844 0.19 1.0827 0.0942549 1
38.0351 0.19 1.0827 0.0942549 1
38.0858 0.19 1.0827 0.0942549 1
38.1365 0.19 1.0827 0.0942549 1
38.1872 0.19 1.0827 0.0942549 1
38.2379 0.19 1.0827 0.0942549 1
38.2879 0.189243 1.07849 0.0939024 0
38.2886 0.19 1.0827 0.0942549 1
38.3393 0.19 1.0827 0.0942549 1
38.39 0.19 1.0827 0.0942549 1
38.4407 0.19 1.0827 0.0942549 1
38.4914 0.19 1.0827 0.0942549 1
38.5421 0.19 1.0827 0.0942549 1
38.5928 0.19 1.0827 0.0942549 1
38.6435 0.19 1.0827 0.0942549 1
38.6942 0.19 1.0827 0.0942549 1
38.7492 0.194705 1.10458 0.0964184 0
38.7449 0.19 1.0827 0.0942549 1
38.7956 0.19 1.0827 0.0942549 1
38.8463 0.19 1.0827 0.0942549 1
38.897 0.19 1.0827 0.0942549 1
38.9477 0.19 1.0827 0.0942549 1
38.9984 0.19 1.0827 0.0942549 1
39.0491 0.19 1.0827 0.0942549 1
39.0998 0.19 1.0827 0.0942549 1
39.1505 0.19 1.0827 0.0942549 1
39.2012 0.19 1.0827 0.0942549 1
39.2062 0.145808 1.01438 0.0712584 0
39.2519 0.19 1.0827 0.0942549 1
39.3026 0.19 1.0827 0.0942549 1
39.3533 0.19 1.0827 0.0942549 1
39.404 0.19 1.0827 0.0942549 1
39.4547 0.19 1.0827 0.0942549 1
39.5054 0.19 1.0827 0.0942549 1
39.5561 0.19 1.0827 0.0942549 1
39.6068 0.19 1.0827 0.0942549 1
39.6575 0.19 1.0827 0.0942549 1
39.6675 0.150734 0.958741 0.0737744 0
39.7082 0.19 1.0827 0.0942549 1
39.7589 0.19 1.0827 0.0942549 1
39.8096 0.19 1.0827 0.0942549 1
39.8603 0.19 1.0827 0.0942549 1
39.911 0.19 1.0827 0.0942549 1
39.9617 0.19 1.0827 0.0942549 1
40.0124 0.19 1.0827 0.0942549 1
40.0631 0.19 1.0827 0.0942549 1
40.1138 0.19 1.0827 0.0942549 1
40.1288 0.155427 0.922047 0.0762904 0
40.1645 0.19 1.0827 0.0942549 1
40.2152 0.19 1.0827 0.0942549 1
40.2659 0.19 1.0827 0.0942549 1
40.3166 0.19 1.0827 0.0942549 1
40.3673 0.19 1.0827 0.0942549 1
40.418 0.19 1.0827 0.0942549 1
40.4687 0.19 1.0827 0.0942549 1
40.5194 0.19 1.0827 0.0942549 1
40.5701 0.19 1.0827 0.0942549 1
40.5901 0.15999 0.906685 0.0788064 0
40.6208 0.19 1.0827 0.0942549 1
40.6715 0.19 1.0827 0.0942549 1
40.7222 0.19 1.0827 0.0942549 1
40.7729 0.19 1.0827 0.0942549 1
40.8236 0.19 1.0827 0.0942549 1
40.8743 0.19 1.0827 0.0942549 1
40.925 0.19 1.0827 0.0942549 1
40.9757 0.19 1.0827 0.0942549 1
41.0264 0.19 1.0827 0.0942549 1
41.0514 0.164528 0.911637 0.0813224 0
41.0771 0.19 1.0827 0.0942549 1
41.1278 0.19 1.0827 0.0942549 1
41.1785 0.19 1.0827 0.0942549 1
41.2292 0.19 1.0827 0.0942549 1
41.2799 0.19 1.0827 0.0942549 1
41.3306 0.19 1.0827 0.0942549 1
41.3813 0.19 1.0827 0.0942549 1
41.432 0.19 1.0827 0.0942549 1
41.4827 0.19 1.0827 0.0942549 1
41.5127 0.169134 0.9333 0.0838384 0
41.5334 0.19 1.0827 0.0942549 1
41.5841 0.19 1.0827 0.0942549 1
41.6348 0.19 1.0827 0.0942549 1
41.6855 0.19 1.0827 0.0942549 1
41.7362 0.19 1.0827 0.0942549 1
41.7869 0.19 1.0827 0.0942549 1
41.8376 0.19 1.0827 0.0942549 1
41.8883 0.19 1.0827 0.0942549 1
41.939 0.19 1.0827 0.0942549 1
41.974 0.17388 0.966473 0.0863544 0
41.9897 0.19 1.0827 0.0942549 1
42.0404 0.19 1.0827 0.0942549 1
42.0911 0.19 1.0827 0.0942549 1
42.1418 0.19 1.0827 0.0942549 1
42.1925 0.19 1.0827 0.0942549 1
42.2432 0.19 1.0827 0.0942549 1
42.2939 0.19 1.0827 0.0942549 1
42.3446 0.19 1.0827 0.0942549 1
42.3953 0.19 1.0827 0.0942549 1
42.4353 0.178808 1.00533 0.0888704 0
42.446 0.19 1.0827 0.0942549 1
42.4967 0.19 1.0827 0.0942549 1
42.5474 0.19 1.0827 0.0942549 1
42.5981 0.19 1.0827 0.0942549 1
42.6488 0.19 1.0827 0.0942549 1
42.6995 0.19 1.0827 0.0942549 1
42.7502 0.19 1.0827 0.0942549 1
42.8009 0.19 1.0827 0.0942549 1
42.8516 0.19 1.0827 0.0942549 1
42.8966 0.183933 1.04425 0.0913864 0
42.9023 0.19 1.0827 0.0942549 1
42.953 0.19 1.0827 0.0942549 1
43.0037 0.19 1.0827 0.0942549 1
43.0544 0.19 1.0827 0.0942549 1
43.1051 0.19 1.0827 0.0942549 1
43.1558 0.19 1.0827 0.0942549 1
43.2065 0.19 1.0827 0.0942549 1
43.2572 0.19 1.0827 0.0942549 1
43.3079 0.19 1.0827 0.0942549 1
43.3579 0.189243 1.07849 0.0939024 0
43.3586 0.19 1.0827 0.0942549 1
43.4093 0.19 1.0827 0.0942549 1
43.46 0.19 1.0827 0.0942549 1
43.5107 0.19 1.0827 0.0942549 1
43.5614 0.19 1.0827 0.0942549 1
43.6121 0.19 1.0827 0.0942549 1
43.6628 0.19 1.0827 0.0942549 1
43.7135 0.19 1.0827 0.0942549 1
43.7642 0.19 1.0827 0.0942549 1
43.8192 0.194705 1.10458 0.0964184 0
43.8149 0.19 1.0827 0.0942549 1
43.8656 0.19 1.0827 0.0942549 1
43.9163 0.19 1.0827 0.0942549 1
43.967 0.19 1.0827 0.0942549 1
44.0177 0.19 1.0827 0.0942549 1
44.0684 0.19 1.0827 0.0942549 1
44.1191 0.19 1.0827 0.0942549 1
44.1698 0.19 1.0827 0.0942549 1
44.2205 0.19 1.0827 0.0942549 1
44.2712 0.19 1.0827 0.0942549 1
44.2762 0.145808 1.01438 0.0712584 0
44.3219 0.19 1.0827 0.0942549 1
44.3726 0.19 1.0827 0.0942549 1
44.4233 0.19 1.0827 0.0942549 1
44.474 0.19 1.0827 0.0942549 1
44.5247 0.19 1.0827 0.0942549 1
44.5754 0.19 1.0827 0.0942549 1
44.6261 0.19 1.0827 0.0942549 1
44.6768 0.19 1.0827 0.0942549 1
44.7275 0.19 1.0827 0.0942549 1
44.7375 0.150734 0.958741 0.0737744 0
44.7782 0.19 1.0827 0.0942549 1
44.8289 0.19 1.0827 0.0942549 1
44.8796 0.19 1.0827 0.0942549 1
44.9303 0.19 1.0827 0.0942549 1
44.981 0.19 1.0827 0.0942549 1
45.0317 0.19 1.0827 0.0942549 1
45.0824 0.19 1.0827 0.0942549 1
45.1331 0.19 1.0827 0.0942549 1
45.1838 0.19 1.0827 0.0942549 1
45.1988 0.155427 0.922047 0.0762904 0
45.2345 0.19 1.0827 0.0942549 1
45.2852 0.19 1.0827 0.0942549 1
45.3359 0.19 1.0827 0.0942549 1
45.3866 0.19 1.0827 0.0942549 1
45.4373 0.19 1.0827 0.0942549 1
45.488 0.19 1.0827 0.0942549 1
45.5387 0.19 1.0827 0.0942549 1
45.5894 0.19 1.0827 0.0942549 1
45.6401 0.19 1.0827 0.0942549 1
45.6601 0.15999 0.906685 0.0788064 0
45.6908 0.19 1.0827 0.0942549 1
45.7415 0.19 1.0827 0.0942549 1
45.7922 0.19 1.0827 0.0942549 1
45.8429 0.19 1.0827 0.0942549 1
45.8936 0.19 1.0827 0.0942549 1
45.9443 0.19 1.0827 0.0942549 1
45.995 0.19 1.0827 0.0942549 1
46.0457 0.19 1.0827 0.0942549 1
46.0964 0.19 1.0827 0.0942549 1
46.1214 0.164528 0.911637 0.0813224 0
46.1471 0.19 1.0827 0.0942549 1
46.1978 0.19 1.0827 0.0942549 1
46.2485 0.19 1.0827 0.0942549 1
46.2992 0.19 1.0827 0.0942549 1
46.3499 0.19 1.0827 0.0942549 1
46.4006 0.19 1.0827 0.0942549 1
46.4514 0.19 1.0827 0.0942549 1
46.5021 0.19 1.0827 0.0942549 1
46.5528 0.19 1.0827 0.0942549 1
46.5828 0.169134 0.9333 0.0838384 0
46.6035 0.19 1.0827 0.0942549 1
46.6542 0.19 1.0827 0.0942549 1
46.7049 0.19 1.0827 0.0942549 1
46.7556 0.19 1.0827 0.0942549 1
46.8063 0.19 1.0827 0.0942549 1
46.857 0.19 1.0827 0.0942549 1
46.9077 0.19 1.0827 0.0942549 1
46.9584 0.19 1.0827 0.0942549 1
47.0091 0.19 1.0827 0.0942549 1
47.0441 0.17388 0.966473 0.0863544 0
47.0598 0.19 1.0827 0.0942549 1
47.1105 0.19 1.0827 0.0942549 1
47.1612 0.19 1.0827 0.0942549 1
47.2119 0.19 1.0827 0.0942549 1
47.2626 0.19 1.0827 0.0942549 1
47.3133 0.19 1.0827 0.0942549 1
47.364 0.19 1.0827 0.0942549 1
47.4147 0.19 1.0827 0.0942549 1
47.4654 0.19 1.0827 0.0942549 1
47.5054 0.178808 1.00533 0.0888704 0
47.5161 0.19 1.0827 0.0942549 1
47.5668 0.19 1.0827 0.0942549 1
47.6175 0.19 1.0827 0.0942549 1
47.6682 0.19 1.0827 0.0942549 1
47.7189 0.19 1.0827 0.0942549 1
47.7696 0.19 1.0827 0.0942549 1
47.8203 0.19 1.0827 0.0942549 1
47.871 0.19 1.0827 0.0942549 1
47.9217 0.19 1.0827 0.0942549 1
47.9667 0.183933 1.04425 0.0913864 0
47.9724 0.19 1.0827 0.0942549 1
48.0231 0.19 1.0827 0.0942549 1
48.0738 0.19 1.0827 0.0942549 1
48.1245 0.19 1.0827 0.0942549 1
48.1752 0.19 1.0827 0.0942549 1
48.2259 0.19 1.0827 0.0942549 1
48.2766 0.19 1.0827 0.0942549 1
48.3273 0.19 1.0827 0.0942549 1
48.378 0.19 1.0827 0.0942549 1
48.428 0.189243 1.07849 0.0939024 0
48.4287 0.19 1.0827 0.0942549 1
48.4794 0.19 1.0827 0.0942549 1
48.5301 0.19 1.0827 0.0942549 1
48.5808 0.19 1.0827 0.0942549 1
48.6315 0.19 1.0827 0.0942549 1
48.6822 0.19 1.0827 0.0942549 1
48.7329 0.19 1.0827 0.0942549 1
48.7836 0.19 1.0827 0.0942549 1
48.8343 0.19 1.0827 0.0942549 1
48.8893 0.194705 1.10458 0.0964184 0
48.885 0.19 1.0827 0.0942549 1
48.9357 0.19 1.0827 0.0942549 1
48.9864 0.19 1.0827 0.0942549 1
49.0371 0.19 1.0827 0.0942549 1
49.0878 0.19 1.0827 0.0942549 1
49.1385 0.19 1.0827 0.0942549 1
49.1892 0.19 1.0827 0.0942549 1
49.2399 0.19 1.0827 0.0942549 1
49.2906 0.19 1.0827 0.0942549 1
49.3413 0.19 1.0827 0.0942549 1
49.3463 0.145808 1.01438 0.0712584 0
49.392 0.19 1.0827 0.0942549 1
49.4427 0.19 1.0827 0.0942549 1
49.4934 0.19 1.0827 0.0942549 1
49.5441 0.19 1.0827 0.0942549 1
49.5948 0.19 1.0827 0.0942549 1
49.6455 0.19 1.0827 0.0942549 1
49.6962 0.19 1.0827 0.0942549 1
49.7469 0.19 1.0827 0.0942549 1
49.7976 0.19 1.0827 0.0942549 1
49.8076 0.150734 0.958741 0.0737744 0
49.8483 0.19 1.0827 0.0942549 1
49.899 0.19 1.0827 0.0942549 1
49.9497 0.19 1.0827 0.0942549 1
50.0004 0.19 1.0827 0.0942549 1
0.5032 0.5032 0.5032 0.5032 0.5032
