t x v M dripped?
0 0 0 0.01 0
0.165826 0.19 0.952184 0.093543 1
0.212861 0.19 1.17581 0.0949719 1
0.266243 0.19 0.985014 0.0939484 1
0.313595 0.19 1.14275 0.094669 1
0.366031 0.19 1.02487 0.0940408 1
0.414748 0.19 1.12323 0.0944893 1
0.466672 0.19 1.04789 0.0941156 1
0.481672 0.156839 0.873906 0.0770169 0
0.516159 0.19 1.10913 0.0943913 1
0.567661 0.19 1.06194 0.0941652 1
0.617622 0.19 1.09976 0.0943359 1
0.66883 0.19 1.07044 0.094198 1
0.719076 0.19 1.09375 0.0943037 1
0.770092 0.19 1.0756 0.0942192 1
0.82051 0.19 1.08996 0.0942846 1
0.871403 0.19 1.07874 0.0942327 1
0.921926 0.19 1.08759 0.094273 1
0.951926 0.16902 0.936189 0.0837545 0
0.972741 0.19 1.08066 0.0942411 1
1.02333 0.19 1.08611 0.094266 1
1.07409 0.19 1.08184 0.0942464 1
1.12472 0.19 1.0852 0.0942618 1
1.17546 0.19 1.08257 0.0942497 1
1.22611 0.19 1.08464 0.0942592 1
1.27683 0.19 1.08301 0.0942517 1
1.32749 0.19 1.08429 0.0942575 1
1.3782 0.19 1.08329 0.0942529 1
1.4132 0.173884 0.968119 0.0863602 0
1.42887 0.19 1.08408 0.0942565 1
1.47957 0.19 1.08346 0.0942537 1
1.53025 0.19 1.08394 0.0942559 1
1.58094 0.19 1.08356 0.0942542 1
1.63163 0.19 1.08386 0.0942556 1
1.68232 0.19 1.08363 0.0942545 1
1.733 0.19 1.08381 0.0942553 1
1.78369 0.19 1.08367 0.0942547 1
1.83438 0.19 1.08378 0.0942552 1
1.87438 0.178807 1.00673 0.0888692 0
1.88507 0.19 1.08369 0.0942548 1
1.93576 0.19 1.08376 0.0942551 1
1.98645 0.19 1.08371 0.0942548 1
2.03713 0.19 1.08375 0.094255 1
2.08782 0.19 1.08371 0.0942549 1
2.13851 0.19 1.08374 0.094255 1
2.1892 0.19 1.08372 0.0942549 1
2.23989 0.19 1.08374 0.094255 1
2.29058 0.19 1.08372 0.0942549 1
2.33558 0.18394 1.04552 0.0913894 0
2.34126 0.19 1.08373 0.094255 1
2.39195 0.19 1.08373 0.0942549 1
2.44264 0.19 1.08373 0.094255 1
2.49333 0.19 1.08373 0.0942549 1
2.54402 0.19 1.08373 0.094255 1
2.59471 0.19 1.08373 0.094255 1
2.64539 0.19 1.08373 0.094255 1
2.69608 0.19 1.08373 0.094255 1
2.74677 0.19 1.08373 0.094255 1
2.79677 0.189256 1.07961 0.0939082 0
2.79746 0.19 1.08373 0.094255 1
2.84815 0.19 1.08373 0.094255 1
2.89883 0.19 1.08373 0.094255 1
2.94952 0.19 1.08373 0.094255 1
3.00021 0.19 1.08373 0.094255 1
3.0509 0.19 1.08373 0.094255 1
3.10159 0.19 1.08373 0.094255 1
3.15228 0.19 1.08373 0.094255 1
3.20296 0.19 1.08373 0.094255 1
3.25796 0.194722 1.10558 0.0964272 0
3.25365 0.19 1.08373 0.094255 1
3.30434 0.19 1.08373 0.094255 1
3.35503 0.19 1.08373 0.094255 1
3.40572 0.19 1.08373 0.094255 1
3.4564 0.19 1.08373 0.094255 1
3.50709 0.19 1.08373 0.094255 1
3.55778 0.19 1.08373 0.094255 1
3.60847 0.19 1.08373 0.094255 1
3.65916 0.19 1.08373 0.094255 1
3.70985 0.19 1.08373 0.094255 1
3.71485 0.145751 1.01566 0.0712372 0
3.76053 0.19 1.08373 0.094255 1
3.81122 0.19 1.08373 0.094255 1
3.86191 0.19 1.08373 0.094255 1
3.9126 0.19 1.08373 0.094255 1
3.96329 0.19 1.08373 0.094255 1
4.01397 0.19 1.08373 0.094255 1
4.06466 0.19 1.08373 0.094255 1
4.11535 0.19 1.08373 0.094255 1
4.16604 0.19 1.08373 0.094255 1
4.17604 0.150684 0.960242 0.0737562 0
4.21673 0.19 1.08373 0.094255 1
4.26742 0.19 1.08373 0.094255 1
4.3181 0.19 1.08373 0.094255 1
4.36879 0.19 1.08373 0.094255 1
4.41948 0.19 1.08373 0.094255 1
4.47017 0.19 1.08373 0.094255 1
4.52086 0.19 1.08373 0.094255 1
4.57155 0.19 1.08373 0.094255 1
4.62223 0.19 1.08373 0.094255 1
4.63723 0.155385 0.923709 0.0762752 0
4.67292 0.19 1.08373 0.094255 1
4.72361 0.19 1.08373 0.094255 1
4.7743 0.19 1.08373 0.094255 1
4.82499 0.19 1.08373 0.094255 1
4.87567 0.19 1.08373 0.094255 1
4.92636 0.19 1.08373 0.094255 1
4.97705 0.19 1.08373 0.094255 1
5.02774 0.19 1.08373 0.094255 1
5.07843 0.19 1.08373 0.094255 1
5.09843 0.159957 0.908433 0.0787942 0
5.12912 0.19 1.08373 0.094255 1
5.1798 0.19 1.08373 0.094255 1
5.23049 0.19 1.08373 0.094255 1
5.28118 0.19 1.08373 0.094255 1
5.33187 0.19 1.08373 0.094255 1
5.38256 0.19 1.08373 0.094255 1
5.43324 0.19 1.08373 0.094255 1
5.48393 0.19 1.08373 0.094255 1
5.53462 0.19 1.08373 0.094255 1
5.55962 0.164503 0.913393 0.0813132 0
5.58531 0.19 1.08373 0.094255 1
5.636 0.19 1.08373 0.094255 1
5.68669 0.19 1.08373 0.094255 1
5.73737 0.19 1.08373 0.094255 1
5.78806 0.19 1.08373 0.094255 1
5.83875 0.19 1.08373 0.094255 1
5.88944 0.19 1.08373 0.094255 1
5.94013 0.19 1.08373 0.094255 1
5.99081 0.19 1.08373 0.094255 1
6.02081 0.169118 0.934994 0.0838322 0
6.0415 0.19 1.08373 0.094255 1
6.09219 0.19 1.08373 0.094255 1
6.14288 0.19 1.08373 0.094255 1
6.19357 0.19 1.08373 0.094255 1
6.24426 0.19 1.08373 0.094255 1
6.29494 0.19 1.08373 0.094255 1
6.34563 0.19 1.08373 0.094255 1
6.39632 0.19 1.08373 0.094255 1
6.44701 0.19 1.08373 0.094255 1
6.48201 0.173872 0.968051 0.0863512 0
6.4977 0.19 1.08373 0.094255 1
6.54839 0.19 1.08373 0.094255 1
6.59907 0.19 1.08373 0.094255 1
6.64976 0.19 1.08373 0.094255 1
6.70045 0.19 1.08373 0.094255 1
6.75114 0.19 1.08373 0.094255 1
6.80183 0.19 1.08373 0.094255 1
6.85251 0.19 1.08373 0.094255 1
6.9032 0.19 1.08373 0.094255 1
6.9432 0.178808 1.00676 0.0888702 0
6.95389 0.19 1.08373 0.094255 1
7.00458 0.19 1.08373 0.094255 1
7.05527 0.19 1.08373 0.094255 1
7.10596 0.19 1.08373 0.094255 1
7.15664 0.19 1.08373 0.094255 1
7.20733 0.19 1.08373 0.094255 1
7.25802 0.19 1.08373 0.094255 1
7.30871 0.19 1.08373 0.094255 1
7.3594 0.19 1.08373 0.094255 1
7.4044 0.18394 1.04552 0.0913892 0
7.41008 0.19 1.08373 0.094255 1
7.46077 0.19 1.08373 0.094255 1
7.51146 0.19 1.08373 0.094255 1
7.56215 0.19 1.08373 0.094255 1
7.61284 0.19 1.08373 0.094255 1
7.66353 0.19 1.08373 0.094255 1
7.71421 0.19 1.08373 0.094255 1
7.7649 0.19 1.08373 0.094255 1
7.81559 0.19 1.08373 0.094255 1
7.86559 0.189256 1.07961 0.0939082 0
7.86628 0.19 1.08373 0.094255 1
7.91697 0.19 1.08373 0.094255 1
7.96765 0.19 1.08373 0.094255 1
8.01834 0.19 1.08373 0.094255 1
8.06903 0.19 1.08373 0.094255 1
8.11972 0.19 1.08373 0.094255 1
8.17041 0.19 1.08373 0.094255 1
8.2211 0.19 1.08373 0.094255 1
8.27178 0.19 1.08373 0.094255 1
8.32678 0.194722 1.10558 0.0964272 0
8.32247 0.19 1.08373 0.094255 1
8.37316 0.19 1.08373 0.094255 1
8.42385 0.19 1.08373 0.094255 1
8.47454 0.19 1.08373 0.094255 1
8.52523 0.19 1.08373 0.094255 1
8.57591 0.19 1.08373 0.094255 1
8.6266 0.19 1.08373 0.094255 1
8.67729 0.19 1.08373 0.094255 1
8.72798 0.19 1.08373 0.094255 1
8.77867 0.19 1.08373 0.094255 1
8.78367 0.145751 1.01566 0.0712372 0
8.82935 0.19 1.08373 0.094255 1
8.88004 0.19 1.08373 0.094255 1
8.93073 0.19 1.08373 0.094255 1
8.98142 0.19 1.08373 0.094255 1
9.03211 0.19 1.08373 0.094255 1
9.0828 0.19 1.08373 0.094255 1
9.13348 0.19 1.08373 0.094255 1
9.18417 0.19 1.08373 0.094255 1
9.23486 0.19 1.08373 0.094255 1
9.24486 0.150684 0.960242 0.0737562 0
9.28555 0.19 1.08373 0.094255 1
9.33624 0.19 1.08373 0.094255 1
9.38692 0.19 1.08373 0.094255 1
9.43761 0.19 1.08373 0.094255 1
9.4883 0.19 1.08373 0.094255 1
9.53899 0.19 1.08373 0.094255 1
9.58968 0.19 1.08373 0.094255 1
9.64037 0.19 1.08373 0.094255 1
9.69105 0.19 1.08373 0.094255 1
9.70605 0.155385 0.923709 0.0762752 0
9.74174 0.19 1.08373 0.094255 1
9.79243 0.19 1.08373 0.094255 1
9.84312 0.19 1.08373 0.094255 1
9.89381 0.19 1.08373 0.094255 1
9.94449 0.19 1.08373 0.094255 1
9.99518 0.19 1.08373 0.094255 1
10.0459 0.19 1.08373 0.094255 1
10.0966 0.19 1.08373 0.094255 1
10.1472 0.19 1.08373 0.094255 1
10.1672 0.159957 0.908433 0.0787942 0
10.1979 0.19 1.08373 0.094255 1
10.2486 0.19 1.08373 0.094255 1
10.2993 0.19 1.08373 0.094255 1
10.35 0.19 1.08373 0.094255 1
10.4007 0.19 1.08373 0.094255 1
10.4514 0.19 1.08373 0.094255 1
10.5021 0.19 1.08373 0.094255 1
10.5528 0.19 1.08373 0.094255 1
10.6034 0.19 1.08373 0.094255 1
10.6284 0.164503 0.913393 0.0813132 0
10.6541 0.19 1.08373 0.094255 1
10.7048 0.19 1.08373 0.094255 1
10.7555 0.19 1.08373 0.094255 1
10.8062 0.19 1.08373 0.094255 1
10.8569 0.19 1.08373 0.094255 1
10.9076 0.19 1.08373 0.094255 1
10.9583 0.19 1.08373 0.094255 1
11.0089 0.19 1.08373 0.094255 1
11.0596 0.19 1.08373 0.094255 1
11.0896 0.169118 0.934994 0.0838322 0
11.1103 0.19 1.08373 0.094255 1
11.161 0.19 1.08373 0.094255 1
11.2117 0.19 1.08373 0.094255 1
11.2624 0.19 1.08373 0.094255 1
11.3131 0.19 1.08373 0.094255 1
11.3638 0.19 1.08373 0.094255 1
11.4145 0.19 1.08373 0.094255 1
11.4651 0.19 1.08373 0.094255 1
11.5158 0.19 1.08373 0.094255 1
11.5508 0.173872 0.968051 0.0863512 0
11.5665 0.19 1.08373 0.094255 1
11.6172 0.19 1.08373 0.094255 1
11.6679 0.19 1.08373 0.094255 1
11.7186 0.19 1.08373 0.094255 1
11.7693 0.19 1.08373 0.094255 1
11.82 0.19 1.08373 0.094255 1
11.8706 0.19 1.08373 0.094255 1
11.9213 0.19 1.08373 0.094255 1
11.972 0.19 1.08373 0.094255 1
12.012 0.178808 1.00676 0.0888702 0
12.0227 0.19 1.08373 0.094255 1
12.0734 0.19 1.08373 0.094255 1
12.1241 0.19 1.08373 0.094255 1
12.1748 0.19 1.08373 0.094255 1
12.2255 0.19 1.08373 0.094255 1
12.2762 0.19 1.08373 0.094255 1
12.3268 0.19 1.08373 0.094255 1
12.3775 0.19 1.08373 0.094255 1
12.4282 0.19 1.08373 0.094255 1
12.4732 0.18394 1.04552 0.0913892 0
12.4789 0.19 1.08373 0.094255 1
12.5296 0.19 1.08373 0.094255 1
12.5803 0.19 1.08373 0.094255 1
12.631 0.19 1.08373 0.094255 1
12.6817 0.19 1.08373 0.094255 1
12.7323 0.19 1.08373 0.094255 1
12.783 0.19 1.08373 0.094255 1
12.8337 0.19 1.08373 0.094255 1
12.8844 0.19 1.08373 0.094255 1
12.9344 0.189256 1.07961 0.0939082 0
12.9351 0.19 1.08373 0.094255 1
12.9858 0.19 1.08373 0.094255 1
13.0365 0.19 1.08373 0.094255 1
13.0872 0.19 1.08373 0.094255 1
13.1379 0.19 1.08373 0.094255 1
13.1885 0.19 1.08373 0.094255 1
13.2392 0.19 1.08373 0.094255 1
13.2899 0.19 1.08373 0.094255 1
13.3406 0.19 1.08373 0.094255 1
13.3956 0.194722 1.10558 0.0964272 0
13.3913 0.19 1.08373 0.094255 1
13.442 0.19 1.08373 0.094255 1
13.4927 0.19 1.08373 0.094255 1
13.5434 0.19 1.08373 0.094255 1
13.594 0.19 1.08373 0.094255 1
13.6447 0.19 1.08373 0.094255 1
13.6954 0.19 1.08373 0.094255 1
13.7461 0.19 1.08373 0.094255 1
13.7968 0.19 1.08373 0.094255 1
13.8475 0.19 1.08373 0.094255 1
13.8525 0.145751 1.01566 0.0712372 0
13.8982 0.19 1.08373 0.094255 1
13.9489 0.19 1.08373 0.094255 1
13.9996 0.19 1.08373 0.094255 1
14.0502 0.19 1.08373 0.094255 1
14.1009 0.19 1.08373 0.094255 1
14.1516 0.19 1.08373 0.094255 1
14.2023 0.19 1.08373 0.094255 1
14.253 0.19 1.08373 0.094255 1
14.3037 0.19 1.08373 0.094255 1
14.3137 0.150684 0.960242 0.0737562 0
14.3544 0.19 1.08373 0.094255 1
14.4051 0.19 1.08373 0.094255 1
14.4557 0.19 1.08373 0.094255 1
14.5064 0.19 1.08373 0.094255 1
14.5571 0.19 1.08373 0.094255 1
14.6078 0.19 1.08373 0.094255 1
14.6585 0.19 1.08373 0.094255 1
14.7092 0.19 1.08373 0.094255 1
14.7599 0.19 1.08373 0.094255 1
14.7749 0.155385 0.923709 0.0762752 0
14.8106 0.19 1.08373 0.094255 1
14.8613 0.19 1.08373 0.094255 1
14.9119 0.19 1.08373 0.094255 1
14.9626 0.19 1.08373 0.094255 1
15.0133 0.19 1.08373 0.094255 1
15.064 0.19 1.08373 0.094255 1
15.1147 0.19 1.08373 0.094255 1
15.1654 0.19 1.08373 0.094255 1
15.2161 0.19 1.08373 0.094255 1
15.2361 0.159957 0.908433 0.0787942 0
15.2668 0.19 1.08373 0.094255 1
15.3174 0.19 1.08373 0.094255 1
15.3681 0.19 1.08373 0.094255 1
15.4188 0.19 1.08373 0.094255 1
15.4695 0.19 1.08373 0.094255 1
15.5202 0.19 1.08373 0.094255 1
15.5709 0.19 1.08373 0.094255 1
15.6216 0.19 1.08373 0.094255 1
15.6723 0.19 1.08373 0.094255 1
15.6973 0.164503 0.913393 0.0813132 0
15.723 0.19 1.08373 0.094255 1
15.7736 0.19 1.08373 0.094255 1
15.8243 0.19 1.08373 0.094255 1
15.875 0.19 1.08373 0.094255 1
15.9257 0.19 1.08373 0.094255 1
15.9764 0.19 1.08373 0.094255 1
16.0271 0.19 1.08373 0.094255 1
16.0778 0.19 1.08373 0.094255 1
16.1285 0.19 1.08373 0.094255 1
16.1585 0.169118 0.934994 0.0838322 0
16.1791 0.19 1.08373 0.094255 1
16.2298 0.19 1.08373 0.094255 1
16.2805 0.19 1.08373 0.094255 1
16.3312 0.19 1.08373 0.094255 1
16.3819 0.19 1.08373 0.094255 1
16.4326 0.19 1.08373 0.094255 1
16.4833 0.19 1.08373 0.094255 1
16.534 0.19 1.08373 0.094255 1
16.5846 0.19 1.08373 0.094255 1
16.6196 0.173872 0.968051 0.0863512 0
16.6353 0.19 1.08373 0.094255 1
16.686 0.19 1.08373 0.094255 1
16.7367 0.19 1.08373 0.094255 1
16.7874 0.19 1.08373 0.094255 1
16.8381 0.19 1.08373 0.094255 1
16.8888 0.19 1.08373 0.094255 1
16.9395 0.19 1.08373 0.094255 1
16.9902 0.19 1.08373 0.094255 1
17.0408 0.19 1.08373 0.094255 1
17.0808 0.178808 1.00676 0.0888702 0
17.0915 0.19 1.08373 0.094255 1
17.1422 0.19 1.08373 0.094255 1
17.1929 0.19 1.08373 0.094255 1
17.2436 0.19 1.08373 0.094255 1
17.2943 0.19 1.08373 0.094255 1
17.345 0.19 1.08373 0.094255 1
17.3957 0.19 1.08373 0.094255 1
17.4463 0.19 1.08373 0.094255 1
17.497 0.19 1.08373 0.094255 1
17.542 0.18394 1.04552 0.0913892 0
17.5477 0.19 1.08373 0.094255 1
17.5984 0.19 1.08373 0.094255 1
17.6491 0.19 1.08373 0.094255 1
17.6998 0.19 1.08373 0.094255 1
17.7505 0.19 1.08373 0.094255 1
17.8012 0.19 1.08373 0.094255 1
17.8519 0.19 1.08373 0.094255 1
17.9025 0.19 1.08373 0.094255 1
17.9532 0.19 1.08373 0.094255 1
18.0032 0.189256 1.07961 0.0939082 0
18.0039 0.19 1.08373 0.094255 1
18.0546 0.19 1.08373 0.094255 1
18.1053 0.19 1.08373 0.094255 1
18.156 0.19 1.08373 0.094255 1
18.2067 0.19 1.08373 0.094255 1
18.2574 0.19 1.08373 0.094255 1
18.308 0.19 1.08373 0.094255 1
18.3587 0.19 1.08373 0.094255 1
18.4094 0.19 1.08373 0.094255 1
18.4644 0.194722 1.10558 0.0964272 0
18.4601 0.19 1.08373 0.094255 1
18.5108 0.19 1.08373 0.094255 1
18.5615 0.19 1.08373 0.094255 1
18.6122 0.19 1.08373 0.094255 1
18.6629 0.19 1.08373 0.094255 1
18.7136 0.19 1.08373 0.094255 1
18.7642 0.19 1.08373 0.094255 1
18.8149 0.19 1.08373 0.094255 1
18.8656 0.19 1.08373 0.094255 1
18.9163 0.19 1.08373 0.094255 1
18.9213 0.145751 1.01566 0.0712372 0
18.967 0.19 1.08373 0.094255 1
19.0177 0.19 1.08373 0.094255 1
19.0684 0.19 1.08373 0.094255 1
19.1191 0.19 1.08373 0.094255 1
19.1697 0.19 1.08373 0.094255 1
19.2204 0.19 1.08373 0.094255 1
19.2711 0.19 1.08373 0.094255 1
19.3218 0.19 1.08373 0.094255 1
19.3725 0.19 1.08373 0.094255 1
19.3825 0.150684 0.960242 0.0737562 0
19.4232 0.19 1.08373 0.094255 1
19.4739 0.19 1.08373 0.094255 1
19.5246 0.19 1.08373 0.094255 1
19.5753 0.19 1.08373 0.094255 1
19.6259 0.19 1.08373 0.094255 1
19.6766 0.19 1.08373 0.094255 1
19.7273 0.19 1.08373 0.094255 1
19.778 0.19 1.08373 0.094255 1
19.8287 0.19 1.08373 0.094255 1
19.8437 0.155385 0.923709 0.0762752 0
19.8794 0.19 1.08373 0.094255 1
19.9301 0.19 1.08373 0.094255 1
19.9808 0.19 1.08373 0.094255 1
20.0314 0.19 1.08373 0.094255 1
20.0821 0.19 1.08373 0.094255 1
20.1328 0.19 1.08373 0.094255 1
20.1835 0.19 1.08373 0.094255 1
20.2342 0.19 1.08373 0.094255 1
20.2849 0.19 1.08373 0.094255 1
20.3049 0.159957 0.908433 0.0787942 0
20.3356 0.19 1.08373 0.094255 1
20.3863 0.19 1.08373 0.094255 1
20.437 0.19 1.08373 0.094255 1
20.4876 0.19 1.08373 0.094255 1
20.5383 0.19 1.08373 0.094255 1
20.589 0.19 1.08373 0.094255 1
20.6397 0.19 1.08373 0.094255 1
20.6904 0.19 1.08373 0.094255 1
20.7411 0.19 1.08373 0.094255 1
20.7661 0.164503 0.913393 0.0813132 0
20.7918 0.19 1.08373 0.094255 1
20.8425 0.19 1.08373 0.094255 1
20.8931 0.19 1.08373 0.094255 1
20.9438 0.19 1.08373 0.094255 1
20.9945 0.19 1.08373 0.094255 1
21.0452 0.19 1.08373 0.094255 1
21.0959 0.19 1.08373 0.094255 1
21.1466 0.19 1.08373 0.094255 1
21.1973 0.19 1.08373 0.094255 1
21.2273 0.169118 0.934994 0.0838322 0
21.248 0.19 1.08373 0.094255 1
21.2987 0.19 1.08373 0.094255 1
21.3493 0.19 1.08373 0.094255 1
21.4 0.19 1.08373 0.094255 1
21.4507 0.19 1.08373 0.094255 1
21.5014 0.19 1.08373 0.094255 1
21.5521 0.19 1.08373 0.094255 1
21.6028 0.19 1.08373 0.094255 1
21.6535 0.19 1.08373 0.094255 1
21.6885 0.173872 0.968051 0.0863512 0
21.7042 0.19 1.08373 0.094255 1
21.7548 0.19 1.08373 0.094255 1
21.8055 0.19 1.08373 0.094255 1
21.8562 0.19 1.08373 0.094255 1
21.9069 0.19 1.08373 0.094255 1
21.9576 0.19 1.08373 0.094255 1
22.0083 0.19 1.08373 0.094255 1
22.059 0.19 1.08373 0.094255 1
22.1097 0.19 1.08373 0.094255 1
22.1497 0.178808 1.00676 0.0888702 0
22.1604 0.19 1.08373 0.094255 1
22.211 0.19 1.08373 0.094255 1
22.2617 0.19 1.08373 0.094255 1
22.3124 0.19 1.08373 0.094255 1
22.3631 0.19 1.08373 0.094255 1
22.4138 0.19 1.08373 0.094255 1
22.4645 0.19 1.08373 0.094255 1
22.5152 0.19 1.08373 0.094255 1
22.5659 0.19 1.08373 0.094255 1
22.6109 0.18394 1.04552 0.0913892 0
22.6165 0.19 1.08373 0.094255 1
22.6672 0.19 1.08373 0.094255 1
22.7179 0.19 1.08373 0.094255 1
22.7686 0.19 1.08373 0.094255 1
22.8193 0.19 1.08373 0.094255 1
22.87 0.19 1.08373 0.094255 1
22.9207 0.19 1.08373 0.094255 1
22.9714 0.19 1.08373 0.094255 1
23.0221 0.19 1.08373 0.094255 1
23.0721 0.189256 1.07961 0.0939082 0
23.0727 0.19 1.08373 0.094255 1
23.1234 0.19 1.08373 0.094255 1
23.1741 0.19 1.08373 0.094255 1
23.2248 0.19 1.08373 0.094255 1
23.2755 0.19 1.08373 0.094255 1
23.3262 0.19 1.08373 0.094255 1
23.3769 0.19 1.08373 0.094255 1
23.4276 0.19 1.08373 0.094255 1
23.4782 0.19 1.08373 0.094255 1
23.5332 0.194722 1.10558 0.0964272 0
23.5289 0.19 1.08373 0.094255 1
23.5796 0.19 1.08373 0.094255 1
23.6303 0.19 1.08373 0.094255 1
23.681 0.19 1.08373 0.094255 1
23.7317 0.19 1.08373 0.094255 1
23.7824 0.19 1.08373 0.094255 1
23.8331 0.19 1.08373 0.094255 1
23.8838 0.19 1.08373 0.094255 1
23.9344 0.19 1.08373 0.094255 1
23.9851 0.19 1.08373 0.094255 1
23.9901 0.145751 1.01566 0.0712372 0
24.0358 0.19 1.08373 0.094255 1
24.0865 0.19 1.08373 0.094255 1
24.1372 0.19 1.08373 0.094255 1
24.1879 0.19 1.08373 0.094255 1
24.2386 0.19 1.08373 0.094255 1
24.2893 0.19 1.08373 0.094255 1
24.3399 0.19 1.08373 0.094255 1
24.3906 0.19 1.08373 0.094255 1
24.4413 0.19 1.08373 0.094255 1
24.4513 0.150684 0.960242 0.0737562 0
24.492 0.19 1.08373 0.094255 1
24.5427 0.19 1.08373 0.094255 1
24.5934 0.19 1.08373 0.094255 1
24.6441 0.19 1.08373 0.094255 1
24.6948 0.19 1.08373 0.094255 1
24.7455 0.19 1.08373 0.094255 1
24.7961 0.19 1.08373 0.094255 1
24.8468 0.19 1.08373 0.094255 1
24.8975 0.19 1.08373 0.094255 1
24.9125 0.155385 0.923709 0.0762752 0
24.9482 0.19 1.08373 0.094255 1
24.9989 0.19 1.08373 0.094255 1
25.0496 0.19 1.08373 0.094255 1
25.1003 0.19 1.08373 0.094255 1
25.151 0.19 1.08373 0.094255 1
25.2016 0.19 1.08373 0.094255 1
25.2523 0.19 1.08373 0.094255 1
25.303 0.19 1.08373 0.094255 1
25.3537 0.19 1.08373 0.094255 1
25.3737 0.159957 0.908433 0.0787942 0
25.4044 0.19 1.08373 0.094255 1
25.4551 0.19 1.08373 0.094255 1
25.5058 0.19 1.08373 0.094255 1
25.5565 0.19 1.08373 0.094255 1
25.6072 0.19 1.08373 0.094255 1
25.6578 0.19 1.08373 0.094255 1
25.7085 0.19 1.08373 0.094255 1
25.7592 0.19 1.08373 0.094255 1
25.8099 0.19 1.08373 0.094255 1
25.8349 0.164503 0.913393 0.0813132 0
25.8606 0.19 1.08373 0.094255 1
25.9113 0.19 1.08373 0.094255 1
25.962 0.19 1.08373 0.094255 1
26.0127 0.19 1.08373 0.094255 1
26.0633 0.19 1.08373 0.094255 1
26.114 0.19 1.08373 0.094255 1
26.1647 0.19 1.08373 0.094255 1
26.2154 0.19 1.08373 0.094255 1
26.2661 0.19 1.08373 0.094255 1
26.2961 0.169118 0.934994 0.0838322 0
26.3168 0.19 1.08373 0.094255 1
26.3675 0.19 1.08373 0.094255 1
26.4182 0.19 1.08373 0.094255 1
26.4688 0.19 1.08373 0.094255 1
26.5195 0.19 1.08373 0.094255 1
26.5702 0.19 1.08373 0.094255 1
26.6209 0.19 1.08373 0.094255 1
26.6716 0.19 1.08373 0.094255 1
26.7223 0.19 1.08373 0.094255 1
26.7573 0.173872 0.968051 0.0863512 0
26.773 0.19 1.08373 0.094255 1
26.8237 0.19 1.08373 0.094255 1
26.8744 0.19 1.08373 0.094255 1
26.925 0.19 1.08373 0.094255 1
26.9757 0.19 1.08373 0.094255 1
27.0264 0.19 1.08373 0.094255 1
27.0771 0.19 1.08373 0.094255 1
27.1278 0.19 1.08373 0.094255 1
27.1785 0.19 1.08373 0.094255 1
27.2185 0.178808 1.00676 0.0888702 0
27.2292 0.19 1.08373 0.094255 1
27.2799 0.19 1.08373 0.094255 1
27.3305 0.19 1.08373 0.094255 1
27.3812 0.19 1.08373 0.094255 1
27.4319 0.19 1.08373 0.094255 1
27.4826 0.19 1.08373 0.094255 1
27.5333 0.19 1.08373 0.094255 1
27.584 0.19 1.08373 0.094255 1
27.6347 0.19 1.08373 0.094255 1
27.6797 0.18394 1.04552 0.0913892 0
27.6854 0.19 1.08373 0.094255 1
27.7361 0.19 1.08373 0.094255 1
27.7867 0.19 1.08373 0.094255 1
27.8374 0.19 1.08373 0.094255 1
27.8881 0.19 1.08373 0.094255 1
27.9388 0.19 1.08373 0.094255 1
27.9895 0.19 1.08373 0.094255 1
28.0402 0.19 1.08373 0.094255 1
28.0909 0.19 1.08373 0.094255 1
28.1409 0.189256 1.07961 0.0939082 0
28.1416 0.19 1.08373 0.094255 1
28.1922 0.19 1.08373 0.094255 1
28.2429 0.19 1.08373 0.094255 1
28.2936 0.19 1.08373 0.094255 1
28.3443 0.19 1.08373 0.094255 1
28.395 0.19 1.08373 0.094255 1
28.4457 0.19 1.08373 0.094255 1
28.4964 0.19 1.08373 0.094255 1
28.5471 0.19 1.08373 0.094255 1
28.6021 0.194722 1.10558 0.0964272 0
28.5978 0.19 1.08373 0.094255 1
28.6484 0.19 1.08373 0.094255 1
28.6991 0.19 1.08373 0.094255 1
28.7498 0.19 1.08373 0.094255 1
28.8005 0.19 1.08373 0.094255 1
28.8512 0.19 1.08373 0.094255 1
28.9019 0.19 1.08373 0.094255 1
28.9526 0.19 1.08373 0.094255 1
29.0033 0.19 1.08373 0.094255 1
29.0539 0.19 1.08373 0.094255 1
29.0589 0.145751 1.01566 0.0712372 0
29.1046 0.19 1.08373 0.094255 1
29.1553 0.19 1.08373 0.094255 1
29.206 0.19 1.08373 0.094255 1
29.2567 0.19 1.08373 0.094255 1
29.3074 0.19 1.08373 0.094255 1
29.3581 0.19 1.08373 0.094255 1
29.4088 0.19 1.08373 0.094255 1
29.4595 0.19 1.08373 0.094255 1
29.5101 0.19 1.08373 0.094255 1
29.5201 0.150684 0.960242 0.0737562 0
29.5608 0.19 1.08373 0.094255 1
29.6115 0.19 1.08373 0.094255 1
29.6622 0.19 1.08373 0.094255 1
29.7129 0.19 1.08373 0.094255 1
29.7636 0.19 1.08373 0.094255 1
29.8143 0.19 1.08373 0.094255 1
29.865 0.19 1.08373 0.094255 1
29.9156 0.19 1.08373 0.094255 1
29.9663 0.19 1.08373 0.094255 1
29.9813 0.155385 0.923709 0.0762752 0
30.017 0.19 1.08373 0.094255 1
30.0677 0.19 1.08373 0.094255 1
30.1184 0.19 1.08373 0.094255 1
30.1691 0.19 1.08373 0.094255 1
30.2198 0.19 1.08373 0.094255 1
30.2705 0.19 1.08373 0.094255 1
30.3212 0.19 1.08373 0.094255 1
30.3718 0.19 1.08373 0.094255 1
30.4225 0.19 1.08373 0.094255 1
30.4425 0.159957 0.908433 0.0787942 0
30.4732 0.19 1.08373 0.094255 1
30.5239 0.19 1.08373 0.094255 1
30.5746 0.19 1.08373 0.094255 1
30.6253 0.19 1.08373 0.094255 1
30.676 0.19 1.08373 0.094255 1
30.7267 0.19 1.08373 0.094255 1
30.7773 0.19 1.08373 0.094255 1
30.828 0.19 1.08373 0.094255 1
30.8787 0.19 1.08373 0.094255 1
30.9037 0.164503 0.913393 0.0813132 0
30.9294 0.19 1.08373 0.094255 1
30.9801 0.19 1.08373 0.094255 1
31.0308 0.19 1.08373 0.094255 1
31.0815 0.19 1.08373 0.094255 1
31.1322 0.19 1.08373 0.094255 1
31.1829 0.19 1.08373 0.094255 1
31.2335 0.19 1.08373 0.094255 1
31.2842 0.19 1.08373 0.094255 1
31.3349 0.19 1.08373 0.094255 1
31.3649 0.169118 0.934994 0.0838322 0
31.3856 0.19 1.08373 0.094255 1
31.4363 0.19 1.08373 0.094255 1
31.487 0.19 1.08373 0.094255 1
31.5377 0.19 1.08373 0.094255 1
31.5884 0.19 1.08373 0.094255 1
31.639 0.19 1.08373 0.094255 1
31.6897 0.19 1.08373 0.094255 1
31.7404 0.19 1.08373 0.094255 1
31.7911 0.19 1.08373 0.094255 1
31.8261 0.173872 0.968051 0.0863512 0
31.8418 0.19 1.08373 0.094255 1
31.8925 0.19 1.08373 0.094255 1
31.9432 0.19 1.08373 0.094255 1
31.9939 0.19 1.08373 0.094255 1
32.0446 0.19 1.08373 0.094255 1
32.0952 0.19 1.08373 0.094255 1
32.1459 0.19 1.08373 0.094255 1
32.1966 0.19 1.08373 0.094255 1
32.2473 0.19 1.08373 0.094255 1
32.2873 0.178808 1.00676 0.0888702 0
32.298 0.19 1.08373 0.094255 1
32.3487 0.19 1.08373 0.094255 1
32.3994 0.19 1.08373 0.094255 1
32.4501 0.19 1.08373 0.094255 1
32.5007 0.19 1.08373 0.094255 1
32.5514 0.19 1.08373 0.094255 1
32.6021 0.19 1.08373 0.094255 1
32.6528 0.19 1.08373 0.094255 1
32.7035 0.19 1.08373 0.094255 1
32.7485 0.18394 1.04552 0.0913892 0
32.7542 0.19 1.08373 0.094255 1
32.8049 0.19 1.08373 0.094255 1
32.8556 0.19 1.08373 0.094255 1
32.9063 0.19 1.08373 0.094255 1
32.9569 0.19 1.08373 0.094255 1
33.0076 0.19 1.08373 0.094255 1
33.0583 0.19 1.08373 0.094255 1
33.109 0.19 1.08373 0.094255 1
33.1597 0.19 1.08373 0.094255 1
33.2097 0.189256 1.07961 0.0939082 0
33.2104 0.19 1.08373 0.094255 1
33.2611 0.19 1.08373 0.094255 1
33.3118 0.19 1.08373 0.094255 1
33.3624 0.19 1.08373 0.094255 1
33.4131 0.19 1.08373 0.094255 1
33.4638 0.19 1.08373 0.094255 1
33.5145 0.19 1.08373 0.094255 1
33.5652 0.19 1.08373 0.094255 1
33.6159 0.19 1.08373 0.094255 1
33.6709 0.194722 1.10558 0.0964272 0
33.6666 0.19 1.08373 0.094255 1
33.7173 0.19 1.08373 0.094255 1
33.768 0.19 1.08373 0.094255 1
33.8186 0.19 1.08373 0.094255 1
33.8693 0.19 1.08373 0.094255 1
33.92 0.19 1.08373 0.094255 1
33.9707 0.19 1.08373 0.094255 1
34.0214 0.19 1.08373 0.094255 1
34.0721 0.19 1.08373 0.094255 1
34.1228 0.19 1.08373 0.094255 1
34.1278 0.145751 1.01566 0.0712372 0
34.1735 0.19 1.08373 0.094255 1
34.2241 0.19 1.08373 0.094255 1
34.2748 0.19 1.08373 0.094255 1
34.3255 0.19 1.08373 0.094255 1
34.3762 0.19 1.08373 0.094255 1
34.4269 0.19 1.08373 0.094255 1
34.4776 0.19 1.08373 0.094255 1
34.5283 0.19 1.08373 0.094255 1
34.579 0.19 1.08373 0.094255 1
34.589 0.150684 0.960242 0.0737562 0
34.6297 0.19 1.08373 0.094255 1
34.6803 0.19 1.08373 0.094255 1
34.731 0.19 1.08373 0.094255 1
34.7817 0.19 1.08373 0.094255 1
34.8324 0.19 1.08373 0.094255 1
34.8831 0.19 1.08373 0.094255 1
34.9338 0.19 1.08373 0.094255 1
34.9845 0.19 1.08373 0.094255 1
35.0352 0.19 1.08373 0.094255 1
35.0502 0.155385 0.923709 0.0762752 0
35.0858 0.19 1.08373 0.094255 1
35.1365 0.19 1.08373 0.094255 1
35.1872 0.19 1.08373 0.094255 1
35.2379 0.19 1.08373 0.094255 1
35.2886 0.19 1.08373 0.094255 1
35.3393 0.19 1.08373 0.094255 1
35.39 0.19 1.08373 0.094255 1
35.4407 0.19 1.08373 0.094255 1
35.4914 0.19 1.08373 0.094255 1
35.5114 0.159957 0.908433 0.0787942 0
35.542 0.19 1.08373 0.094255 1
35.5927 0.19 1.08373 0.094255 1
35.6434 0.19 1.08373 0.094255 1
35.6941 0.19 1.08373 0.094255 1
35.7448 0.19 1.08373 0.094255 1
35.7955 0.19 1.08373 0.094255 1
35.8462 0.19 1.08373 0.094255 1
35.8969 0.19 1.08373 0.094255 1
35.9475 0.19 1.08373 0.094255 1
35.9725 0.164503 0.913393 0.0813132 0
35.9982 0.19 1.08373 0.094255 1
36.0489 0.19 1.08373 0.094255 1
36.0996 0.19 1.08373 0.094255 1
36.1503 0.19 1.08373 0.094255 1
36.201 0.19 1.08373 0.094255 1
36.2517 0.19 1.08373 0.094255 1
36.3024 0.19 1.08373 0.094255 1
36.353 0.19 1.08373 0.094255 1
36.4037 0.19 1.08373 0.094255 1
36.4337 0.169118 0.934994 0.0838322 0
36.4544 0.19 1.08373 0.094255 1
36.5051 0.19 1.08373 0.094255 1
36.5558 0.19 1.08373 0.094255 1
36.6065 0.19 1.08373 0.094255 1
36.6572 0.19 1.08373 0.094255 1
36.7079 0.19 1.08373 0.094255 1
36.7586 0.19 1.08373 0.094255 1
36.8092 0.19 1.08373 0.094255 1
36.8599 0.19 1.08373 0.094255 1
36.8949 0.173872 0.968051 0.0863512 0
36.9106 0.19 1.08373 0.094255 1
36.9613 0.19 1.08373 0.094255 1
37.012 0.19 1.08373 0.094255 1
37.0627 0.19 1.08373 0.094255 1
37.1134 0.19 1.08373 0.094255 1
37.1641 0.19 1.08373 0.094255 1
37.2147 0.19 1.08373 0.094255 1
37.2654 0.19 1.08373 0.094255 1
37.3161 0.19 1.08373 0.094255 1
37.3561 0.178808 1.00676 0.0888702 0
37.3668 0.19 1.08373 0.094255 1
37.4175 0.19 1.08373 0.094255 1
37.4682 0.19 1.08373 0.094255 1
37.5189 0.19 1.08373 0.094255 1
37.5696 0.19 1.08373 0.094255 1
37.6203 0.19 1.08373 0.094255 1
37.6709 0.19 1.08373 0.094255 1
37.7216 0.19 1.08373 0.094255 1
37.7723 0.19 1.08373 0.094255 1
37.8173 0.18394 1.04552 0.0913892 0
37.823 0.19 1.08373 0.094255 1
37.8737 0.19 1.08373 0.094255 1
37.9244 0.19 1.08373 0.094255 1
37.9751 0.19 1.08373 0.094255 1
38.0258 0.19 1.08373 0.094255 1
38.0764 0.19 1.08373 0.094255 1
38.1271 0.19 1.08373 0.094255 1
38.1778 0.19 1.08373 0.094255 1
38.2285 0.19 1.08373 0.094255 1
38.2785 0.189256 1.07961 0.0939082 0
38.2792 0.19 1.08373 0.094255 1
38.3299 0.19 1.08373 0.094255 1
38.3806 0.19 1.08373 0.094255 1
38.4313 0.19 1.08373 0.094255 1
38.482 0.19 1.08373 0.094255 1
38.5326 0.19 1.08373 0.094255 1
38.5833 0.19 1.08373 0.094255 1
38.634 0.19 1.08373 0.094255 1
38.6847 0.19 1.08373 0.094255 1
38.7397 0.194722 1.10558 0.0964272 0
38.7354 0.19 1.08373 0.094255 1
38.7861 0.19 1.08373 0.094255 1
38.8368 0.19 1.08373 0.094255 1
38.8875 0.19 1.08373 0.094255 1
38.9381 0.19 1.08373 0.094255 1
38.9888 0.19 1.08373 0.094255 1
39.0395 0.19 1.08373 0.094255 1
39.0902 0.19 1.08373 0.094255 1
39.1409 0.19 1.08373 0.094255 1
39.1916 0.19 1.08373 0.094255 1
39.1966 0.145751 1.01566 0.0712372 0
39.2423 0.19 1.08373 0.094255 1
39.293 0.19 1.08373 0.094255 1
39.3437 0.19 1.08373 0.094255 1
39.3943 0.19 1.08373 0.094255 1
39.445 0.19 1.08373 0.094255 1
39.4957 0.19 1.08373 0.094255 1
39.5464 0.19 1.08373 0.094255 1
39.5971 0.19 1.08373 0.094255 1
39.6478 0.19 1.08373 0.094255 1
39.6578 0.150684 0.960242 0.0737562 0
39.6985 0.19 1.08373 0.094255 1
39.7492 0.19 1.08373 0.094255 1
39.7998 0.19 1.08373 0.094255 1
39.8505 0.19 1.08373 0.094255 1
39.9012 0.19 1.08373 0.094255 1
39.9519 0.19 1.08373 0.094255 1
40.0026 0.19 1.08373 0.094255 1
40.0533 0.19 1.08373 0.094255 1
40.104 0.19 1.08373 0.094255 1
40.119 0.155385 0.923709 0.0762752 0
40.1547 0.19 1.08373 0.094255 1
40.2054 0.19 1.08373 0.094255 1
40.256 0.19 1.08373 0.094255 1
40.3067 0.19 1.08373 0.094255 1
40.3574 0.19 1.08373 0.094255 1
40.4081 0.19 1.08373 0.094255 1
40.4588 0.19 1.08373 0.094255 1
40.5095 0.19 1.08373 0.094255 1
40.5602 0.19 1.08373 0.094255 1
40.5802 0.159957 0.908433 0.0787942 0
40.6109 0.19 1.08373 0.094255 1
40.6615 0.19 1.08373 0.094255 1
40.7122 0.19 1.08373 0.094255 1
40.7629 0.19 1.08373 0.094255 1
40.8136 0.19 1.08373 0.094255 1
40.8643 0.19 1.08373 0.094255 1
40.915 0.19 1.08373 0.094255 1
40.9657 0.19 1.08373 0.094255 1
41.0164 0.19 1.08373 0.094255 1
41.0414 0.164503 0.913393 0.0813132 0
41.0671 0.19 1.08373 0.094255 1
41.1177 0.19 1.08373 0.094255 1
41.1684 0.19 1.08373 0.094255 1
41.2191 0.19 1.08373 0.094255 1
41.2698 0.19 1.08373 0.094255 1
41.3205 0.19 1.08373 0.094255 1
41.3712 0.19 1.08373 0.094255 1
41.4219 0.19 1.08373 0.094255 1
41.4726 0.19 1.08373 0.094255 1
41.5026 0.169118 0.934994 0.0838322 0
41.5232 0.19 1.08373 0.094255 1
41.5739 0.19 1.08373 0.094255 1
41.6246 0.19 1.08373 0.094255 1
41.6753 0.19 1.08373 0.094255 1
41.726 0.19 1.08373 0.094255 1
41.7767 0.19 1.08373 0.094255 1
41.8274 0.19 1.08373 0.094255 1
41.8781 0.19 1.08373 0.094255 1
41.9288 0.19 1.08373 0.094255 1
41.9638 0.173872 0.968051 0.0863512 0
41.9794 0.19 1.08373 0.094255 1
42.0301 0.19 1.08373 0.094255 1
42.0808 0.19 1.08373 0.094255 1
42.1315 0.19 1.08373 0.094255 1
42.1822 0.19 1.08373 0.094255 1
42.2329 0.19 1.08373 0.094255 1
42.2836 0.19 1.08373 0.094255 1
42.3343 0.19 1.08373 0.094255 1
42.3849 0.19 1.08373 0.094255 1
42.4249 0.178808 1.00676 0.0888702 0
42.4356 0.19 1.08373 0.094255 1
42.4863 0.19 1.08373 0.094255 1
42.537 0.19 1.08373 0.094255 1
42.5877 0.19 1.08373 0.094255 1
42.6384 0.19 1.08373 0.094255 1
42.6891 0.19 1.08373 0.094255 1
42.7398 0.19 1.08373 0.094255 1
42.7905 0.19 1.08373 0.094255 1
42.8411 0.19 1.08373 0.094255 1
42.8861 0.18394 1.04552 0.0913892 0
42.8918 0.19 1.08373 0.094255 1
42.9425 0.19 1.08373 0.094255 1
42.9932 0.19 1.08373 0.094255 1
43.0439 0.19 1.08373 0.094255 1
43.0946 0.19 1.08373 0.094255 1
43.1453 0.19 1.08373 0.094255 1
43.196 0.19 1.08373 0.094255 1
43.2466 0.19 1.08373 0.094255 1
43.2973 0.19 1.08373 0.094255 1
43.3473 0.189256 1.07961 0.0939082 0
43.348 0.19 1.08373 0.094255 1
43.3987 0.19 1.08373 0.094255 1
43.4494 0.19 1.08373 0.094255 1
43.5001 0.19 1.08373 0.094255 1
43.5508 0.19 1.08373 0.094255 1
43.6015 0.19 1.08373 0.094255 1
43.6522 0.19 1.08373 0.094255 1
43.7028 0.19 1.08373 0.094255 1
43.7535 0.19 1.08373 0.094255 1
43.8085 0.194722 1.10558 0.0964272 0
43.8042 0.19 1.08373 0.094255 1
43.8549 0.19 1.08373 0.094255 1
43.9056 0.19 1.08373 0.094255 1
43.9563 0.19 1.08373 0.094255 1
44.007 0.19 1.08373 0.094255 1
44.0577 0.19 1.08373 0.094255 1
44.1083 0.19 1.08373 0.094255 1
44.159 0.19 1.08373 0.094255 1
44.2097 0.19 1.08373 0.094255 1
44.2604 0.19 1.08373 0.094255 1
44.2654 0.145751 1.01566 0.0712372 0
44.3111 0.19 1.08373 0.094255 1
44.3618 0.19 1.08373 0.094255 1
44.4125 0.19 1.08373 0.094255 1
44.4632 0.19 1.08373 0.094255 1
44.5139 0.19 1.08373 0.094255 1
44.5645 0.19 1.08373 0.094255 1
44.6152 0.19 1.08373 0.094255 1
44.6659 0.19 1.08373 0.094255 1
44.7166 0.19 1.08373 0.094255 1
44.7266 0.150684 0.960242 0.0737562 0
44.7673 0.19 1.08373 0.094255 1
44.818 0.19 1.08373 0.094255 1
44.8687 0.19 1.08373 0.094255 1
44.9194 0.19 1.08373 0.094255 1
44.97 0.19 1.08373 0.094255 1
45.0207 0.19 1.08373 0.094255 1
45.0714 0.19 1.08373 0.094255 1
45.1221 0.19 1.08373 0.094255 1
45.1728 0.19 1.08373 0.094255 1
45.1878 0.155385 0.923709 0.0762752 0
45.2235 0.19 1.08373 0.094255 1
45.2742 0.19 1.08373 0.094255 1
45.3249 0.19 1.08373 0.094255 1
45.3756 0.19 1.08373 0.094255 1
45.4262 0.19 1.08373 0.094255 1
45.4769 0.19 1.08373 0.094255 1
45.5276 0.19 1.08373 0.094255 1
45.5783 0.19 1.08373 0.094255 1
45.629 0.19 1.08373 0.094255 1
45.649 0.159957 0.908433 0.0787942 0
45.6797 0.19 1.08373 0.094255 1
45.7304 0.19 1.08373 0.094255 1
45.7811 0.19 1.08373 0.094255 1
45.8317 0.19 1.08373 0.094255 1
45.8824 0.19 1.08373 0.094255 1
45.9331 0.19 1.08373 0.094255 1
45.9838 0.19 1.08373 0.094255 1
46.0345 0.19 1.08373 0.094255 1
46.0852 0.19 1.08373 0.094255 1
46.1102 0.164503 0.913393 0.0813132 0
46.1359 0.19 1.08373 0.094255 1
46.1866 0.19 1.08373 0.094255 1
46.2372 0.19 1.08373 0.094255 1
46.2879 0.19 1.08373 0.094255 1
46.3386 0.19 1.08373 0.094255 1
46.3893 0.19 1.08373 0.094255 1
46.44 0.19 1.08373 0.094255 1
46.4907 0.19 1.08373 0.094255 1
46.5414 0.19 1.08373 0.094255 1
46.5714 0.169118 0.934994 0.0838322 0
46.5921 0.19 1.08373 0.094255 1
46.6428 0.19 1.08373 0.094255 1
46.6934 0.19 1.08373 0.094255 1
46.7441 0.19 1.08373 0.094255 1
46.7948 0.19 1.08373 0.094255 1
46.8455 0.19 1.08373 0.094255 1
46.8962 0.19 1.08373 0.094255 1
46.9469 0.19 1.08373 0.094255 1
46.9976 0.19 1.08373 0.094255 1
47.0326 0.173872 0.968051 0.0863512 0
47.0483 0.19 1.08373 0.094255 1
47.0989 0.19 1.08373 0.094255 1
47.1496 0.19 1.08373 0.094255 1
47.2003 0.19 1.08373 0.094255 1
47.251 0.19 1.08373 0.094255 1
47.3017 0.19 1.08373 0.094255 1
47.3524 0.19 1.08373 0.094255 1
47.4031 0.19 1.08373 0.094255 1
47.4538 0.19 1.08373 0.094255 1
47.4938 0.178808 1.00676 0.0888702 0
47.5045 0.19 1.08373 0.094255 1
47.5551 0.19 1.08373 0.094255 1
47.6058 0.19 1.08373 0.094255 1
47.6565 0.19 1.08373 0.094255 1
47.7072 0.19 1.08373 0.094255 1
47.7579 0.19 1.08373 0.094255 1
47.8086 0.19 1.08373 0.094255 1
47.8593 0.19 1.08373 0.094255 1
47.91 0.19 1.08373 0.094255 1
47.955 0.18394 1.04552 0.0913892 0
47.9606 0.19 1.08373 0.094255 1
48.0113 0.19 1.08373 0.094255 1
48.062 0.19 1.08373 0.094255 1
48.1127 0.19 1.08373 0.094255 1
48.1634 0.19 1.08373 0.094255 1
48.2141 0.19 1.08373 0.094255 1
48.2648 0.19 1.08373 0.094255 1
48.3155 0.19 1.08373 0.094255 1
48.3662 0.19 1.08373 0.094255 1
48.4162 0.189256 1.07961 0.0939082 0
48.4168 0.19 1.08373 0.094255 1
48.4675 0.19 1.08373 0.094255 1
48.5182 0.19 1.08373 0.094255 1
48.5689 0.19 1.08373 0.094255 1
48.6196 0.19 1.08373 0.094255 1
48.6703 0.19 1.08373 0.094255 1
48.721 0.19 1.08373 0.094255 1
48.7717 0.19 1.08373 0.094255 1
48.8223 0.19 1.08373 0.094255 1
48.8773 0.194722 1.10558 0.0964272 0
48.873 0.19 1.08373 0.094255 1
48.9237 0.19 1.08373 0.094255 1
48.9744 0.19 1.08373 0.094255 1
49.0251 0.19 1.08373 0.094255 1
49.0758 0.19 1.08373 0.094255 1
49.1265 0.19 1.08373 0.094255 1
49.1772 0.19 1.08373 0.094255 1
49.2279 0.19 1.08373 0.094255 1
49.2785 0.19 1.08373 0.094255 1
49.3292 0.19 1.08373 0.094255 1
49.3342 0.145751 1.01566 0.0712372 0
49.3799 0.19 1.08373 0.094255 1
49.4306 0.19 1.08373 0.094255 1
49.4813 0.19 1.08373 0.094255 1
49.532 0.19 1.08373 0.094255 1
49.5827 0.19 1.08373 0.094255 1
49.6334 0.19 1.08373 0.094255 1
49.684 0.19 1.08373 0.094255 1
49.7347 0.19 1.08373 0.094255 1
49.7854 0.19 1.08373 0.094255 1
49.7954 0.150684 0.960242 0.0737562 0
49.8361 0.19 1.08373 0.094255 1
49.8868 0.19 1.08373 0.094255 1
49.9375 0.19 1.08373 0.094255 1
49.9882 0.19 1.08373 0.094255 1
0.5038 0.5038 0.5038 0.5038 0.5038
