t x v M dripped?
0 0 0 0.01 0
0.16708 0.19 0.9468 0.0936067 1
0.214024 0.19 1.16499 0.0949407 1
0.267314 0.19 0.984756 0.0939558 1
0.314909 0.19 1.13394 0.0946416 1
0.367348 0.19 1.02294 0.0940523 1
0.41625 0.19 1.11468 0.0944704 1
0.468169 0.19 1.04503 0.0941249 1
0.483169 0.156953 0.86862 0.07704 0
0.517818 0.19 1.10112 0.0943782 1
0.569327 0.19 1.05826 0.0941726 1
0.619424 0.19 1.09229 0.0943268 1
0.670653 0.19 1.06612 0.0942035 1
0.721017 0.19 1.08673 0.0942973 1
0.772065 0.19 1.07082 0.094223 1
0.822587 0.19 1.08329 0.0942801 1
0.873523 0.19 1.07363 0.0942352 1
0.924138 0.19 1.08118 0.0942698 1
0.949138 0.16455 0.906013 0.0812991 0
0.975005 0.19 1.07532 0.0942427 1
1.02568 0.19 1.07989 0.0942637 1
1.0765 0.19 1.07634 0.0942473 1
1.12721 0.19 1.07911 0.0942601 1
1.178 0.19 1.07696 0.0942501 1
1.22873 0.19 1.07864 0.0942578 1
1.27951 0.19 1.07733 0.0942518 1
1.33025 0.19 1.07835 0.0942565 1
1.38102 0.19 1.07755 0.0942529 1
1.41102 0.169218 0.925293 0.0838742 0
1.43177 0.19 1.07817 0.0942557 1
1.48254 0.19 1.07769 0.0942535 1
1.53329 0.19 1.07806 0.0942552 1
1.58405 0.19 1.07777 0.0942539 1
1.63481 0.19 1.078 0.0942549 1
1.68557 0.19 1.07782 0.0942541 1
1.73632 0.19 1.07796 0.0942547 1
1.78708 0.19 1.07785 0.0942542 1
1.83784 0.19 1.07794 0.0942546 1
1.87284 0.173915 0.959104 0.0863685 0
1.8886 0.19 1.07787 0.0942543 1
1.93935 0.19 1.07792 0.0942545 1
1.99011 0.19 1.07788 0.0942544 1
2.04087 0.19 1.07791 0.0942545 1
2.09163 0.19 1.07789 0.0942544 1
2.14239 0.19 1.07791 0.0942545 1
2.19314 0.19 1.07789 0.0942544 1
2.2439 0.19 1.07791 0.0942545 1
2.29466 0.19 1.0779 0.0942544 1
2.33466 0.17881 0.99866 0.0888713 0
2.34542 0.19 1.0779 0.0942545 1
2.39618 0.19 1.0779 0.0942544 1
2.44693 0.19 1.0779 0.0942545 1
2.49769 0.19 1.0779 0.0942544 1
2.54845 0.19 1.0779 0.0942545 1
2.59921 0.19 1.0779 0.0942544 1
2.64997 0.19 1.0779 0.0942544 1
2.70072 0.19 1.0779 0.0942544 1
2.75148 0.19 1.0779 0.0942544 1
2.79648 0.183903 1.03832 0.0913732 0
2.80224 0.19 1.0779 0.0942544 1
2.853 0.19 1.0779 0.0942544 1
2.90376 0.19 1.0779 0.0942544 1
2.95451 0.19 1.0779 0.0942544 1
3.00527 0.19 1.0779 0.0942544 1
3.05603 0.19 1.0779 0.0942544 1
3.10679 0.19 1.0779 0.0942544 1
3.15754 0.19 1.0779 0.0942544 1
3.2083 0.19 1.0779 0.0942544 1
3.2583 0.189185 1.07326 0.0938752 0
3.25906 0.19 1.0779 0.0942544 1
3.30982 0.19 1.0779 0.0942544 1
3.36058 0.19 1.0779 0.0942544 1
3.41133 0.19 1.0779 0.0942544 1
3.46209 0.19 1.0779 0.0942544 1
3.51285 0.19 1.0779 0.0942544 1
3.56361 0.19 1.0779 0.0942544 1
3.61437 0.19 1.0779 0.0942544 1
3.66512 0.19 1.0779 0.0942544 1
3.72012 0.194622 1.09991 0.0963772 0
3.71588 0.19 1.0779 0.0942544 1
3.76664 0.19 1.0779 0.0942544 1
3.8174 0.19 1.0779 0.0942544 1
3.86815 0.19 1.0779 0.0942544 1
3.91891 0.19 1.0779 0.0942544 1
3.96967 0.19 1.0779 0.0942544 1
4.02043 0.19 1.0779 0.0942544 1
4.07119 0.19 1.0779 0.0942544 1
4.12194 0.19 1.0779 0.0942544 1
4.1727 0.19 1.0779 0.0942544 1
4.1777 0.146073 1.00842 0.0713572 0
4.22346 0.19 1.0779 0.0942544 1
4.27422 0.19 1.0779 0.0942544 1
4.32498 0.19 1.0779 0.0942544 1
4.37573 0.19 1.0779 0.0942544 1
4.42649 0.19 1.0779 0.0942544 1
4.47725 0.19 1.0779 0.0942544 1
4.52801 0.19 1.0779 0.0942544 1
4.57877 0.19 1.0779 0.0942544 1
4.62952 0.19 1.0779 0.0942544 1
4.63952 0.150966 0.951752 0.0738592 0
4.68028 0.19 1.0779 0.0942544 1
4.73104 0.19 1.0779 0.0942544 1
4.7818 0.19 1.0779 0.0942544 1
4.83255 0.19 1.0779 0.0942544 1
4.88331 0.19 1.0779 0.0942544 1
4.93407 0.19 1.0779 0.0942544 1
4.98483 0.19 1.0779 0.0942544 1
5.03559 0.19 1.0779 0.0942544 1
5.08634 0.19 1.0779 0.0942544 1
5.10134 0.155623 0.914305 0.0763612 0
5.1371 0.19 1.0779 0.0942544 1
5.18786 0.19 1.0779 0.0942544 1
5.23862 0.19 1.0779 0.0942544 1
5.28938 0.19 1.0779 0.0942544 1
5.34013 0.19 1.0779 0.0942544 1
5.39089 0.19 1.0779 0.0942544 1
5.44165 0.19 1.0779 0.0942544 1
5.49241 0.19 1.0779 0.0942544 1
5.54317 0.19 1.0779 0.0942544 1
5.56317 0.160146 0.898538 0.0788632 0
5.59392 0.19 1.0779 0.0942544 1
5.64468 0.19 1.0779 0.0942544 1
5.69544 0.19 1.0779 0.0942544 1
5.7462 0.19 1.0779 0.0942544 1
5.79695 0.19 1.0779 0.0942544 1
5.84771 0.19 1.0779 0.0942544 1
5.89847 0.19 1.0779 0.0942544 1
5.94923 0.19 1.0779 0.0942544 1
5.99999 0.19 1.0779 0.0942544 1
6.02499 0.164643 0.903448 0.0813652 0
6.05074 0.19 1.0779 0.0942544 1
6.1015 0.19 1.0779 0.0942544 1
6.15226 0.19 1.0779 0.0942544 1
6.20302 0.19 1.0779 0.0942544 1
6.25378 0.19 1.0779 0.0942544 1
6.30453 0.19 1.0779 0.0942544 1
6.35529 0.19 1.0779 0.0942544 1
6.40605 0.19 1.0779 0.0942544 1
6.45681 0.19 1.0779 0.0942544 1
6.48681 0.169209 0.925398 0.0838672 0
6.50757 0.19 1.0779 0.0942544 1
6.55832 0.19 1.0779 0.0942544 1
6.60908 0.19 1.0779 0.0942544 1
6.65984 0.19 1.0779 0.0942544 1
6.7106 0.19 1.0779 0.0942544 1
6.76135 0.19 1.0779 0.0942544 1
6.81211 0.19 1.0779 0.0942544 1
6.86287 0.19 1.0779 0.0942544 1
6.91363 0.19 1.0779 0.0942544 1
6.94863 0.173916 0.95911 0.0863692 0
6.96439 0.19 1.0779 0.0942544 1
7.01514 0.19 1.0779 0.0942544 1
7.0659 0.19 1.0779 0.0942544 1
7.11666 0.19 1.0779 0.0942544 1
7.16742 0.19 1.0779 0.0942544 1
7.21818 0.19 1.0779 0.0942544 1
7.26893 0.19 1.0779 0.0942544 1
7.31969 0.19 1.0779 0.0942544 1
7.37045 0.19 1.0779 0.0942544 1
7.41045 0.17881 0.998658 0.0888712 0
7.42121 0.19 1.0779 0.0942544 1
7.47197 0.19 1.0779 0.0942544 1
7.52272 0.19 1.0779 0.0942544 1
7.57348 0.19 1.0779 0.0942544 1
7.62424 0.19 1.0779 0.0942544 1
7.675 0.19 1.0779 0.0942544 1
7.72575 0.19 1.0779 0.0942544 1
7.77651 0.19 1.0779 0.0942544 1
7.82727 0.19 1.0779 0.0942544 1
7.87227 0.183903 1.03832 0.0913732 0
7.87803 0.19 1.0779 0.0942544 1
7.92879 0.19 1.0779 0.0942544 1
7.97954 0.19 1.0779 0.0942544 1
8.0303 0.19 1.0779 0.0942544 1
8.08106 0.19 1.0779 0.0942544 1
8.13182 0.19 1.0779 0.0942544 1
8.18258 0.19 1.0779 0.0942544 1
8.23333 0.19 1.0779 0.0942544 1
8.28409 0.19 1.0779 0.0942544 1
8.33409 0.189185 1.07326 0.0938752 0
8.33485 0.19 1.0779 0.0942544 1
8.38561 0.19 1.0779 0.0942544 1
8.43636 0.19 1.0779 0.0942544 1
8.48712 0.19 1.0779 0.0942544 1
8.53788 0.19 1.0779 0.0942544 1
8.58864 0.19 1.0779 0.0942544 1
8.6394 0.19 1.0779 0.0942544 1
8.69015 0.19 1.0779 0.0942544 1
8.74091 0.19 1.0779 0.0942544 1
8.79591 0.194622 1.09991 0.0963772 0
8.79167 0.19 1.0779 0.0942544 1
8.84243 0.19 1.0779 0.0942544 1
8.89319 0.19 1.0779 0.0942544 1
8.94394 0.19 1.0779 0.0942544 1
8.9947 0.19 1.0779 0.0942544 1
9.04546 0.19 1.0779 0.0942544 1
9.09622 0.19 1.0779 0.0942544 1
9.14698 0.19 1.0779 0.0942544 1
9.19773 0.19 1.0779 0.0942544 1
9.24849 0.19 1.0779 0.0942544 1
9.25349 0.146073 1.00842 0.0713572 0
9.29925 0.19 1.0779 0.0942544 1
9.35001 0.19 1.0779 0.0942544 1
9.40076 0.19 1.0779 0.0942544 1
9.45152 0.19 1.0779 0.0942544 1
9.50228 0.19 1.0779 0.0942544 1
9.55304 0.19 1.0779 0.0942544 1
9.6038 0.19 1.0779 0.0942544 1
9.65455 0.19 1.0779 0.0942544 1
9.70531 0.19 1.0779 0.0942544 1
9.71531 0.150966 0.951752 0.0738592 0
9.75607 0.19 1.0779 0.0942544 1
9.80683 0.19 1.0779 0.0942544 1
9.85759 0.19 1.0779 0.0942544 1
9.90834 0.19 1.0779 0.0942544 1
9.9591 0.19 1.0779 0.0942544 1
10.0099 0.19 1.0779 0.0942544 1
10.0606 0.19 1.0779 0.0942544 1
10.1114 0.19 1.0779 0.0942544 1
10.1621 0.19 1.0779 0.0942544 1
10.1771 0.155623 0.914305 0.0763612 0
10.2129 0.19 1.0779 0.0942544 1
10.2636 0.19 1.0779 0.0942544 1
10.3144 0.19 1.0779 0.0942544 1
10.3652 0.19 1.0779 0.0942544 1
10.4159 0.19 1.0779 0.0942544 1
10.4667 0.19 1.0779 0.0942544 1
10.5174 0.19 1.0779 0.0942544 1
10.5682 0.19 1.0779 0.0942544 1
10.619 0.19 1.0779 0.0942544 1
10.639 0.160146 0.898538 0.0788632 0
10.6697 0.19 1.0779 0.0942544 1
10.7205 0.19 1.0779 0.0942544 1
10.7712 0.19 1.0779 0.0942544 1
10.822 0.19 1.0779 0.0942544 1
10.8727 0.19 1.0779 0.0942544 1
10.9235 0.19 1.0779 0.0942544 1
10.9743 0.19 1.0779 0.0942544 1
11.025 0.19 1.0779 0.0942544 1
11.0758 0.19 1.0779 0.0942544 1
11.1008 0.164643 0.903448 0.0813652 0
11.1265 0.19 1.0779 0.0942544 1
11.1773 0.19 1.0779 0.0942544 1
11.228 0.19 1.0779 0.0942544 1
11.2788 0.19 1.0779 0.0942544 1
11.3296 0.19 1.0779 0.0942544 1
11.3803 0.19 1.0779 0.0942544 1
11.4311 0.19 1.0779 0.0942544 1
11.4818 0.19 1.0779 0.0942544 1
11.5326 0.19 1.0779 0.0942544 1
11.5626 0.169209 0.925398 0.0838672 0
11.5834 0.19 1.0779 0.0942544 1
11.6341 0.19 1.0779 0.0942544 1
11.6849 0.19 1.0779 0.0942544 1
11.7356 0.19 1.0779 0.0942544 1
11.7864 0.19 1.0779 0.0942544 1
11.8371 0.19 1.0779 0.0942544 1
11.8879 0.19 1.0779 0.0942544 1
11.9387 0.19 1.0779 0.0942544 1
11.9894 0.19 1.0779 0.0942544 1
12.0244 0.173916 0.95911 0.0863692 0
12.0402 0.19 1.0779 0.0942544 1
12.0909 0.19 1.0779 0.0942544 1
12.1417 0.19 1.0779 0.0942544 1
12.1924 0.19 1.0779 0.0942544 1
12.2432 0.19 1.0779 0.0942544 1
12.294 0.19 1.0779 0.0942544 1
12.3447 0.19 1.0779 0.0942544 1
12.3955 0.19 1.0779 0.0942544 1
12.4462 0.19 1.0779 0.0942544 1
12.4862 0.17881 0.998658 0.0888712 0
12.497 0.19 1.0779 0.0942544 1
12.5478 0.19 1.0779 0.0942544 1
12.5985 0.19 1.0779 0.0942544 1
12.6493 0.19 1.0779 0.0942544 1
12.7 0.19 1.0779 0.0942544 1
12.7508 0.19 1.0779 0.0942544 1
12.8015 0.19 1.0779 0.0942544 1
12.8523 0.19 1.0779 0.0942544 1
12.9031 0.19 1.0779 0.0942544 1
12.9481 0.183903 1.03832 0.0913732 0
12.9538 0.19 1.0779 0.0942544 1
13.0046 0.19 1.0779 0.0942544 1
13.0553 0.19 1.0779 0.0942544 1
13.1061 0.19 1.0779 0.0942544 1
13.1568 0.19 1.0779 0.0942544 1
13.2076 0.19 1.0779 0.0942544 1
13.2584 0.19 1.0779 0.0942544 1
13.3091 0.19 1.0779 0.0942544 1
13.3599 0.19 1.0779 0.0942544 1
13.4099 0.189185 1.07326 0.0938752 0
13.4106 0.19 1.0779 0.0942544 1
13.4614 0.19 1.0779 0.0942544 1
13.5122 0.19 1.0779 0.0942544 1
13.5629 0.19 1.0779 0.0942544 1
13.6137 0.19 1.0779 0.0942544 1
13.6644 0.19 1.0779 0.0942544 1
13.7152 0.19 1.0779 0.0942544 1
13.7659 0.19 1.0779 0.0942544 1
13.8167 0.19 1.0779 0.0942544 1
13.8717 0.194622 1.09991 0.0963772 0
13.8675 0.19 1.0779 0.0942544 1
13.9182 0.19 1.0779 0.0942544 1
13.969 0.19 1.0779 0.0942544 1
14.0197 0.19 1.0779 0.0942544 1
14.0705 0.19 1.0779 0.0942544 1
14.1212 0.19 1.0779 0.0942544 1
14.172 0.19 1.0779 0.0942544 1
14.2228 0.19 1.0779 0.0942544 1
14.2735 0.19 1.0779 0.0942544 1
14.3243 0.19 1.0779 0.0942544 1
14.3293 0.146073 1.00842 0.0713572 0
14.375 0.19 1.0779 0.0942544 1
14.4258 0.19 1.0779 0.0942544 1
14.4766 0.19 1.0779 0.0942544 1
14.5273 0.19 1.0779 0.0942544 1
14.5781 0.19 1.0779 0.0942544 1
14.6288 0.19 1.0779 0.0942544 1
14.6796 0.19 1.0779 0.0942544 1
14.7303 0.19 1.0779 0.0942544 1
14.7811 0.19 1.0779 0.0942544 1
14.7911 0.150966 0.951752 0.0738592 0
14.8319 0.19 1.0779 0.0942544 1
14.8826 0.19 1.0779 0.0942544 1
14.9334 0.19 1.0779 0.0942544 1
14.9841 0.19 1.0779 0.0942544 1
15.0349 0.19 1.0779 0.0942544 1
15.0856 0.19 1.0779 0.0942544 1
15.1364 0.19 1.0779 0.0942544 1
15.1872 0.19 1.0779 0.0942544 1
15.2379 0.19 1.0779 0.0942544 1
15.2529 0.155623 0.914305 0.0763612 0
15.2887 0.19 1.0779 0.0942544 1
15.3394 0.19 1.0779 0.0942544 1
15.3902 0.19 1.0779 0.0942544 1
15.441 0.19 1.0779 0.0942544 1
15.4917 0.19 1.0779 0.0942544 1
15.5425 0.19 1.0779 0.0942544 1
15.5932 0.19 1.0779 0.0942544 1
15.644 0.19 1.0779 0.0942544 1
15.6947 0.19 1.0779 0.0942544 1
15.7147 0.160146 0.898538 0.0788632 0
15.7455 0.19 1.0779 0.0942544 1
15.7963 0.19 1.0779 0.0942544 1
15.847 0.19 1.0779 0.0942544 1
15.8978 0.19 1.0779 0.0942544 1
15.9485 0.19 1.0779 0.0942544 1
15.9993 0.19 1.0779 0.0942544 1
16.05 0.19 1.0779 0.0942544 1
16.1008 0.19 1.0779 0.0942544 1
16.1516 0.19 1.0779 0.0942544 1
16.1766 0.164643 0.903448 0.0813652 0
16.2023 0.19 1.0779 0.0942544 1
16.2531 0.19 1.0779 0.0942544 1
16.3038 0.19 1.0779 0.0942544 1
16.3546 0.19 1.0779 0.0942544 1
16.4054 0.19 1.0779 0.0942544 1
16.4561 0.19 1.0779 0.0942544 1
16.5069 0.19 1.0779 0.0942544 1
16.5576 0.19 1.0779 0.0942544 1
16.6084 0.19 1.0779 0.0942544 1
16.6384 0.169209 0.925398 0.0838672 0
16.6591 0.19 1.0779 0.0942544 1
16.7099 0.19 1.0779 0.0942544 1
16.7607 0.19 1.0779 0.0942544 1
16.8114 0.19 1.0779 0.0942544 1
16.8622 0.19 1.0779 0.0942544 1
16.9129 0.19 1.0779 0.0942544 1
16.9637 0.19 1.0779 0.0942544 1
17.0144 0.19 1.0779 0.0942544 1
17.0652 0.19 1.0779 0.0942544 1
17.1002 0.173916 0.95911 0.0863692 0
17.116 0.19 1.0779 0.0942544 1
17.1667 0.19 1.0779 0.0942544 1
17.2175 0.19 1.0779 0.0942544 1
17.2682 0.19 1.0779 0.0942544 1
17.319 0.19 1.0779 0.0942544 1
17.3698 0.19 1.0779 0.0942544 1
17.4205 0.19 1.0779 0.0942544 1
17.4713 0.19 1.0779 0.0942544 1
17.522 0.19 1.0779 0.0942544 1
17.562 0.17881 0.998658 0.0888712 0
17.5728 0.19 1.0779 0.0942544 1
17.6235 0.19 1.0779 0.0942544 1
17.6743 0.19 1.0779 0.0942544 1
17.7251 0.19 1.0779 0.0942544 1
17.7758 0.19 1.0779 0.0942544 1
17.8266 0.19 1.0779 0.0942544 1
17.8773 0.19 1.0779 0.0942544 1
17.9281 0.19 1.0779 0.0942544 1
17.9788 0.19 1.0779 0.0942544 1
18.0238 0.183903 1.03832 0.0913732 0
18.0296 0.19 1.0779 0.0942544 1
18.0804 0.19 1.0779 0.0942544 1
18.1311 0.19 1.0779 0.0942544 1
18.1819 0.19 1.0779 0.0942544 1
18.2326 0.19 1.0779 0.0942544 1
18.2834 0.19 1.0779 0.0942544 1
18.3342 0.19 1.0779 0.0942544 1
18.3849 0.19 1.0779 0.0942544 1
18.4357 0.19 1.0779 0.0942544 1
18.4857 0.189185 1.07326 0.0938752 0
18.4864 0.19 1.0779 0.0942544 1
18.5372 0.19 1.0779 0.0942544 1
18.5879 0.19 1.0779 0.0942544 1
18.6387 0.19 1.0779 0.0942544 1
18.6895 0.19 1.0779 0.0942544 1
18.7402 0.19 1.0779 0.0942544 1
18.791 0.19 1.0779 0.0942544 1
18.8417 0.19 1.0779 0.0942544 1
18.8925 0.19 1.0779 0.0942544 1
18.9475 0.194622 1.09991 0.0963772 0
18.9432 0.19 1.0779 0.0942544 1
18.994 0.19 1.0779 0.0942544 1
19.0448 0.19 1.0779 0.0942544 1
19.0955 0.19 1.0779 0.0942544 1
19.1463 0.19 1.0779 0.0942544 1
19.197 0.19 1.0779 0.0942544 1
19.2478 0.19 1.0779 0.0942544 1
19.2986 0.19 1.0779 0.0942544 1
19.3493 0.19 1.0779 0.0942544 1
19.4001 0.19 1.0779 0.0942544 1
19.4051 0.146073 1.00842 0.0713572 0
19.4508 0.19 1.0779 0.0942544 1
19.5016 0.19 1.0779 0.0942544 1
19.5523 0.19 1.0779 0.0942544 1
19.6031 0.19 1.0779 0.0942544 1
19.6539 0.19 1.0779 0.0942544 1
19.7046 0.19 1.0779 0.0942544 1
19.7554 0.19 1.0779 0.0942544 1
19.8061 0.19 1.0779 0.0942544 1
19.8569 0.19 1.0779 0.0942544 1
19.8669 0.150966 0.951752 0.0738592 0
19.9076 0.19 1.0779 0.0942544 1
19.9584 0.19 1.0779 0.0942544 1
20.0092 0.19 1.0779 0.0942544 1
20.0599 0.19 1.0779 0.0942544 1
20.1107 0.19 1.0779 0.0942544 1
20.1614 0.19 1.0779 0.0942544 1
20.2122 0.19 1.0779 0.0942544 1
20.263 0.19 1.0779 0.0942544 1
20.3137 0.19 1.0779 0.0942544 1
20.3287 0.155623 0.914305 0.0763612 0
20.3645 0.19 1.0779 0.0942544 1
20.4152 0.19 1.0779 0.0942544 1
20.466 0.19 1.0779 0.0942544 1
20.5167 0.19 1.0779 0.0942544 1
20.5675 0.19 1.0779 0.0942544 1
20.6183 0.19 1.0779 0.0942544 1
20.669 0.19 1.0779 0.0942544 1
20.7198 0.19 1.0779 0.0942544 1
20.7705 0.19 1.0779 0.0942544 1
20.7905 0.160146 0.898538 0.0788632 0
20.8213 0.19 1.0779 0.0942544 1
20.872 0.19 1.0779 0.0942544 1
20.9228 0.19 1.0779 0.0942544 1
20.9736 0.19 1.0779 0.0942544 1
21.0243 0.19 1.0779 0.0942544 1
21.0751 0.19 1.0779 0.0942544 1
21.1258 0.19 1.0779 0.0942544 1
21.1766 0.19 1.0779 0.0942544 1
21.2274 0.19 1.0779 0.0942544 1
21.2524 0.164643 0.903448 0.0813652 0
21.2781 0.19 1.0779 0.0942544 1
21.3289 0.19 1.0779 0.0942544 1
21.3796 0.19 1.0779 0.0942544 1
21.4304 0.19 1.0779 0.0942544 1
21.4811 0.19 1.0779 0.0942544 1
21.5319 0.19 1.0779 0.0942544 1
21.5827 0.19 1.0779 0.0942544 1
21.6334 0.19 1.0779 0.0942544 1
21.6842 0.19 1.0779 0.0942544 1
21.7142 0.169209 0.925398 0.0838672 0
21.7349 0.19 1.0779 0.0942544 1
21.7857 0.19 1.0779 0.0942544 1
21.8364 0.19 1.0779 0.0942544 1
21.8872 0.19 1.0779 0.0942544 1
21.938 0.19 1.0779 0.0942544 1
21.9887 0.19 1.0779 0.0942544 1
22.0395 0.19 1.0779 0.0942544 1
22.0902 0.19 1.0779 0.0942544 1
22.141 0.19 1.0779 0.0942544 1
22.176 0.173916 0.95911 0.0863692 0
22.1918 0.19 1.0779 0.0942544 1
22.2425 0.19 1.0779 0.0942544 1
22.2933 0.19 1.0779 0.0942544 1
22.344 0.19 1.0779 0.0942544 1
22.3948 0.19 1.0779 0.0942544 1
22.4455 0.19 1.0779 0.0942544 1
22.4963 0.19 1.0779 0.0942544 1
22.5471 0.19 1.0779 0.0942544 1
22.5978 0.19 1.0779 0.0942544 1
22.6378 0.17881 0.998658 0.0888712 0
22.6486 0.19 1.0779 0.0942544 1
22.6993 0.19 1.0779 0.0942544 1
22.7501 0.19 1.0779 0.0942544 1
22.8008 0.19 1.0779 0.0942544 1
22.8516 0.19 1.0779 0.0942544 1
22.9024 0.19 1.0779 0.0942544 1
22.9531 0.19 1.0779 0.0942544 1
23.0039 0.19 1.0779 0.0942544 1
23.0546 0.19 1.0779 0.0942544 1
23.0996 0.183903 1.03832 0.0913732 0
23.1054 0.19 1.0779 0.0942544 1
23.1562 0.19 1.0779 0.0942544 1
23.2069 0.19 1.0779 0.0942544 1
23.2577 0.19 1.0779 0.0942544 1
23.3084 0.19 1.0779 0.0942544 1
23.3592 0.19 1.0779 0.0942544 1
23.4099 0.19 1.0779 0.0942544 1
23.4607 0.19 1.0779 0.0942544 1
23.5115 0.19 1.0779 0.0942544 1
23.5615 0.189185 1.07326 0.0938752 0
23.5622 0.19 1.0779 0.0942544 1
23.613 0.19 1.0779 0.0942544 1
23.6637 0.19 1.0779 0.0942544 1
23.7145 0.19 1.0779 0.0942544 1
23.7652 0.19 1.0779 0.0942544 1
23.816 0.19 1.0779 0.0942544 1
23.8668 0.19 1.0779 0.0942544 1
23.9175 0.19 1.0779 0.0942544 1
23.9683 0.19 1.0779 0.0942544 1
24.0233 0.194622 1.09991 0.0963772 0
24.019 0.19 1.0779 0.0942544 1
24.0698 0.19 1.0779 0.0942544 1
24.1206 0.19 1.0779 0.0942544 1
24.1713 0.19 1.0779 0.0942544 1
24.2221 0.19 1.0779 0.0942544 1
24.2728 0.19 1.0779 0.0942544 1
24.3236 0.19 1.0779 0.0942544 1
24.3743 0.19 1.0779 0.0942544 1
24.4251 0.19 1.0779 0.0942544 1
24.4759 0.19 1.0779 0.0942544 1
24.4809 0.146073 1.00842 0.0713572 0
24.5266 0.19 1.0779 0.0942544 1
24.5774 0.19 1.0779 0.0942544 1
24.6281 0.19 1.0779 0.0942544 1
24.6789 0.19 1.0779 0.0942544 1
24.7296 0.19 1.0779 0.0942544 1
24.7804 0.19 1.0779 0.0942544 1
24.8312 0.19 1.0779 0.0942544 1
24.8819 0.19 1.0779 0.0942544 1
24.9327 0.19 1.0779 0.0942544 1
24.9427 0.150966 0.951752 0.0738592 0
24.9834 0.19 1.0779 0.0942544 1
25.0342 0.19 1.0779 0.0942544 1
25.085 0.19 1.0779 0.0942544 1
25.1357 0.19 1.0779 0.0942544 1
25.1865 0.19 1.0779 0.0942544 1
25.2372 0.19 1.0779 0.0942544 1
25.288 0.19 1.0779 0.0942544 1
25.3387 0.19 1.0779 0.0942544 1
25.3895 0.19 1.0779 0.0942544 1
25.4045 0.155623 0.914305 0.0763612 0
25.4403 0.19 1.0779 0.0942544 1
25.491 0.19 1.0779 0.0942544 1
25.5418 0.19 1.0779 0.0942544 1
25.5925 0.19 1.0779 0.0942544 1
25.6433 0.19 1.0779 0.0942544 1
25.694 0.19 1.0779 0.0942544 1
25.7448 0.19 1.0779 0.0942544 1
25.7956 0.19 1.0779 0.0942544 1
25.8463 0.19 1.0779 0.0942544 1
25.8663 0.160146 0.898538 0.0788632 0
25.8971 0.19 1.0779 0.0942544 1
25.9478 0.19 1.0779 0.0942544 1
25.9986 0.19 1.0779 0.0942544 1
26.0494 0.19 1.0779 0.0942544 1
26.1001 0.19 1.0779 0.0942544 1
26.1509 0.19 1.0779 0.0942544 1
26.2016 0.19 1.0779 0.0942544 1
26.2524 0.19 1.0779 0.0942544 1
26.3031 0.19 1.0779 0.0942544 1
26.3281 0.164643 0.903448 0.0813652 0
26.3539 0.19 1.0779 0.0942544 1
26.4047 0.19 1.0779 0.0942544 1
26.4554 0.19 1.0779 0.0942544 1
26.5062 0.19 1.0779 0.0942544 1
26.5569 0.19 1.0779 0.0942544 1
26.6077 0.19 1.0779 0.0942544 1
26.6584 0.19 1.0779 0.0942544 1
26.7092 0.19 1.0779 0.0942544 1
26.76 0.19 1.0779 0.0942544 1
26.79 0.169209 0.925398 0.0838672 0
26.8107 0.19 1.0779 0.0942544 1
26.8615 0.19 1.0779 0.0942544 1
26.9122 0.19 1.0779 0.0942544 1
26.963 0.19 1.0779 0.0942544 1
27.0138 0.19 1.0779 0.0942544 1
27.0645 0.19 1.0779 0.0942544 1
27.1153 0.19 1.0779 0.0942544 1
27.166 0.19 1.0779 0.0942544 1
27.2168 0.19 1.0779 0.0942544 1
27.2518 0.173916 0.95911 0.0863692 0
27.2675 0.19 1.0779 0.0942544 1
27.3183 0.19 1.0779 0.0942544 1
27.3691 0.19 1.0779 0.0942544 1
27.4198 0.19 1.0779 0.0942544 1
27.4706 0.19 1.0779 0.0942544 1
27.5213 0.19 1.0779 0.0942544 1
27.5721 0.19 1.0779 0.0942544 1
27.6228 0.19 1.0779 0.0942544 1
27.6736 0.19 1.0779 0.0942544 1
27.7136 0.17881 0.998658 0.0888712 0
27.7244 0.19 1.0779 0.0942544 1
27.7751 0.19 1.0779 0.0942544 1
27.8259 0.19 1.0779 0.0942544 1
27.8766 0.19 1.0779 0.0942544 1
27.9274 0.19 1.0779 0.0942544 1
27.9782 0.19 1.0779 0.0942544 1
28.0289 0.19 1.0779 0.0942544 1
28.0797 0.19 1.0779 0.0942544 1
28.1304 0.19 1.0779 0.0942544 1
28.1754 0.183903 1.03832 0.0913732 0
28.1812 0.19 1.0779 0.0942544 1
28.2319 0.19 1.0779 0.0942544 1
28.2827 0.19 1.0779 0.0942544 1
28.3335 0.19 1.0779 0.0942544 1
28.3842 0.19 1.0779 0.0942544 1
28.435 0.19 1.0779 0.0942544 1
28.4857 0.19 1.0779 0.0942544 1
28.5365 0.19 1.0779 0.0942544 1
28.5872 0.19 1.0779 0.0942544 1
28.6372 0.189185 1.07326 0.0938752 0
28.638 0.19 1.0779 0.0942544 1
28.6888 0.19 1.0779 0.0942544 1
28.7395 0.19 1.0779 0.0942544 1
28.7903 0.19 1.0779 0.0942544 1
28.841 0.19 1.0779 0.0942544 1
28.8918 0.19 1.0779 0.0942544 1
28.9426 0.19 1.0779 0.0942544 1
28.9933 0.19 1.0779 0.0942544 1
29.0441 0.19 1.0779 0.0942544 1
29.0991 0.194622 1.09991 0.0963772 0
29.0948 0.19 1.0779 0.0942544 1
29.1456 0.19 1.0779 0.0942544 1
29.1963 0.19 1.0779 0.0942544 1
29.2471 0.19 1.0779 0.0942544 1
29.2979 0.19 1.0779 0.0942544 1
29.3486 0.19 1.0779 0.0942544 1
29.3994 0.19 1.0779 0.0942544 1
29.4501 0.19 1.0779 0.0942544 1
29.5009 0.19 1.0779 0.0942544 1
29.5516 0.19 1.0779 0.0942544 1
29.5566 0.146073 1.00842 0.0713572 0
29.6024 0.19 1.0779 0.0942544 1
29.6532 0.19 1.0779 0.0942544 1
29.7039 0.19 1.0779 0.0942544 1
29.7547 0.19 1.0779 0.0942544 1
29.8054 0.19 1.0779 0.0942544 1
29.8562 0.19 1.0779 0.0942544 1
29.907 0.19 1.0779 0.0942544 1
29.9577 0.19 1.0779 0.0942544 1
30.0085 0.19 1.0779 0.0942544 1
30.0185 0.150966 0.951752 0.0738592 0
30.0592 0.19 1.0779 0.0942544 1
30.11 0.19 1.0779 0.0942544 1
30.1607 0.19 1.0779 0.0942544 1
30.2115 0.19 1.0779 0.0942544 1
30.2623 0.19 1.0779 0.0942544 1
30.313 0.19 1.0779 0.0942544 1
30.3638 0.19 1.0779 0.0942544 1
30.4145 0.19 1.0779 0.0942544 1
30.4653 0.19 1.0779 0.0942544 1
30.4803 0.155623 0.914305 0.0763612 0
30.516 0.19 1.0779 0.0942544 1
30.5668 0.19 1.0779 0.0942544 1
30.6176 0.19 1.0779 0.0942544 1
30.6683 0.19 1.0779 0.0942544 1
30.7191 0.19 1.0779 0.0942544 1
30.7698 0.19 1.0779 0.0942544 1
30.8206 0.19 1.0779 0.0942544 1
30.8714 0.19 1.0779 0.0942544 1
30.9221 0.19 1.0779 0.0942544 1
30.9421 0.160146 0.898538 0.0788632 0
30.9729 0.19 1.0779 0.0942544 1
31.0236 0.19 1.0779 0.0942544 1
31.0744 0.19 1.0779 0.0942544 1
31.1251 0.19 1.0779 0.0942544 1
31.1759 0.19 1.0779 0.0942544 1
31.2267 0.19 1.0779 0.0942544 1
31.2774 0.19 1.0779 0.0942544 1
31.3282 0.19 1.0779 0.0942544 1
31.3789 0.19 1.0779 0.0942544 1
31.4039 0.164643 0.903448 0.0813652 0
31.4297 0.19 1.0779 0.0942544 1
31.4804 0.19 1.0779 0.0942544 1
31.5312 0.19 1.0779 0.0942544 1
31.582 0.19 1.0779 0.0942544 1
31.6327 0.19 1.0779 0.0942544 1
31.6835 0.19 1.0779 0.0942544 1
31.7342 0.19 1.0779 0.0942544 1
31.785 0.19 1.0779 0.0942544 1
31.8358 0.19 1.0779 0.0942544 1
31.8658 0.169209 0.925398 0.0838672 0
31.8865 0.19 1.0779 0.0942544 1
31.9373 0.19 1.0779 0.0942544 1
31.988 0.19 1.0779 0.0942544 1
32.0388 0.19 1.0779 0.0942544 1
32.0895 0.19 1.0779 0.0942544 1
32.1403 0.19 1.0779 0.0942544 1
32.1911 0.19 1.0779 0.0942544 1
32.2418 0.19 1.0779 0.0942544 1
32.2926 0.19 1.0779 0.0942544 1
32.3276 0.173916 0.95911 0.0863692 0
32.3433 0.19 1.0779 0.0942544 1
32.3941 0.19 1.0779 0.0942544 1
32.4448 0.19 1.0779 0.0942544 1
32.4956 0.19 1.0779 0.0942544 1
32.5464 0.19 1.0779 0.0942544 1
32.5971 0.19 1.0779 0.0942544 1
32.6479 0.19 1.0779 0.0942544 1
32.6986 0.19 1.0779 0.0942544 1
32.7494 0.19 1.0779 0.0942544 1
32.7894 0.17881 0.998658 0.0888712 0
32.8002 0.19 1.0779 0.0942544 1
32.8509 0.19 1.0779 0.0942544 1
32.9017 0.19 1.0779 0.0942544 1
32.9524 0.19 1.0779 0.0942544 1
33.0032 0.19 1.0779 0.0942544 1
33.0539 0.19 1.0779 0.0942544 1
33.1047 0.19 1.0779 0.0942544 1
33.1555 0.19 1.0779 0.0942544 1
33.2062 0.19 1.0779 0.0942544 1
33.2512 0.183903 1.03832 0.0913732 0
33.257 0.19 1.0779 0.0942544 1
33.3077 0.19 1.0779 0.0942544 1
33.3585 0.19 1.0779 0.0942544 1
33.4092 0.19 1.0779 0.0942544 1
33.46 0.19 1.0779 0.0942544 1
33.5108 0.19 1.0779 0.0942544 1
33.5615 0.19 1.0779 0.0942544 1
33.6123 0.19 1.0779 0.0942544 1
33.663 0.19 1.0779 0.0942544 1
33.713 0.189185 1.07326 0.0938752 0
33.7138 0.19 1.0779 0.0942544 1
33.7646 0.19 1.0779 0.0942544 1
33.8153 0.19 1.0779 0.0942544 1
33.8661 0.19 1.0779 0.0942544 1
33.9168 0.19 1.0779 0.0942544 1
33.9676 0.19 1.0779 0.0942544 1
34.0183 0.19 1.0779 0.0942544 1
34.0691 0.19 1.0779 0.0942544 1
34.1199 0.19 1.0779 0.0942544 1
34.1749 0.194622 1.09991 0.0963772 0
34.1706 0.19 1.0779 0.0942544 1
34.2214 0.19 1.0779 0.0942544 1
34.2721 0.19 1.0779 0.0942544 1
34.3229 0.19 1.0779 0.0942544 1
34.3736 0.19 1.0779 0.0942544 1
34.4244 0.19 1.0779 0.0942544 1
34.4752 0.19 1.0779 0.0942544 1
34.5259 0.19 1.0779 0.0942544 1
34.5767 0.19 1.0779 0.0942544 1
34.6274 0.19 1.0779 0.0942544 1
34.6324 0.146073 1.00842 0.0713572 0
34.6782 0.19 1.0779 0.0942544 1
34.729 0.19 1.0779 0.0942544 1
34.7797 0.19 1.0779 0.0942544 1
34.8305 0.19 1.0779 0.0942544 1
34.8812 0.19 1.0779 0.0942544 1
34.932 0.19 1.0779 0.0942544 1
34.9827 0.19 1.0779 0.0942544 1
35.0335 0.19 1.0779 0.0942544 1
35.0843 0.19 1.0779 0.0942544 1
35.0943 0.150966 0.951752 0.0738592 0
35.135 0.19 1.0779 0.0942544 1
35.1858 0.19 1.0779 0.0942544 1
35.2365 0.19 1.0779 0.0942544 1
35.2873 0.19 1.0779 0.0942544 1
35.338 0.19 1.0779 0.0942544 1
35.3888 0.19 1.0779 0.0942544 1
35.4396 0.19 1.0779 0.0942544 1
35.4903 0.19 1.0779 0.0942544 1
35.5411 0.19 1.0779 0.0942544 1
35.5561 0.155623 0.914305 0.0763612 0
35.5918 0.19 1.0779 0.0942544 1
35.6426 0.19 1.0779 0.0942544 1
35.6934 0.19 1.0779 0.0942544 1
35.7441 0.19 1.0779 0.0942544 1
35.7949 0.19 1.0779 0.0942544 1
35.8456 0.19 1.0779 0.0942544 1
35.8964 0.19 1.0779 0.0942544 1
35.9471 0.19 1.0779 0.0942544 1
35.9979 0.19 1.0779 0.0942544 1
36.0179 0.160146 0.898538 0.0788632 0
36.0487 0.19 1.0779 0.0942544 1
36.0994 0.19 1.0779 0.0942544 1
36.1502 0.19 1.0779 0.0942544 1
36.2009 0.19 1.0779 0.0942544 1
36.2517 0.19 1.0779 0.0942544 1
36.3024 0.19 1.0779 0.0942544 1
36.3532 0.19 1.0779 0.0942544 1
36.404 0.19 1.0779 0.0942544 1
36.4547 0.19 1.0779 0.0942544 1
36.4797 0.164643 0.903448 0.0813652 0
36.5055 0.19 1.0779 0.0942544 1
36.5562 0.19 1.0779 0.0942544 1
36.607 0.19 1.0779 0.0942544 1
36.6578 0.19 1.0779 0.0942544 1
36.7085 0.19 1.0779 0.0942544 1
36.7593 0.19 1.0779 0.0942544 1
36.81 0.19 1.0779 0.0942544 1
36.8608 0.19 1.0779 0.0942544 1
36.9115 0.19 1.0779 0.0942544 1
36.9415 0.169209 0.925398 0.0838672 0
36.9623 0.19 1.0779 0.0942544 1
37.0131 0.19 1.0779 0.0942544 1
37.0638 0.19 1.0779 0.0942544 1
37.1146 0.19 1.0779 0.0942544 1
37.1653 0.19 1.0779 0.0942544 1
37.2161 0.19 1.0779 0.0942544 1
37.2668 0.19 1.0779 0.0942544 1
37.3176 0.19 1.0779 0.0942544 1
37.3684 0.19 1.0779 0.0942544 1
37.4034 0.173916 0.95911 0.0863692 0
37.4191 0.19 1.0779 0.0942544 1
37.4699 0.19 1.0779 0.0942544 1
37.5206 0.19 1.0779 0.0942544 1
37.5714 0.19 1.0779 0.0942544 1
37.6222 0.19 1.0779 0.0942544 1
37.6729 0.19 1.0779 0.0942544 1
37.7237 0.19 1.0779 0.0942544 1
37.7744 0.19 1.0779 0.0942544 1
37.8252 0.19 1.0779 0.0942544 1
37.8652 0.17881 0.998658 0.0888712 0
37.8759 0.19 1.0779 0.0942544 1
37.9267 0.19 1.0779 0.0942544 1
37.9775 0.19 1.0779 0.0942544 1
38.0282 0.19 1.0779 0.0942544 1
38.079 0.19 1.0779 0.0942544 1
38.1297 0.19 1.0779 0.0942544 1
38.1805 0.19 1.0779 0.0942544 1
38.2312 0.19 1.0779 0.0942544 1
38.282 0.19 1.0779 0.0942544 1
38.327 0.183903 1.03832 0.0913732 0
38.3328 0.19 1.0779 0.0942544 1
38.3835 0.19 1.0779 0.0942544 1
38.4343 0.19 1.0779 0.0942544 1
38.485 0.19 1.0779 0.0942544 1
38.5358 0.19 1.0779 0.0942544 1
38.5866 0.19 1.0779 0.0942544 1
38.6373 0.19 1.0779 0.0942544 1
38.6881 0.19 1.0779 0.0942544 1
38.7388 0.19 1.0779 0.0942544 1
38.7888 0.189185 1.07326 0.0938752 0
38.7896 0.19 1.0779 0.0942544 1
38.8403 0.19 1.0779 0.0942544 1
38.8911 0.19 1.0779 0.0942544 1
38.9419 0.19 1.0779 0.0942544 1
38.9926 0.19 1.0779 0.0942544 1
39.0434 0.19 1.0779 0.0942544 1
39.0941 0.19 1.0779 0.0942544 1
39.1449 0.19 1.0779 0.0942544 1
39.1956 0.19 1.0779 0.0942544 1
39.2506 0.194622 1.09991 0.0963772 0
39.2464 0.19 1.0779 0.0942544 1
39.2972 0.19 1.0779 0.0942544 1
39.3479 0.19 1.0779 0.0942544 1
39.3987 0.19 1.0779 0.0942544 1
39.4494 0.19 1.0779 0.0942544 1
39.5002 0.19 1.0779 0.0942544 1
39.551 0.19 1.0779 0.0942544 1
39.6017 0.19 1.0779 0.0942544 1
39.6525 0.19 1.0779 0.0942544 1
39.7032 0.19 1.0779 0.0942544 1
39.7082 0.146073 1.00842 0.0713572 0
39.754 0.19 1.0779 0.0942544 1
39.8047 0.19 1.0779 0.0942544 1
39.8555 0.19 1.0779 0.0942544 1
39.9063 0.19 1.0779 0.0942544 1
39.957 0.19 1.0779 0.0942544 1
40.0078 0.19 1.0779 0.0942544 1
40.0585 0.19 1.0779 0.0942544 1
40.1093 0.19 1.0779 0.0942544 1
40.16 0.19 1.0779 0.0942544 1
40.17 0.150966 0.951752 0.0738592 0
40.2108 0.19 1.0779 0.0942544 1
40.2616 0.19 1.0779 0.0942544 1
40.3123 0.19 1.0779 0.0942544 1
40.3631 0.19 1.0779 0.0942544 1
40.4138 0.19 1.0779 0.0942544 1
40.4646 0.19 1.0779 0.0942544 1
40.5154 0.19 1.0779 0.0942544 1
40.5661 0.19 1.0779 0.0942544 1
40.6169 0.19 1.0779 0.0942544 1
40.6319 0.155623 0.914305 0.0763612 0
40.6676 0.19 1.0779 0.0942544 1
40.7184 0.19 1.0779 0.0942544 1
40.7691 0.19 1.0779 0.0942544 1
40.8199 0.19 1.0779 0.0942544 1
40.8707 0.19 1.0779 0.0942544 1
40.9214 0.19 1.0779 0.0942544 1
40.9722 0.19 1.0779 0.0942544 1
41.0229 0.19 1.0779 0.0942544 1
41.0737 0.19 1.0779 0.0942544 1
41.0937 0.160146 0.898538 0.0788632 0
41.1244 0.19 1.0779 0.0942544 1
41.1752 0.19 1.0779 0.0942544 1
41.226 0.19 1.0779 0.0942544 1
41.2767 0.19 1.0779 0.0942544 1
41.3275 0.19 1.0779 0.0942544 1
41.3782 0.19 1.0779 0.0942544 1
41.429 0.19 1.0779 0.0942544 1
41.4797 0.19 1.0779 0.0942544 1
41.5305 0.19 1.0779 0.0942544 1
41.5555 0.164643 0.903448 0.0813652 0
41.5813 0.19 1.0779 0.0942544 1
41.632 0.19 1.0779 0.0942544 1
41.6828 0.19 1.0779 0.0942544 1
41.7335 0.19 1.0779 0.0942544 1
41.7843 0.19 1.0779 0.0942544 1
41.8351 0.19 1.0779 0.0942544 1
41.8858 0.19 1.0779 0.0942544 1
41.9366 0.19 1.0779 0.0942544 1
41.9873 0.19 1.0779 0.0942544 1
42.0173 0.169209 0.925398 0.0838672 0
42.0381 0.19 1.0779 0.0942544 1
42.0888 0.19 1.0779 0.0942544 1
42.1396 0.19 1.0779 0.0942544 1
42.1904 0.19 1.0779 0.0942544 1
42.2411 0.19 1.0779 0.0942544 1
42.2919 0.19 1.0779 0.0942544 1
42.3426 0.19 1.0779 0.0942544 1
42.3934 0.19 1.0779 0.0942544 1
42.4441 0.19 1.0779 0.0942544 1
42.4791 0.173916 0.95911 0.0863692 0
42.4949 0.19 1.0779 0.0942544 1
42.5457 0.19 1.0779 0.0942544 1
42.5964 0.19 1.0779 0.0942544 1
42.6472 0.19 1.0779 0.0942544 1
42.6979 0.19 1.0779 0.0942544 1
42.7487 0.19 1.0779 0.0942544 1
42.7995 0.19 1.0779 0.0942544 1
42.8502 0.19 1.0779 0.0942544 1
42.901 0.19 1.0779 0.0942544 1
42.941 0.17881 0.998658 0.0888712 0
42.9517 0.19 1.0779 0.0942544 1
43.0025 0.19 1.0779 0.0942544 1
43.0532 0.19 1.0779 0.0942544 1
43.104 0.19 1.0779 0.0942544 1
43.1548 0.19 1.0779 0.0942544 1
43.2055 0.19 1.0779 0.0942544 1
43.2563 0.19 1.0779 0.0942544 1
43.307 0.19 1.0779 0.0942544 1
43.3578 0.19 1.0779 0.0942544 1
43.4028 0.183903 1.03832 0.0913732 0
43.4085 0.19 1.0779 0.0942544 1
43.4593 0.19 1.0779 0.0942544 1
43.5101 0.19 1.0779 0.0942544 1
43.5608 0.19 1.0779 0.0942544 1
43.6116 0.19 1.0779 0.0942544 1
43.6623 0.19 1.0779 0.0942544 1
43.7131 0.19 1.0779 0.0942544 1
43.7639 0.19 1.0779 0.0942544 1
43.8146 0.19 1.0779 0.0942544 1
43.8646 0.189185 1.07326 0.0938752 0
43.8654 0.19 1.0779 0.0942544 1
43.9161 0.19 1.0779 0.0942544 1
43.9669 0.19 1.0779 0.0942544 1
44.0176 0.19 1.0779 0.0942544 1
44.0684 0.19 1.0779 0.0942544 1
44.1192 0.19 1.0779 0.0942544 1
44.1699 0.19 1.0779 0.0942544 1
44.2207 0.19 1.0779 0.0942544 1
44.2714 0.19 1.0779 0.0942544 1
44.3264 0.194622 1.09991 0.0963772 0
44.3222 0.19 1.0779 0.0942544 1
44.3729 0.19 1.0779 0.0942544 1
44.4237 0.19 1.0779 0.0942544 1
44.4745 0.19 1.0779 0.0942544 1
44.5252 0.19 1.0779 0.0942544 1
44.576 0.19 1.0779 0.0942544 1
44.6267 0.19 1.0779 0.0942544 1
44.6775 0.19 1.0779 0.0942544 1
44.7283 0.19 1.0779 0.0942544 1
44.779 0.19 1.0779 0.0942544 1
44.784 0.146073 1.00842 0.0713572 0
44.8298 0.19 1.0779 0.0942544 1
44.8805 0.19 1.0779 0.0942544 1
44.9313 0.19 1.0779 0.0942544 1
44.982 0.19 1.0779 0.0942544 1
45.0328 0.19 1.0779 0.0942544 1
45.0836 0.19 1.0779 0.0942544 1
45.1343 0.19 1.0779 0.0942544 1
45.1851 0.19 1.0779 0.0942544 1
45.2358 0.19 1.0779 0.0942544 1
45.2458 0.150966 0.951752 0.0738592 0
45.2866 0.19 1.0779 0.0942544 1
45.3373 0.19 1.0779 0.0942544 1
45.3881 0.19 1.0779 0.0942544 1
45.4389 0.19 1.0779 0.0942544 1
45.4896 0.19 1.0779 0.0942544 1
45.5404 0.19 1.0779 0.0942544 1
45.5911 0.19 1.0779 0.0942544 1
45.6419 0.19 1.0779 0.0942544 1
45.6927 0.19 1.0779 0.0942544 1
45.7077 0.155623 0.914305 0.0763612 0
45.7434 0.19 1.0779 0.0942544 1
45.7942 0.19 1.0779 0.0942544 1
45.8449 0.19 1.0779 0.0942544 1
45.8957 0.19 1.0779 0.0942544 1
45.9464 0.19 1.0779 0.0942544 1
45.9972 0.19 1.0779 0.0942544 1
46.048 0.19 1.0779 0.0942544 1
46.0987 0.19 1.0779 0.0942544 1
46.1495 0.19 1.0779 0.0942544 1
46.1695 0.160146 0.898538 0.0788632 0
46.2002 0.19 1.0779 0.0942544 1
46.251 0.19 1.0779 0.0942544 1
46.3017 0.19 1.0779 0.0942544 1
46.3525 0.19 1.0779 0.0942544 1
46.4033 0.19 1.0779 0.0942544 1
46.454 0.19 1.0779 0.0942544 1
46.5048 0.19 1.0779 0.0942544 1
46.5555 0.19 1.0779 0.0942544 1
46.6063 0.19 1.0779 0.0942544 1
46.6313 0.164643 0.903448 0.0813652 0
46.6571 0.19 1.0779 0.0942544 1
46.7078 0.19 1.0779 0.0942544 1
46.7586 0.19 1.0779 0.0942544 1
46.8093 0.19 1.0779 0.0942544 1
46.8601 0.19 1.0779 0.0942544 1
46.9108 0.19 1.0779 0.0942544 1
46.9616 0.19 1.0779 0.0942544 1
47.0124 0.19 1.0779 0.0942544 1
47.0631 0.19 1.0779 0.0942544 1
47.0931 0.169209 0.925398 0.0838672 0
47.1139 0.19 1.0779 0.0942544 1
47.1646 0.19 1.0779 0.0942544 1
47.2154 0.19 1.0779 0.0942544 1
47.2661 0.19 1.0779 0.0942544 1
47.3169 0.19 1.0779 0.0942544 1
47.3677 0.19 1.0779 0.0942544 1
47.4184 0.19 1.0779 0.0942544 1
47.4692 0.19 1.0779 0.0942544 1
47.5199 0.19 1.0779 0.0942544 1
47.5549 0.173916 0.95911 0.0863692 0
47.5707 0.19 1.0779 0.0942544 1
47.6215 0.19 1.0779 0.0942544 1
47.6722 0.19 1.0779 0.0942544 1
47.723 0.19 1.0779 0.0942544 1
47.7737 0.19 1.0779 0.0942544 1
47.8245 0.19 1.0779 0.0942544 1
47.8752 0.19 1.0779 0.0942544 1
47.926 0.19 1.0779 0.0942544 1
47.9768 0.19 1.0779 0.0942544 1
48.0168 0.17881 0.998658 0.0888712 0
48.0275 0.19 1.0779 0.0942544 1
48.0783 0.19 1.0779 0.0942544 1
48.129 0.19 1.0779 0.0942544 1
48.1798 0.19 1.0779 0.0942544 1
48.2305 0.19 1.0779 0.0942544 1
48.2813 0.19 1.0779 0.0942544 1
48.3321 0.19 1.0779 0.0942544 1
48.3828 0.19 1.0779 0.0942544 1
48.4336 0.19 1.0779 0.0942544 1
48.4786 0.183903 1.03832 0.0913732 0
48.4843 0.19 1.0779 0.0942544 1
48.5351 0.19 1.0779 0.0942544 1
48.5859 0.19 1.0779 0.0942544 1
48.6366 0.19 1.0779 0.0942544 1
48.6874 0.19 1.0779 0.0942544 1
48.7381 0.19 1.0779 0.0942544 1
48.7889 0.19 1.0779 0.0942544 1
48.8396 0.19 1.0779 0.0942544 1
48.8904 0.19 1.0779 0.0942544 1
48.9404 0.189185 1.07326 0.0938752 0
48.9412 0.19 1.0779 0.0942544 1
48.9919 0.19 1.0779 0.0942544 1
49.0427 0.19 1.0779 0.0942544 1
49.0934 0.19 1.0779 0.0942544 1
49.1442 0.19 1.0779 0.0942544 1
49.1949 0.19 1.0779 0.0942544 1
49.2457 0.19 1.0779 0.0942544 1
49.2965 0.19 1.0779 0.0942544 1
49.3472 0.19 1.0779 0.0942544 1
49.4022 0.194622 1.09991 0.0963772 0
49.398 0.19 1.0779 0.0942544 1
49.4487 0.19 1.0779 0.0942544 1
49.4995 0.19 1.0779 0.0942544 1
49.5503 0.19 1.0779 0.0942544 1
49.601 0.19 1.0779 0.0942544 1
49.6518 0.19 1.0779 0.0942544 1
49.7025 0.19 1.0779 0.0942544 1
49.7533 0.19 1.0779 0.0942544 1
49.804 0.19 1.0779 0.0942544 1
49.8548 0.19 1.0779 0.0942544 1
49.8598 0.146073 1.00842 0.0713572 0
49.9056 0.19 1.0779 0.0942544 1
49.9563 0.19 1.0779 0.0942544 1
0.5004 0.5004 0.5004 0.5004 0.5004
