t x v M dripped?
0 0 0 0.01 0
0.166414 0.19 0.949466 0.093573 1
0.213399 0.19 1.17075 0.0949581 1
0.266738 0.19 0.984824 0.0939515 1
0.314202 0.19 1.13865 0.0946565 1
0.36664 0.19 1.02392 0.0940461 1
0.415442 0.19 1.11923 0.0944806 1
0.467365 0.19 1.04653 0.0941199 1
0.482365 0.156893 0.871397 0.0770281 0
0.516927 0.19 1.10536 0.0943852 1
0.568433 0.19 1.06021 0.0941687 1
0.618458 0.19 1.09625 0.0943316 1
0.669676 0.19 1.06841 0.0942006 1
0.719977 0.19 1.09044 0.0943007 1
0.771008 0.19 1.07335 0.0942211 1
0.821475 0.19 1.08681 0.0942824 1
0.872387 0.19 1.07634 0.0942339 1
0.922954 0.19 1.08457 0.0942715 1
0.947954 0.164468 0.911517 0.0812656 0
0.973793 0.19 1.07815 0.0942419 1
1.02442 0.19 1.08318 0.0942649 1
1.07521 0.19 1.07926 0.0942469 1
1.12588 0.19 1.08233 0.094261 1
1.17664 0.19 1.07993 0.0942499 1
1.22733 0.19 1.08181 0.0942585 1
1.27808 0.19 1.08034 0.0942518 1
1.32878 0.19 1.08149 0.0942571 1
1.37951 0.19 1.08059 0.0942529 1
1.40951 0.169171 0.930358 0.0838567 0
1.43022 0.19 1.08129 0.0942561 1
1.48095 0.19 1.08074 0.0942536 1
1.53166 0.19 1.08117 0.0942556 1
1.58239 0.19 1.08084 0.0942541 1
1.63311 0.19 1.0811 0.0942553 1
1.68383 0.19 1.0809 0.0942543 1
1.73455 0.19 1.08106 0.0942551 1
1.78527 0.19 1.08093 0.0942545 1
1.83599 0.19 1.08103 0.0942549 1
1.87099 0.173892 0.963837 0.0863588 0
1.88671 0.19 1.08095 0.0942546 1
1.93743 0.19 1.08101 0.0942549 1
1.98816 0.19 1.08097 0.0942546 1
2.03888 0.19 1.081 0.0942548 1
2.0896 0.19 1.08097 0.0942547 1
2.14032 0.19 1.081 0.0942548 1
2.19104 0.19 1.08098 0.0942547 1
2.24176 0.19 1.08099 0.0942548 1
2.29248 0.19 1.08098 0.0942547 1
2.33248 0.178809 1.00295 0.0888708 0
2.3432 0.19 1.08099 0.0942547 1
2.39392 0.19 1.08098 0.0942547 1
2.44464 0.19 1.08099 0.0942547 1
2.49536 0.19 1.08098 0.0942547 1
2.54609 0.19 1.08099 0.0942547 1
2.59681 0.19 1.08098 0.0942547 1
2.64753 0.19 1.08099 0.0942547 1
2.69825 0.19 1.08099 0.0942547 1
2.74897 0.19 1.08099 0.0942547 1
2.79397 0.183923 1.04213 0.0913817 0
2.79969 0.19 1.08099 0.0942547 1
2.85041 0.19 1.08099 0.0942547 1
2.90113 0.19 1.08099 0.0942547 1
2.95185 0.19 1.08099 0.0942547 1
3.00257 0.19 1.08099 0.0942547 1
3.05329 0.19 1.08099 0.0942547 1
3.10401 0.19 1.08099 0.0942547 1
3.15474 0.19 1.08099 0.0942547 1
3.20546 0.19 1.08099 0.0942547 1
3.25546 0.189222 1.07663 0.0938927 0
3.25618 0.19 1.08099 0.0942547 1
3.3069 0.19 1.08099 0.0942547 1
3.35762 0.19 1.08099 0.0942547 1
3.40834 0.19 1.08099 0.0942547 1
3.45906 0.19 1.08099 0.0942547 1
3.50978 0.19 1.08099 0.0942547 1
3.5605 0.19 1.08099 0.0942547 1
3.61122 0.19 1.08099 0.0942547 1
3.66194 0.19 1.08099 0.0942547 1
3.71694 0.194675 1.10291 0.0964037 0
3.71266 0.19 1.08099 0.0942547 1
3.76339 0.19 1.08099 0.0942547 1
3.81411 0.19 1.08099 0.0942547 1
3.86483 0.19 1.08099 0.0942547 1
3.91555 0.19 1.08099 0.0942547 1
3.96627 0.19 1.08099 0.0942547 1
4.01699 0.19 1.08099 0.0942547 1
4.06771 0.19 1.08099 0.0942547 1
4.11843 0.19 1.08099 0.0942547 1
4.16915 0.19 1.08099 0.0942547 1
4.17415 0.145903 1.01225 0.0712937 0
4.21987 0.19 1.08099 0.0942547 1
4.27059 0.19 1.08099 0.0942547 1
4.32132 0.19 1.08099 0.0942547 1
4.37204 0.19 1.08099 0.0942547 1
4.42276 0.19 1.08099 0.0942547 1
4.47348 0.19 1.08099 0.0942547 1
4.5242 0.19 1.08099 0.0942547 1
4.57492 0.19 1.08099 0.0942547 1
4.62564 0.19 1.08099 0.0942547 1
4.63564 0.150817 0.956242 0.0738047 0
4.67636 0.19 1.08099 0.0942547 1
4.72708 0.19 1.08099 0.0942547 1
4.7778 0.19 1.08099 0.0942547 1
4.82852 0.19 1.08099 0.0942547 1
4.87924 0.19 1.08099 0.0942547 1
4.92997 0.19 1.08099 0.0942547 1
4.98069 0.19 1.08099 0.0942547 1
5.03141 0.19 1.08099 0.0942547 1
5.08213 0.19 1.08099 0.0942547 1
5.09713 0.155497 0.919279 0.0763157 0
5.13285 0.19 1.08099 0.0942547 1
5.18357 0.19 1.08099 0.0942547 1
5.23429 0.19 1.08099 0.0942547 1
5.28501 0.19 1.08099 0.0942547 1
5.33573 0.19 1.08099 0.0942547 1
5.38645 0.19 1.08099 0.0942547 1
5.43717 0.19 1.08099 0.0942547 1
5.48789 0.19 1.08099 0.0942547 1
5.53862 0.19 1.08099 0.0942547 1
5.55862 0.160046 0.903773 0.0788267 0
5.58934 0.19 1.08099 0.0942547 1
5.64006 0.19 1.08099 0.0942547 1
5.69078 0.19 1.08099 0.0942547 1
5.7415 0.19 1.08099 0.0942547 1
5.79222 0.19 1.08099 0.0942547 1
5.84294 0.19 1.08099 0.0942547 1
5.89366 0.19 1.08099 0.0942547 1
5.94438 0.19 1.08099 0.0942547 1
5.9951 0.19 1.08099 0.0942547 1
6.0201 0.164569 0.90871 0.0813377 0
6.04582 0.19 1.08099 0.0942547 1
6.09654 0.19 1.08099 0.0942547 1
6.14727 0.19 1.08099 0.0942547 1
6.19799 0.19 1.08099 0.0942547 1
6.24871 0.19 1.08099 0.0942547 1
6.29943 0.19 1.08099 0.0942547 1
6.35015 0.19 1.08099 0.0942547 1
6.40087 0.19 1.08099 0.0942547 1
6.45159 0.19 1.08099 0.0942547 1
6.48159 0.169161 0.930477 0.0838487 0
6.50231 0.19 1.08099 0.0942547 1
6.55303 0.19 1.08099 0.0942547 1
6.60375 0.19 1.08099 0.0942547 1
6.65447 0.19 1.08099 0.0942547 1
6.70519 0.19 1.08099 0.0942547 1
6.75592 0.19 1.08099 0.0942547 1
6.80664 0.19 1.08099 0.0942547 1
6.85736 0.19 1.08099 0.0942547 1
6.90808 0.19 1.08099 0.0942547 1
6.94308 0.173893 0.963844 0.0863597 0
6.9588 0.19 1.08099 0.0942547 1
7.00952 0.19 1.08099 0.0942547 1
7.06024 0.19 1.08099 0.0942547 1
7.11096 0.19 1.08099 0.0942547 1
7.16168 0.19 1.08099 0.0942547 1
7.2124 0.19 1.08099 0.0942547 1
7.26312 0.19 1.08099 0.0942547 1
7.31385 0.19 1.08099 0.0942547 1
7.36457 0.19 1.08099 0.0942547 1
7.40457 0.178809 1.00295 0.0888707 0
7.41529 0.19 1.08099 0.0942547 1
7.46601 0.19 1.08099 0.0942547 1
7.51673 0.19 1.08099 0.0942547 1
7.56745 0.19 1.08099 0.0942547 1
7.61817 0.19 1.08099 0.0942547 1
7.66889 0.19 1.08099 0.0942547 1
7.71961 0.19 1.08099 0.0942547 1
7.77033 0.19 1.08099 0.0942547 1
7.82105 0.19 1.08099 0.0942547 1
7.86605 0.183923 1.04214 0.0913817 0
7.87177 0.19 1.08099 0.0942547 1
7.9225 0.19 1.08099 0.0942547 1
7.97322 0.19 1.08099 0.0942547 1
8.02394 0.19 1.08099 0.0942547 1
8.07466 0.19 1.08099 0.0942547 1
8.12538 0.19 1.08099 0.0942547 1
8.1761 0.19 1.08099 0.0942547 1
8.22682 0.19 1.08099 0.0942547 1
8.27754 0.19 1.08099 0.0942547 1
8.32754 0.189222 1.07663 0.0938927 0
8.32826 0.19 1.08099 0.0942547 1
8.37898 0.19 1.08099 0.0942547 1
8.4297 0.19 1.08099 0.0942547 1
8.48042 0.19 1.08099 0.0942547 1
8.53115 0.19 1.08099 0.0942547 1
8.58187 0.19 1.08099 0.0942547 1
8.63259 0.19 1.08099 0.0942547 1
8.68331 0.19 1.08099 0.0942547 1
8.73403 0.19 1.08099 0.0942547 1
8.78903 0.194675 1.10291 0.0964037 0
8.78475 0.19 1.08099 0.0942547 1
8.83547 0.19 1.08099 0.0942547 1
8.88619 0.19 1.08099 0.0942547 1
8.93691 0.19 1.08099 0.0942547 1
8.98763 0.19 1.08099 0.0942547 1
9.03835 0.19 1.08099 0.0942547 1
9.08907 0.19 1.08099 0.0942547 1
9.1398 0.19 1.08099 0.0942547 1
9.19052 0.19 1.08099 0.0942547 1
9.24124 0.19 1.08099 0.0942547 1
9.24624 0.145903 1.01225 0.0712937 0
9.29196 0.19 1.08099 0.0942547 1
9.34268 0.19 1.08099 0.0942547 1
9.3934 0.19 1.08099 0.0942547 1
9.44412 0.19 1.08099 0.0942547 1
9.49484 0.19 1.08099 0.0942547 1
9.54556 0.19 1.08099 0.0942547 1
9.59628 0.19 1.08099 0.0942547 1
9.647 0.19 1.08099 0.0942547 1
9.69773 0.19 1.08099 0.0942547 1
9.70773 0.150817 0.956242 0.0738047 0
9.74845 0.19 1.08099 0.0942547 1
9.79917 0.19 1.08099 0.0942547 1
9.84989 0.19 1.08099 0.0942547 1
9.90061 0.19 1.08099 0.0942547 1
9.95133 0.19 1.08099 0.0942547 1
10.0021 0.19 1.08099 0.0942547 1
10.0528 0.19 1.08099 0.0942547 1
10.1035 0.19 1.08099 0.0942547 1
10.1542 0.19 1.08099 0.0942547 1
10.1692 0.155497 0.919279 0.0763157 0
10.2049 0.19 1.08099 0.0942547 1
10.2557 0.19 1.08099 0.0942547 1
10.3064 0.19 1.08099 0.0942547 1
10.3571 0.19 1.08099 0.0942547 1
10.4078 0.19 1.08099 0.0942547 1
10.4585 0.19 1.08099 0.0942547 1
10.5093 0.19 1.08099 0.0942547 1
10.56 0.19 1.08099 0.0942547 1
10.6107 0.19 1.08099 0.0942547 1
10.6307 0.160046 0.903773 0.0788267 0
10.6614 0.19 1.08099 0.0942547 1
10.7121 0.19 1.08099 0.0942547 1
10.7629 0.19 1.08099 0.0942547 1
10.8136 0.19 1.08099 0.0942547 1
10.8643 0.19 1.08099 0.0942547 1
10.915 0.19 1.08099 0.0942547 1
10.9657 0.19 1.08099 0.0942547 1
11.0165 0.19 1.08099 0.0942547 1
11.0672 0.19 1.08099 0.0942547 1
11.0922 0.164569 0.90871 0.0813377 0
11.1179 0.19 1.08099 0.0942547 1
11.1686 0.19 1.08099 0.0942547 1
11.2194 0.19 1.08099 0.0942547 1
11.2701 0.19 1.08099 0.0942547 1
11.3208 0.19 1.08099 0.0942547 1
11.3715 0.19 1.08099 0.0942547 1
11.4222 0.19 1.08099 0.0942547 1
11.473 0.19 1.08099 0.0942547 1
11.5237 0.19 1.08099 0.0942547 1
11.5537 0.169161 0.930477 0.0838487 0
11.5744 0.19 1.08099 0.0942547 1
11.6251 0.19 1.08099 0.0942547 1
11.6758 0.19 1.08099 0.0942547 1
11.7266 0.19 1.08099 0.0942547 1
11.7773 0.19 1.08099 0.0942547 1
11.828 0.19 1.08099 0.0942547 1
11.8787 0.19 1.08099 0.0942547 1
11.9294 0.19 1.08099 0.0942547 1
11.9802 0.19 1.08099 0.0942547 1
12.0152 0.173893 0.963844 0.0863597 0
12.0309 0.19 1.08099 0.0942547 1
12.0816 0.19 1.08099 0.0942547 1
12.1323 0.19 1.08099 0.0942547 1
12.183 0.19 1.08099 0.0942547 1
12.2338 0.19 1.08099 0.0942547 1
12.2845 0.19 1.08099 0.0942547 1
12.3352 0.19 1.08099 0.0942547 1
12.3859 0.19 1.08099 0.0942547 1
12.4367 0.19 1.08099 0.0942547 1
12.4767 0.178809 1.00295 0.0888707 0
12.4874 0.19 1.08099 0.0942547 1
12.5381 0.19 1.08099 0.0942547 1
12.5888 0.19 1.08099 0.0942547 1
12.6395 0.19 1.08099 0.0942547 1
12.6903 0.19 1.08099 0.0942547 1
12.741 0.19 1.08099 0.0942547 1
12.7917 0.19 1.08099 0.0942547 1
12.8424 0.19 1.08099 0.0942547 1
12.8931 0.19 1.08099 0.0942547 1
12.9381 0.183923 1.04214 0.0913817 0
12.9439 0.19 1.08099 0.0942547 1
12.9946 0.19 1.08099 0.0942547 1
13.0453 0.19 1.08099 0.0942547 1
13.096 0.19 1.08099 0.0942547 1
13.1467 0.19 1.08099 0.0942547 1
13.1975 0.19 1.08099 0.0942547 1
13.2482 0.19 1.08099 0.0942547 1
13.2989 0.19 1.08099 0.0942547 1
13.3496 0.19 1.08099 0.0942547 1
13.3996 0.189222 1.07663 0.0938927 0
13.4003 0.19 1.08099 0.0942547 1
13.4511 0.19 1.08099 0.0942547 1
13.5018 0.19 1.08099 0.0942547 1
13.5525 0.19 1.08099 0.0942547 1
13.6032 0.19 1.08099 0.0942547 1
13.654 0.19 1.08099 0.0942547 1
13.7047 0.19 1.08099 0.0942547 1
13.7554 0.19 1.08099 0.0942547 1
13.8061 0.19 1.08099 0.0942547 1
13.8611 0.194675 1.10291 0.0964037 0
13.8568 0.19 1.08099 0.0942547 1
13.9076 0.19 1.08099 0.0942547 1
13.9583 0.19 1.08099 0.0942547 1
14.009 0.19 1.08099 0.0942547 1
14.0597 0.19 1.08099 0.0942547 1
14.1104 0.19 1.08099 0.0942547 1
14.1612 0.19 1.08099 0.0942547 1
14.2119 0.19 1.08099 0.0942547 1
14.2626 0.19 1.08099 0.0942547 1
14.3133 0.19 1.08099 0.0942547 1
14.3183 0.145903 1.01225 0.0712937 0
14.364 0.19 1.08099 0.0942547 1
14.4148 0.19 1.08099 0.0942547 1
14.4655 0.19 1.08099 0.0942547 1
14.5162 0.19 1.08099 0.0942547 1
14.5669 0.19 1.08099 0.0942547 1
14.6176 0.19 1.08099 0.0942547 1
14.6684 0.19 1.08099 0.0942547 1
14.7191 0.19 1.08099 0.0942547 1
14.7698 0.19 1.08099 0.0942547 1
14.7798 0.150817 0.956242 0.0738047 0
14.8205 0.19 1.08099 0.0942547 1
14.8713 0.19 1.08099 0.0942547 1
14.922 0.19 1.08099 0.0942547 1
14.9727 0.19 1.08099 0.0942547 1
15.0234 0.19 1.08099 0.0942547 1
15.0741 0.19 1.08099 0.0942547 1
15.1249 0.19 1.08099 0.0942547 1
15.1756 0.19 1.08099 0.0942547 1
15.2263 0.19 1.08099 0.0942547 1
15.2413 0.155497 0.919279 0.0763157 0
15.277 0.19 1.08099 0.0942547 1
15.3277 0.19 1.08099 0.0942547 1
15.3785 0.19 1.08099 0.0942547 1
15.4292 0.19 1.08099 0.0942547 1
15.4799 0.19 1.08099 0.0942547 1
15.5306 0.19 1.08099 0.0942547 1
15.5813 0.19 1.08099 0.0942547 1
15.6321 0.19 1.08099 0.0942547 1
15.6828 0.19 1.08099 0.0942547 1
15.7028 0.160046 0.903773 0.0788267 0
15.7335 0.19 1.08099 0.0942547 1
15.7842 0.19 1.08099 0.0942547 1
15.8349 0.19 1.08099 0.0942547 1
15.8857 0.19 1.08099 0.0942547 1
15.9364 0.19 1.08099 0.0942547 1
15.9871 0.19 1.08099 0.0942547 1
16.0378 0.19 1.08099 0.0942547 1
16.0886 0.19 1.08099 0.0942547 1
16.1393 0.19 1.08099 0.0942547 1
16.1643 0.164569 0.90871 0.0813377 0
16.19 0.19 1.08099 0.0942547 1
16.2407 0.19 1.08099 0.0942547 1
16.2914 0.19 1.08099 0.0942547 1
16.3422 0.19 1.08099 0.0942547 1
16.3929 0.19 1.08099 0.0942547 1
16.4436 0.19 1.08099 0.0942547 1
16.4943 0.19 1.08099 0.0942547 1
16.545 0.19 1.08099 0.0942547 1
16.5958 0.19 1.08099 0.0942547 1
16.6258 0.169161 0.930477 0.0838487 0
16.6465 0.19 1.08099 0.0942547 1
16.6972 0.19 1.08099 0.0942547 1
16.7479 0.19 1.08099 0.0942547 1
16.7986 0.19 1.08099 0.0942547 1
16.8494 0.19 1.08099 0.0942547 1
16.9001 0.19 1.08099 0.0942547 1
16.9508 0.19 1.08099 0.0942547 1
17.0015 0.19 1.08099 0.0942547 1
17.0522 0.19 1.08099 0.0942547 1
17.0872 0.173893 0.963844 0.0863597 0
17.103 0.19 1.08099 0.0942547 1
17.1537 0.19 1.08099 0.0942547 1
17.2044 0.19 1.08099 0.0942547 1
17.2551 0.19 1.08099 0.0942547 1
17.3059 0.19 1.08099 0.0942547 1
17.3566 0.19 1.08099 0.0942547 1
17.4073 0.19 1.08099 0.0942547 1
17.458 0.19 1.08099 0.0942547 1
17.5087 0.19 1.08099 0.0942547 1
17.5487 0.178809 1.00295 0.0888707 0
17.5595 0.19 1.08099 0.0942547 1
17.6102 0.19 1.08099 0.0942547 1
17.6609 0.19 1.08099 0.0942547 1
17.7116 0.19 1.08099 0.0942547 1
17.7623 0.19 1.08099 0.0942547 1
17.8131 0.19 1.08099 0.0942547 1
17.8638 0.19 1.08099 0.0942547 1
17.9145 0.19 1.08099 0.0942547 1
17.9652 0.19 1.08099 0.0942547 1
18.0102 0.183923 1.04214 0.0913817 0
18.0159 0.19 1.08099 0.0942547 1
18.0667 0.19 1.08099 0.0942547 1
18.1174 0.19 1.08099 0.0942547 1
18.1681 0.19 1.08099 0.0942547 1
18.2188 0.19 1.08099 0.0942547 1
18.2695 0.19 1.08099 0.0942547 1
18.3203 0.19 1.08099 0.0942547 1
18.371 0.19 1.08099 0.0942547 1
18.4217 0.19 1.08099 0.0942547 1
18.4717 0.189222 1.07663 0.0938927 0
18.4724 0.19 1.08099 0.0942547 1
18.5232 0.19 1.08099 0.0942547 1
18.5739 0.19 1.08099 0.0942547 1
18.6246 0.19 1.08099 0.0942547 1
18.6753 0.19 1.08099 0.0942547 1
18.726 0.19 1.08099 0.0942547 1
18.7768 0.19 1.08099 0.0942547 1
18.8275 0.19 1.08099 0.0942547 1
18.8782 0.19 1.08099 0.0942547 1
18.9332 0.194675 1.10291 0.0964037 0
18.9289 0.19 1.08099 0.0942547 1
18.9796 0.19 1.08099 0.0942547 1
19.0304 0.19 1.08099 0.0942547 1
19.0811 0.19 1.08099 0.0942547 1
19.1318 0.19 1.08099 0.0942547 1
19.1825 0.19 1.08099 0.0942547 1
19.2332 0.19 1.08099 0.0942547 1
19.284 0.19 1.08099 0.0942547 1
19.3347 0.19 1.08099 0.0942547 1
19.3854 0.19 1.08099 0.0942547 1
19.3904 0.145903 1.01225 0.0712937 0
19.4361 0.19 1.08099 0.0942547 1
19.4868 0.19 1.08099 0.0942547 1
19.5376 0.19 1.08099 0.0942547 1
19.5883 0.19 1.08099 0.0942547 1
19.639 0.19 1.08099 0.0942547 1
19.6897 0.19 1.08099 0.0942547 1
19.7405 0.19 1.08099 0.0942547 1
19.7912 0.19 1.08099 0.0942547 1
19.8419 0.19 1.08099 0.0942547 1
19.8519 0.150817 0.956242 0.0738047 0
19.8926 0.19 1.08099 0.0942547 1
19.9433 0.19 1.08099 0.0942547 1
19.9941 0.19 1.08099 0.0942547 1
20.0448 0.19 1.08099 0.0942547 1
20.0955 0.19 1.08099 0.0942547 1
20.1462 0.19 1.08099 0.0942547 1
20.1969 0.19 1.08099 0.0942547 1
20.2477 0.19 1.08099 0.0942547 1
20.2984 0.19 1.08099 0.0942547 1
20.3134 0.155497 0.919279 0.0763157 0
20.3491 0.19 1.08099 0.0942547 1
20.3998 0.19 1.08099 0.0942547 1
20.4505 0.19 1.08099 0.0942547 1
20.5013 0.19 1.08099 0.0942547 1
20.552 0.19 1.08099 0.0942547 1
20.6027 0.19 1.08099 0.0942547 1
20.6534 0.19 1.08099 0.0942547 1
20.7041 0.19 1.08099 0.0942547 1
20.7549 0.19 1.08099 0.0942547 1
20.7749 0.160046 0.903773 0.0788267 0
20.8056 0.19 1.08099 0.0942547 1
20.8563 0.19 1.08099 0.0942547 1
20.907 0.19 1.08099 0.0942547 1
20.9578 0.19 1.08099 0.0942547 1
21.0085 0.19 1.08099 0.0942547 1
21.0592 0.19 1.08099 0.0942547 1
21.1099 0.19 1.08099 0.0942547 1
21.1606 0.19 1.08099 0.0942547 1
21.2114 0.19 1.08099 0.0942547 1
21.2364 0.164569 0.90871 0.0813377 0
21.2621 0.19 1.08099 0.0942547 1
21.3128 0.19 1.08099 0.0942547 1
21.3635 0.19 1.08099 0.0942547 1
21.4142 0.19 1.08099 0.0942547 1
21.465 0.19 1.08099 0.0942547 1
21.5157 0.19 1.08099 0.0942547 1
21.5664 0.19 1.08099 0.0942547 1
21.6171 0.19 1.08099 0.0942547 1
21.6678 0.19 1.08099 0.0942547 1
21.6978 0.169161 0.930477 0.0838487 0
21.7186 0.19 1.08099 0.0942547 1
21.7693 0.19 1.08099 0.0942547 1
21.82 0.19 1.08099 0.0942547 1
21.8707 0.19 1.08099 0.0942547 1
21.9215 0.19 1.08099 0.0942547 1
21.9722 0.19 1.08099 0.0942547 1
22.0229 0.19 1.08099 0.0942547 1
22.0736 0.19 1.08099 0.0942547 1
22.1243 0.19 1.08099 0.0942547 1
22.1593 0.173893 0.963844 0.0863597 0
22.1751 0.19 1.08099 0.0942547 1
22.2258 0.19 1.08099 0.0942547 1
22.2765 0.19 1.08099 0.0942547 1
22.3272 0.19 1.08099 0.0942547 1
22.3779 0.19 1.08099 0.0942547 1
22.4287 0.19 1.08099 0.0942547 1
22.4794 0.19 1.08099 0.0942547 1
22.5301 0.19 1.08099 0.0942547 1
22.5808 0.19 1.08099 0.0942547 1
22.6208 0.178809 1.00295 0.0888707 0
22.6315 0.19 1.08099 0.0942547 1
22.6823 0.19 1.08099 0.0942547 1
22.733 0.19 1.08099 0.0942547 1
22.7837 0.19 1.08099 0.0942547 1
22.8344 0.19 1.08099 0.0942547 1
22.8851 0.19 1.08099 0.0942547 1
22.9359 0.19 1.08099 0.0942547 1
22.9866 0.19 1.08099 0.0942547 1
23.0373 0.19 1.08099 0.0942547 1
23.0823 0.183923 1.04214 0.0913817 0
23.088 0.19 1.08099 0.0942547 1
23.1388 0.19 1.08099 0.0942547 1
23.1895 0.19 1.08099 0.0942547 1
23.2402 0.19 1.08099 0.0942547 1
23.2909 0.19 1.08099 0.0942547 1
23.3416 0.19 1.08099 0.0942547 1
23.3924 0.19 1.08099 0.0942547 1
23.4431 0.19 1.08099 0.0942547 1
23.4938 0.19 1.08099 0.0942547 1
23.5438 0.189222 1.07663 0.0938927 0
23.5445 0.19 1.08099 0.0942547 1
23.5952 0.19 1.08099 0.0942547 1
23.646 0.19 1.08099 0.0942547 1
23.6967 0.19 1.08099 0.0942547 1
23.7474 0.19 1.08099 0.0942547 1
23.7981 0.19 1.08099 0.0942547 1
23.8488 0.19 1.08099 0.0942547 1
23.8996 0.19 1.08099 0.0942547 1
23.9503 0.19 1.08099 0.0942547 1
24.0053 0.194675 1.10291 0.0964037 0
24.001 0.19 1.08099 0.0942547 1
24.0517 0.19 1.08099 0.0942547 1
24.1024 0.19 1.08099 0.0942547 1
24.1532 0.19 1.08099 0.0942547 1
24.2039 0.19 1.08099 0.0942547 1
24.2546 0.19 1.08099 0.0942547 1
24.3053 0.19 1.08099 0.0942547 1
24.3561 0.19 1.08099 0.0942547 1
24.4068 0.19 1.08099 0.0942547 1
24.4575 0.19 1.08099 0.0942547 1
24.4625 0.145903 1.01225 0.0712937 0
24.5082 0.19 1.08099 0.0942547 1
24.5589 0.19 1.08099 0.0942547 1
24.6097 0.19 1.08099 0.0942547 1
24.6604 0.19 1.08099 0.0942547 1
24.7111 0.19 1.08099 0.0942547 1
24.7618 0.19 1.08099 0.0942547 1
24.8125 0.19 1.08099 0.0942547 1
24.8633 0.19 1.08099 0.0942547 1
24.914 0.19 1.08099 0.0942547 1
24.924 0.150817 0.956242 0.0738047 0
24.9647 0.19 1.08099 0.0942547 1
25.0154 0.19 1.08099 0.0942547 1
25.0661 0.19 1.08099 0.0942547 1
25.1169 0.19 1.08099 0.0942547 1
25.1676 0.19 1.08099 0.0942547 1
25.2183 0.19 1.08099 0.0942547 1
25.269 0.19 1.08099 0.0942547 1
25.3197 0.19 1.08099 0.0942547 1
25.3705 0.19 1.08099 0.0942547 1
25.3855 0.155497 0.919279 0.0763157 0
25.4212 0.19 1.08099 0.0942547 1
25.4719 0.19 1.08099 0.0942547 1
25.5226 0.19 1.08099 0.0942547 1
25.5734 0.19 1.08099 0.0942547 1
25.6241 0.19 1.08099 0.0942547 1
25.6748 0.19 1.08099 0.0942547 1
25.7255 0.19 1.08099 0.0942547 1
25.7762 0.19 1.08099 0.0942547 1
25.827 0.19 1.08099 0.0942547 1
25.847 0.160046 0.903773 0.0788267 0
25.8777 0.19 1.08099 0.0942547 1
25.9284 0.19 1.08099 0.0942547 1
25.9791 0.19 1.08099 0.0942547 1
26.0298 0.19 1.08099 0.0942547 1
26.0806 0.19 1.08099 0.0942547 1
26.1313 0.19 1.08099 0.0942547 1
26.182 0.19 1.08099 0.0942547 1
26.2327 0.19 1.08099 0.0942547 1
26.2834 0.19 1.08099 0.0942547 1
26.3084 0.164569 0.90871 0.0813377 0
26.3342 0.19 1.08099 0.0942547 1
26.3849 0.19 1.08099 0.0942547 1
26.4356 0.19 1.08099 0.0942547 1
26.4863 0.19 1.08099 0.0942547 1
26.537 0.19 1.08099 0.0942547 1
26.5878 0.19 1.08099 0.0942547 1
26.6385 0.19 1.08099 0.0942547 1
26.6892 0.19 1.08099 0.0942547 1
26.7399 0.19 1.08099 0.0942547 1
26.7699 0.169161 0.930477 0.0838487 0
26.7907 0.19 1.08099 0.0942547 1
26.8414 0.19 1.08099 0.0942547 1
26.8921 0.19 1.08099 0.0942547 1
26.9428 0.19 1.08099 0.0942547 1
26.9935 0.19 1.08099 0.0942547 1
27.0443 0.19 1.08099 0.0942547 1
27.095 0.19 1.08099 0.0942547 1
27.1457 0.19 1.08099 0.0942547 1
27.1964 0.19 1.08099 0.0942547 1
27.2314 0.173893 0.963844 0.0863597 0
27.2471 0.19 1.08099 0.0942547 1
27.2979 0.19 1.08099 0.0942547 1
27.3486 0.19 1.08099 0.0942547 1
27.3993 0.19 1.08099 0.0942547 1
27.45 0.19 1.08099 0.0942547 1
27.5007 0.19 1.08099 0.0942547 1
27.5515 0.19 1.08099 0.0942547 1
27.6022 0.19 1.08099 0.0942547 1
27.6529 0.19 1.08099 0.0942547 1
27.6929 0.178809 1.00295 0.0888707 0
27.7036 0.19 1.08099 0.0942547 1
27.7543 0.19 1.08099 0.0942547 1
27.8051 0.19 1.08099 0.0942547 1
27.8558 0.19 1.08099 0.0942547 1
27.9065 0.19 1.08099 0.0942547 1
27.9572 0.19 1.08099 0.0942547 1
28.008 0.19 1.08099 0.0942547 1
28.0587 0.19 1.08099 0.0942547 1
28.1094 0.19 1.08099 0.0942547 1
28.1544 0.183923 1.04214 0.0913817 0
28.1601 0.19 1.08099 0.0942547 1
28.2108 0.19 1.08099 0.0942547 1
28.2616 0.19 1.08099 0.0942547 1
28.3123 0.19 1.08099 0.0942547 1
28.363 0.19 1.08099 0.0942547 1
28.4137 0.19 1.08099 0.0942547 1
28.4644 0.19 1.08099 0.0942547 1
28.5152 0.19 1.08099 0.0942547 1
28.5659 0.19 1.08099 0.0942547 1
28.6159 0.189222 1.07663 0.0938927 0
28.6166 0.19 1.08099 0.0942547 1
28.6673 0.19 1.08099 0.0942547 1
28.718 0.19 1.08099 0.0942547 1
28.7688 0.19 1.08099 0.0942547 1
28.8195 0.19 1.08099 0.0942547 1
28.8702 0.19 1.08099 0.0942547 1
28.9209 0.19 1.08099 0.0942547 1
28.9716 0.19 1.08099 0.0942547 1
29.0224 0.19 1.08099 0.0942547 1
29.0774 0.194675 1.10291 0.0964037 0
29.0731 0.19 1.08099 0.0942547 1
29.1238 0.19 1.08099 0.0942547 1
29.1745 0.19 1.08099 0.0942547 1
29.2253 0.19 1.08099 0.0942547 1
29.276 0.19 1.08099 0.0942547 1
29.3267 0.19 1.08099 0.0942547 1
29.3774 0.19 1.08099 0.0942547 1
29.4281 0.19 1.08099 0.0942547 1
29.4789 0.19 1.08099 0.0942547 1
29.5296 0.19 1.08099 0.0942547 1
29.5346 0.145903 1.01225 0.0712937 0
29.5803 0.19 1.08099 0.0942547 1
29.631 0.19 1.08099 0.0942547 1
29.6817 0.19 1.08099 0.0942547 1
29.7325 0.19 1.08099 0.0942547 1
29.7832 0.19 1.08099 0.0942547 1
29.8339 0.19 1.08099 0.0942547 1
29.8846 0.19 1.08099 0.0942547 1
29.9353 0.19 1.08099 0.0942547 1
29.9861 0.19 1.08099 0.0942547 1
29.9961 0.150817 0.956242 0.0738047 0
30.0368 0.19 1.08099 0.0942547 1
30.0875 0.19 1.08099 0.0942547 1
30.1382 0.19 1.08099 0.0942547 1
30.1889 0.19 1.08099 0.0942547 1
30.2397 0.19 1.08099 0.0942547 1
30.2904 0.19 1.08099 0.0942547 1
30.3411 0.19 1.08099 0.0942547 1
30.3918 0.19 1.08099 0.0942547 1
30.4426 0.19 1.08099 0.0942547 1
30.4576 0.155497 0.919279 0.0763157 0
30.4933 0.19 1.08099 0.0942547 1
30.544 0.19 1.08099 0.0942547 1
30.5947 0.19 1.08099 0.0942547 1
30.6454 0.19 1.08099 0.0942547 1
30.6962 0.19 1.08099 0.0942547 1
30.7469 0.19 1.08099 0.0942547 1
30.7976 0.19 1.08099 0.0942547 1
30.8483 0.19 1.08099 0.0942547 1
30.899 0.19 1.08099 0.0942547 1
30.919 0.160046 0.903773 0.0788267 0
30.9498 0.19 1.08099 0.0942547 1
31.0005 0.19 1.08099 0.0942547 1
31.0512 0.19 1.08099 0.0942547 1
31.1019 0.19 1.08099 0.0942547 1
31.1526 0.19 1.08099 0.0942547 1
31.2034 0.19 1.08099 0.0942547 1
31.2541 0.19 1.08099 0.0942547 1
31.3048 0.19 1.08099 0.0942547 1
31.3555 0.19 1.08099 0.0942547 1
31.3805 0.164569 0.90871 0.0813377 0
31.4062 0.19 1.08099 0.0942547 1
31.457 0.19 1.08099 0.0942547 1
31.5077 0.19 1.08099 0.0942547 1
31.5584 0.19 1.08099 0.0942547 1
31.6091 0.19 1.08099 0.0942547 1
31.6599 0.19 1.08099 0.0942547 1
31.7106 0.19 1.08099 0.0942547 1
31.7613 0.19 1.08099 0.0942547 1
31.812 0.19 1.08099 0.0942547 1
31.842 0.169161 0.930477 0.0838487 0
31.8627 0.19 1.08099 0.0942547 1
31.9135 0.19 1.08099 0.0942547 1
31.9642 0.19 1.08099 0.0942547 1
32.0149 0.19 1.08099 0.0942547 1
32.0656 0.19 1.08099 0.0942547 1
32.1163 0.19 1.08099 0.0942547 1
32.1671 0.19 1.08099 0.0942547 1
32.2178 0.19 1.08099 0.0942547 1
32.2685 0.19 1.08099 0.0942547 1
32.3035 0.173893 0.963844 0.0863597 0
32.3192 0.19 1.08099 0.0942547 1
32.3699 0.19 1.08099 0.0942547 1
32.4207 0.19 1.08099 0.0942547 1
32.4714 0.19 1.08099 0.0942547 1
32.5221 0.19 1.08099 0.0942547 1
32.5728 0.19 1.08099 0.0942547 1
32.6235 0.19 1.08099 0.0942547 1
32.6743 0.19 1.08099 0.0942547 1
32.725 0.19 1.08099 0.0942547 1
32.765 0.178809 1.00295 0.0888707 0
32.7757 0.19 1.08099 0.0942547 1
32.8264 0.19 1.08099 0.0942547 1
32.8772 0.19 1.08099 0.0942547 1
32.9279 0.19 1.08099 0.0942547 1
32.9786 0.19 1.08099 0.0942547 1
33.0293 0.19 1.08099 0.0942547 1
33.08 0.19 1.08099 0.0942547 1
33.1308 0.19 1.08099 0.0942547 1
33.1815 0.19 1.08099 0.0942547 1
33.2265 0.183923 1.04214 0.0913817 0
33.2322 0.19 1.08099 0.0942547 1
33.2829 0.19 1.08099 0.0942547 1
33.3336 0.19 1.08099 0.0942547 1
33.3844 0.19 1.08099 0.0942547 1
33.4351 0.19 1.08099 0.0942547 1
33.4858 0.19 1.08099 0.0942547 1
33.5365 0.19 1.08099 0.0942547 1
33.5872 0.19 1.08099 0.0942547 1
33.638 0.19 1.08099 0.0942547 1
33.688 0.189222 1.07663 0.0938927 0
33.6887 0.19 1.08099 0.0942547 1
33.7394 0.19 1.08099 0.0942547 1
33.7901 0.19 1.08099 0.0942547 1
33.8409 0.19 1.08099 0.0942547 1
33.8916 0.19 1.08099 0.0942547 1
33.9423 0.19 1.08099 0.0942547 1
33.993 0.19 1.08099 0.0942547 1
34.0437 0.19 1.08099 0.0942547 1
34.0945 0.19 1.08099 0.0942547 1
34.1495 0.194675 1.10291 0.0964037 0
34.1452 0.19 1.08099 0.0942547 1
34.1959 0.19 1.08099 0.0942547 1
34.2466 0.19 1.08099 0.0942547 1
34.2973 0.19 1.08099 0.0942547 1
34.3481 0.19 1.08099 0.0942547 1
34.3988 0.19 1.08099 0.0942547 1
34.4495 0.19 1.08099 0.0942547 1
34.5002 0.19 1.08099 0.0942547 1
34.5509 0.19 1.08099 0.0942547 1
34.6017 0.19 1.08099 0.0942547 1
34.6067 0.145903 1.01225 0.0712937 0
34.6524 0.19 1.08099 0.0942547 1
34.7031 0.19 1.08099 0.0942547 1
34.7538 0.19 1.08099 0.0942547 1
34.8045 0.19 1.08099 0.0942547 1
34.8553 0.19 1.08099 0.0942547 1
34.906 0.19 1.08099 0.0942547 1
34.9567 0.19 1.08099 0.0942547 1
35.0074 0.19 1.08099 0.0942547 1
35.0582 0.19 1.08099 0.0942547 1
35.0682 0.150817 0.956242 0.0738047 0
35.1089 0.19 1.08099 0.0942547 1
35.1596 0.19 1.08099 0.0942547 1
35.2103 0.19 1.08099 0.0942547 1
35.261 0.19 1.08099 0.0942547 1
35.3118 0.19 1.08099 0.0942547 1
35.3625 0.19 1.08099 0.0942547 1
35.4132 0.19 1.08099 0.0942547 1
35.4639 0.19 1.08099 0.0942547 1
35.5146 0.19 1.08099 0.0942547 1
35.5296 0.155497 0.919279 0.0763157 0
35.5654 0.19 1.08099 0.0942547 1
35.6161 0.19 1.08099 0.0942547 1
35.6668 0.19 1.08099 0.0942547 1
35.7175 0.19 1.08099 0.0942547 1
35.7682 0.19 1.08099 0.0942547 1
35.819 0.19 1.08099 0.0942547 1
35.8697 0.19 1.08099 0.0942547 1
35.9204 0.19 1.08099 0.0942547 1
35.9711 0.19 1.08099 0.0942547 1
35.9911 0.160046 0.903773 0.0788267 0
36.0218 0.19 1.08099 0.0942547 1
36.0726 0.19 1.08099 0.0942547 1
36.1233 0.19 1.08099 0.0942547 1
36.174 0.19 1.08099 0.0942547 1
36.2247 0.19 1.08099 0.0942547 1
36.2755 0.19 1.08099 0.0942547 1
36.3262 0.19 1.08099 0.0942547 1
36.3769 0.19 1.08099 0.0942547 1
36.4276 0.19 1.08099 0.0942547 1
36.4526 0.164569 0.90871 0.0813377 0
36.4783 0.19 1.08099 0.0942547 1
36.5291 0.19 1.08099 0.0942547 1
36.5798 0.19 1.08099 0.0942547 1
36.6305 0.19 1.08099 0.0942547 1
36.6812 0.19 1.08099 0.0942547 1
36.7319 0.19 1.08099 0.0942547 1
36.7827 0.19 1.08099 0.0942547 1
36.8334 0.19 1.08099 0.0942547 1
36.8841 0.19 1.08099 0.0942547 1
36.9141 0.169161 0.930477 0.0838487 0
36.9348 0.19 1.08099 0.0942547 1
36.9855 0.19 1.08099 0.0942547 1
37.0363 0.19 1.08099 0.0942547 1
37.087 0.19 1.08099 0.0942547 1
37.1377 0.19 1.08099 0.0942547 1
37.1884 0.19 1.08099 0.0942547 1
37.2391 0.19 1.08099 0.0942547 1
37.2899 0.19 1.08099 0.0942547 1
37.3406 0.19 1.08099 0.0942547 1
37.3756 0.173893 0.963844 0.0863597 0
37.3913 0.19 1.08099 0.0942547 1
37.442 0.19 1.08099 0.0942547 1
37.4928 0.19 1.08099 0.0942547 1
37.5435 0.19 1.08099 0.0942547 1
37.5942 0.19 1.08099 0.0942547 1
37.6449 0.19 1.08099 0.0942547 1
37.6956 0.19 1.08099 0.0942547 1
37.7464 0.19 1.08099 0.0942547 1
37.7971 0.19 1.08099 0.0942547 1
37.8371 0.178809 1.00295 0.0888707 0
37.8478 0.19 1.08099 0.0942547 1
37.8985 0.19 1.08099 0.0942547 1
37.9492 0.19 1.08099 0.0942547 1
38 0.19 1.08099 0.0942547 1
38.0507 0.19 1.08099 0.0942547 1
38.1014 0.19 1.08099 0.0942547 1
38.1521 0.19 1.08099 0.0942547 1
38.2028 0.19 1.08099 0.0942547 1
38.2536 0.19 1.08099 0.0942547 1
38.2986 0.183923 1.04214 0.0913817 0
38.3043 0.19 1.08099 0.0942547 1
38.355 0.19 1.08099 0.0942547 1
38.4057 0.19 1.08099 0.0942547 1
38.4564 0.19 1.08099 0.0942547 1
38.5072 0.19 1.08099 0.0942547 1
38.5579 0.19 1.08099 0.0942547 1
38.6086 0.19 1.08099 0.0942547 1
38.6593 0.19 1.08099 0.0942547 1
38.7101 0.19 1.08099 0.0942547 1
38.7601 0.189222 1.07663 0.0938927 0
38.7608 0.19 1.08099 0.0942547 1
38.8115 0.19 1.08099 0.0942547 1
38.8622 0.19 1.08099 0.0942547 1
38.9129 0.19 1.08099 0.0942547 1
38.9637 0.19 1.08099 0.0942547 1
39.0144 0.19 1.08099 0.0942547 1
39.0651 0.19 1.08099 0.0942547 1
39.1158 0.19 1.08099 0.0942547 1
39.1665 0.19 1.08099 0.0942547 1
39.2215 0.194675 1.10291 0.0964037 0
39.2173 0.19 1.08099 0.0942547 1
39.268 0.19 1.08099 0.0942547 1
39.3187 0.19 1.08099 0.0942547 1
39.3694 0.19 1.08099 0.0942547 1
39.4201 0.19 1.08099 0.0942547 1
39.4709 0.19 1.08099 0.0942547 1
39.5216 0.19 1.08099 0.0942547 1
39.5723 0.19 1.08099 0.0942547 1
39.623 0.19 1.08099 0.0942547 1
39.6737 0.19 1.08099 0.0942547 1
39.6787 0.145903 1.01225 0.0712937 0
39.7245 0.19 1.08099 0.0942547 1
39.7752 0.19 1.08099 0.0942547 1
39.8259 0.19 1.08099 0.0942547 1
39.8766 0.19 1.08099 0.0942547 1
39.9274 0.19 1.08099 0.0942547 1
39.9781 0.19 1.08099 0.0942547 1
40.0288 0.19 1.08099 0.0942547 1
40.0795 0.19 1.08099 0.0942547 1
40.1302 0.19 1.08099 0.0942547 1
40.1402 0.150817 0.956242 0.0738047 0
40.181 0.19 1.08099 0.0942547 1
40.2317 0.19 1.08099 0.0942547 1
40.2824 0.19 1.08099 0.0942547 1
40.3331 0.19 1.08099 0.0942547 1
40.3838 0.19 1.08099 0.0942547 1
40.4346 0.19 1.08099 0.0942547 1
40.4853 0.19 1.08099 0.0942547 1
40.536 0.19 1.08099 0.0942547 1
40.5867 0.19 1.08099 0.0942547 1
40.6017 0.155497 0.919279 0.0763157 0
40.6374 0.19 1.08099 0.0942547 1
40.6882 0.19 1.08099 0.0942547 1
40.7389 0.19 1.08099 0.0942547 1
40.7896 0.19 1.08099 0.0942547 1
40.8403 0.19 1.08099 0.0942547 1
40.891 0.19 1.08099 0.0942547 1
40.9418 0.19 1.08099 0.0942547 1
40.9925 0.19 1.08099 0.0942547 1
41.0432 0.19 1.08099 0.0942547 1
41.0632 0.160046 0.903773 0.0788267 0
41.0939 0.19 1.08099 0.0942547 1
41.1447 0.19 1.08099 0.0942547 1
41.1954 0.19 1.08099 0.0942547 1
41.2461 0.19 1.08099 0.0942547 1
41.2968 0.19 1.08099 0.0942547 1
41.3475 0.19 1.08099 0.0942547 1
41.3983 0.19 1.08099 0.0942547 1
41.449 0.19 1.08099 0.0942547 1
41.4997 0.19 1.08099 0.0942547 1
41.5247 0.164569 0.90871 0.0813377 0
41.5504 0.19 1.08099 0.0942547 1
41.6011 0.19 1.08099 0.0942547 1
41.6519 0.19 1.08099 0.0942547 1
41.7026 0.19 1.08099 0.0942547 1
41.7533 0.19 1.08099 0.0942547 1
41.804 0.19 1.08099 0.0942547 1
41.8547 0.19 1.08099 0.0942547 1
41.9055 0.19 1.08099 0.0942547 1
41.9562 0.19 1.08099 0.0942547 1
41.9862 0.169161 0.930477 0.0838487 0
42.0069 0.19 1.08099 0.0942547 1
42.0576 0.19 1.08099 0.0942547 1
42.1083 0.19 1.08099 0.0942547 1
42.1591 0.19 1.08099 0.0942547 1
42.2098 0.19 1.08099 0.0942547 1
42.2605 0.19 1.08099 0.0942547 1
42.3112 0.19 1.08099 0.0942547 1
42.362 0.19 1.08099 0.0942547 1
42.4127 0.19 1.08099 0.0942547 1
42.4477 0.173893 0.963844 0.0863597 0
42.4634 0.19 1.08099 0.0942547 1
42.5141 0.19 1.08099 0.0942547 1
42.5648 0.19 1.08099 0.0942547 1
42.6156 0.19 1.08099 0.0942547 1
42.6663 0.19 1.08099 0.0942547 1
42.717 0.19 1.08099 0.0942547 1
42.7677 0.19 1.08099 0.0942547 1
42.8184 0.19 1.08099 0.0942547 1
42.8692 0.19 1.08099 0.0942547 1
42.9092 0.178809 1.00295 0.0888707 0
42.9199 0.19 1.08099 0.0942547 1
42.9706 0.19 1.08099 0.0942547 1
43.0213 0.19 1.08099 0.0942547 1
43.072 0.19 1.08099 0.0942547 1
43.1228 0.19 1.08099 0.0942547 1
43.1735 0.19 1.08099 0.0942547 1
43.2242 0.19 1.08099 0.0942547 1
43.2749 0.19 1.08099 0.0942547 1
43.3256 0.19 1.08099 0.0942547 1
43.3706 0.183923 1.04214 0.0913817 0
43.3764 0.19 1.08099 0.0942547 1
43.4271 0.19 1.08099 0.0942547 1
43.4778 0.19 1.08099 0.0942547 1
43.5285 0.19 1.08099 0.0942547 1
43.5793 0.19 1.08099 0.0942547 1
43.63 0.19 1.08099 0.0942547 1
43.6807 0.19 1.08099 0.0942547 1
43.7314 0.19 1.08099 0.0942547 1
43.7821 0.19 1.08099 0.0942547 1
43.8321 0.189222 1.07663 0.0938927 0
43.8329 0.19 1.08099 0.0942547 1
43.8836 0.19 1.08099 0.0942547 1
43.9343 0.19 1.08099 0.0942547 1
43.985 0.19 1.08099 0.0942547 1
44.0357 0.19 1.08099 0.0942547 1
44.0865 0.19 1.08099 0.0942547 1
44.1372 0.19 1.08099 0.0942547 1
44.1879 0.19 1.08099 0.0942547 1
44.2386 0.19 1.08099 0.0942547 1
44.2936 0.194675 1.10291 0.0964037 0
44.2893 0.19 1.08099 0.0942547 1
44.3401 0.19 1.08099 0.0942547 1
44.3908 0.19 1.08099 0.0942547 1
44.4415 0.19 1.08099 0.0942547 1
44.4922 0.19 1.08099 0.0942547 1
44.5429 0.19 1.08099 0.0942547 1
44.5937 0.19 1.08099 0.0942547 1
44.6444 0.19 1.08099 0.0942547 1
44.6951 0.19 1.08099 0.0942547 1
44.7458 0.19 1.08099 0.0942547 1
44.7508 0.145903 1.01225 0.0712937 0
44.7966 0.19 1.08099 0.0942547 1
44.8473 0.19 1.08099 0.0942547 1
44.898 0.19 1.08099 0.0942547 1
44.9487 0.19 1.08099 0.0942547 1
44.9994 0.19 1.08099 0.0942547 1
45.0502 0.19 1.08099 0.0942547 1
45.1009 0.19 1.08099 0.0942547 1
45.1516 0.19 1.08099 0.0942547 1
45.2023 0.19 1.08099 0.0942547 1
45.2123 0.150817 0.956242 0.0738047 0
45.253 0.19 1.08099 0.0942547 1
45.3038 0.19 1.08099 0.0942547 1
45.3545 0.19 1.08099 0.0942547 1
45.4052 0.19 1.08099 0.0942547 1
45.4559 0.19 1.08099 0.0942547 1
45.5066 0.19 1.08099 0.0942547 1
45.5574 0.19 1.08099 0.0942547 1
45.6081 0.19 1.08099 0.0942547 1
45.6588 0.19 1.08099 0.0942547 1
45.6738 0.155497 0.919279 0.0763157 0
45.7095 0.19 1.08099 0.0942547 1
45.7603 0.19 1.08099 0.0942547 1
45.811 0.19 1.08099 0.0942547 1
45.8617 0.19 1.08099 0.0942547 1
45.9124 0.19 1.08099 0.0942547 1
45.9631 0.19 1.08099 0.0942547 1
46.0139 0.19 1.08099 0.0942547 1
46.0646 0.19 1.08099 0.0942547 1
46.1153 0.19 1.08099 0.0942547 1
46.1353 0.160046 0.903773 0.0788267 0
46.166 0.19 1.08099 0.0942547 1
46.2167 0.19 1.08099 0.0942547 1
46.2675 0.19 1.08099 0.0942547 1
46.3182 0.19 1.08099 0.0942547 1
46.3689 0.19 1.08099 0.0942547 1
46.4196 0.19 1.08099 0.0942547 1
46.4703 0.19 1.08099 0.0942547 1
46.5211 0.19 1.08099 0.0942547 1
46.5718 0.19 1.08099 0.0942547 1
46.5968 0.164569 0.90871 0.0813377 0
46.6225 0.19 1.08099 0.0942547 1
46.6732 0.19 1.08099 0.0942547 1
46.7239 0.19 1.08099 0.0942547 1
46.7747 0.19 1.08099 0.0942547 1
46.8254 0.19 1.08099 0.0942547 1
46.8761 0.19 1.08099 0.0942547 1
46.9268 0.19 1.08099 0.0942547 1
46.9776 0.19 1.08099 0.0942547 1
47.0283 0.19 1.08099 0.0942547 1
47.0583 0.169161 0.930477 0.0838487 0
47.079 0.19 1.08099 0.0942547 1
47.1297 0.19 1.08099 0.0942547 1
47.1804 0.19 1.08099 0.0942547 1
47.2312 0.19 1.08099 0.0942547 1
47.2819 0.19 1.08099 0.0942547 1
47.3326 0.19 1.08099 0.0942547 1
47.3833 0.19 1.08099 0.0942547 1
47.434 0.19 1.08099 0.0942547 1
47.4848 0.19 1.08099 0.0942547 1
47.5198 0.173893 0.963844 0.0863597 0
47.5355 0.19 1.08099 0.0942547 1
47.5862 0.19 1.08099 0.0942547 1
47.6369 0.19 1.08099 0.0942547 1
47.6876 0.19 1.08099 0.0942547 1
47.7384 0.19 1.08099 0.0942547 1
47.7891 0.19 1.08099 0.0942547 1
47.8398 0.19 1.08099 0.0942547 1
47.8905 0.19 1.08099 0.0942547 1
47.9412 0.19 1.08099 0.0942547 1
47.9812 0.178809 1.00295 0.0888707 0
47.992 0.19 1.08099 0.0942547 1
48.0427 0.19 1.08099 0.0942547 1
48.0934 0.19 1.08099 0.0942547 1
48.1441 0.19 1.08099 0.0942547 1
48.1949 0.19 1.08099 0.0942547 1
48.2456 0.19 1.08099 0.0942547 1
48.2963 0.19 1.08099 0.0942547 1
48.347 0.19 1.08099 0.0942547 1
48.3977 0.19 1.08099 0.0942547 1
48.4427 0.183923 1.04214 0.0913817 0
48.4485 0.19 1.08099 0.0942547 1
48.4992 0.19 1.08099 0.0942547 1
48.5499 0.19 1.08099 0.0942547 1
48.6006 0.19 1.08099 0.0942547 1
48.6513 0.19 1.08099 0.0942547 1
48.7021 0.19 1.08099 0.0942547 1
48.7528 0.19 1.08099 0.0942547 1
48.8035 0.19 1.08099 0.0942547 1
48.8542 0.19 1.08099 0.0942547 1
48.9042 0.189222 1.07663 0.0938927 0
48.9049 0.19 1.08099 0.0942547 1
48.9557 0.19 1.08099 0.0942547 1
49.0064 0.19 1.08099 0.0942547 1
49.0571 0.19 1.08099 0.0942547 1
49.1078 0.19 1.08099 0.0942547 1
49.1585 0.19 1.08099 0.0942547 1
49.2093 0.19 1.08099 0.0942547 1
49.26 0.19 1.08099 0.0942547 1
49.3107 0.19 1.08099 0.0942547 1
49.3657 0.194675 1.10291 0.0964037 0
49.3614 0.19 1.08099 0.0942547 1
49.4122 0.19 1.08099 0.0942547 1
49.4629 0.19 1.08099 0.0942547 1
49.5136 0.19 1.08099 0.0942547 1
49.5643 0.19 1.08099 0.0942547 1
49.615 0.19 1.08099 0.0942547 1
49.6658 0.19 1.08099 0.0942547 1
49.7165 0.19 1.08099 0.0942547 1
49.7672 0.19 1.08099 0.0942547 1
49.8179 0.19 1.08099 0.0942547 1
49.8229 0.145903 1.01225 0.0712937 0
49.8686 0.19 1.08099 0.0942547 1
49.9194 0.19 1.08099 0.0942547 1
49.9701 0.19 1.08099 0.0942547 1
0.5022 0.5022 0.5022 0.5022 0.5022
