t x v M dripped?
0 0 0 0.01 0
0.166709 0.19 0.94823 0.093588 1
0.213674 0.19 1.1682 0.0949506 1
0.266991 0.19 0.984775 0.0939533 1
0.314513 0.19 1.13657 0.09465 1
0.366952 0.19 1.02348 0.0940488 1
0.415798 0.19 1.11721 0.0944761 1
0.467719 0.19 1.04586 0.0941221 1
0.482719 0.15692 0.870158 0.0770335 0
0.51732 0.19 1.10348 0.0943821 1
0.568827 0.19 1.05934 0.0941704 1
0.618884 0.19 1.09449 0.0943295 1
0.670107 0.19 1.0674 0.0942019 1
0.720436 0.19 1.08879 0.0942992 1
0.771474 0.19 1.07223 0.094222 1
0.821965 0.19 1.08525 0.0942814 1
0.872888 0.19 1.07514 0.0942345 1
0.923477 0.19 1.08306 0.0942708 1
0.948477 0.164505 0.909068 0.0812805 0
0.974328 0.19 1.0769 0.0942423 1
1.02497 0.19 1.08172 0.0942644 1
1.07578 0.19 1.07796 0.0942471 1
1.12646 0.19 1.0809 0.0942606 1
1.17724 0.19 1.07861 0.09425 1
1.22795 0.19 1.0804 0.0942582 1
1.27871 0.19 1.079 0.0942518 1
1.32943 0.19 1.08009 0.0942568 1
1.38018 0.19 1.07924 0.0942529 1
1.41018 0.169192 0.928107 0.0838645 0
1.43091 0.19 1.07991 0.0942559 1
1.48165 0.19 1.07939 0.0942536 1
1.53238 0.19 1.07979 0.0942554 1
1.58313 0.19 1.07948 0.094254 1
1.63386 0.19 1.07972 0.0942551 1
1.6846 0.19 1.07953 0.0942542 1
1.73533 0.19 1.07968 0.0942549 1
1.78607 0.19 1.07956 0.0942544 1
1.83681 0.19 1.07965 0.0942548 1
1.87181 0.173902 0.961734 0.0863631 0
1.88755 0.19 1.07958 0.0942545 1
1.93828 0.19 1.07964 0.0942547 1
1.98902 0.19 1.0796 0.0942545 1
2.03976 0.19 1.07963 0.0942547 1
2.0905 0.19 1.0796 0.0942546 1
2.14123 0.19 1.07962 0.0942546 1
2.19197 0.19 1.07961 0.0942546 1
2.24271 0.19 1.07962 0.0942546 1
2.29344 0.19 1.07961 0.0942546 1
2.33344 0.178809 1.00104 0.088871 0
2.34418 0.19 1.07962 0.0942546 1
2.39492 0.19 1.07961 0.0942546 1
2.44566 0.19 1.07962 0.0942546 1
2.49639 0.19 1.07961 0.0942546 1
2.54713 0.19 1.07962 0.0942546 1
2.59787 0.19 1.07961 0.0942546 1
2.64861 0.19 1.07962 0.0942546 1
2.69934 0.19 1.07961 0.0942546 1
2.75008 0.19 1.07962 0.0942546 1
2.79508 0.183914 1.04044 0.0913779 0
2.80082 0.19 1.07961 0.0942546 1
2.85155 0.19 1.07962 0.0942546 1
2.90229 0.19 1.07961 0.0942546 1
2.95303 0.19 1.07961 0.0942546 1
3.00377 0.19 1.07961 0.0942546 1
3.0545 0.19 1.07961 0.0942546 1
3.10524 0.19 1.07961 0.0942546 1
3.15598 0.19 1.07961 0.0942546 1
3.20672 0.19 1.07961 0.0942546 1
3.25672 0.189206 1.07513 0.0938849 0
3.25745 0.19 1.07961 0.0942546 1
3.30819 0.19 1.07961 0.0942546 1
3.35893 0.19 1.07961 0.0942546 1
3.40966 0.19 1.07961 0.0942546 1
3.4604 0.19 1.07961 0.0942546 1
3.51114 0.19 1.07961 0.0942546 1
3.56188 0.19 1.07961 0.0942546 1
3.61261 0.19 1.07961 0.0942546 1
3.66335 0.19 1.07961 0.0942546 1
3.71835 0.194651 1.10158 0.0963919 0
3.71409 0.19 1.07961 0.0942546 1
3.76483 0.19 1.07961 0.0942546 1
3.81556 0.19 1.07961 0.0942546 1
3.8663 0.19 1.07961 0.0942546 1
3.91704 0.19 1.07961 0.0942546 1
3.96777 0.19 1.07961 0.0942546 1
4.01851 0.19 1.07961 0.0942546 1
4.06925 0.19 1.07961 0.0942546 1
4.11999 0.19 1.07961 0.0942546 1
4.17072 0.19 1.07961 0.0942546 1
4.17572 0.145978 1.01055 0.0713219 0
4.22146 0.19 1.07961 0.0942546 1
4.2722 0.19 1.07961 0.0942546 1
4.32294 0.19 1.07961 0.0942546 1
4.37367 0.19 1.07961 0.0942546 1
4.42441 0.19 1.07961 0.0942546 1
4.47515 0.19 1.07961 0.0942546 1
4.52588 0.19 1.07961 0.0942546 1
4.57662 0.19 1.07961 0.0942546 1
4.62736 0.19 1.07961 0.0942546 1
4.63736 0.150883 0.954245 0.0738289 0
4.6781 0.19 1.07961 0.0942546 1
4.72883 0.19 1.07961 0.0942546 1
4.77957 0.19 1.07961 0.0942546 1
4.83031 0.19 1.07961 0.0942546 1
4.88105 0.19 1.07961 0.0942546 1
4.93178 0.19 1.07961 0.0942546 1
4.98252 0.19 1.07961 0.0942546 1
5.03326 0.19 1.07961 0.0942546 1
5.08399 0.19 1.07961 0.0942546 1
5.09899 0.155553 0.917067 0.0763359 0
5.13473 0.19 1.07961 0.0942546 1
5.18547 0.19 1.07961 0.0942546 1
5.23621 0.19 1.07961 0.0942546 1
5.28694 0.19 1.07961 0.0942546 1
5.33768 0.19 1.07961 0.0942546 1
5.38842 0.19 1.07961 0.0942546 1
5.43916 0.19 1.07961 0.0942546 1
5.48989 0.19 1.07961 0.0942546 1
5.54063 0.19 1.07961 0.0942546 1
5.56063 0.16009 0.901445 0.0788429 0
5.59137 0.19 1.07961 0.0942546 1
5.6421 0.19 1.07961 0.0942546 1
5.69284 0.19 1.07961 0.0942546 1
5.74358 0.19 1.07961 0.0942546 1
5.79432 0.19 1.07961 0.0942546 1
5.84505 0.19 1.07961 0.0942546 1
5.89579 0.19 1.07961 0.0942546 1
5.94653 0.19 1.07961 0.0942546 1
5.99727 0.19 1.07961 0.0942546 1
6.02227 0.164602 0.906371 0.0813499 0
6.048 0.19 1.07961 0.0942546 1
6.09874 0.19 1.07961 0.0942546 1
6.14948 0.19 1.07961 0.0942546 1
6.20021 0.19 1.07961 0.0942546 1
6.25095 0.19 1.07961 0.0942546 1
6.30169 0.19 1.07961 0.0942546 1
6.35243 0.19 1.07961 0.0942546 1
6.40316 0.19 1.07961 0.0942546 1
6.4539 0.19 1.07961 0.0942546 1
6.4839 0.169182 0.928219 0.0838569 0
6.50464 0.19 1.07961 0.0942546 1
6.55538 0.19 1.07961 0.0942546 1
6.60611 0.19 1.07961 0.0942546 1
6.65685 0.19 1.07961 0.0942546 1
6.70759 0.19 1.07961 0.0942546 1
6.75832 0.19 1.07961 0.0942546 1
6.80906 0.19 1.07961 0.0942546 1
6.8598 0.19 1.07961 0.0942546 1
6.91054 0.19 1.07961 0.0942546 1
6.94554 0.173903 0.96174 0.0863639 0
6.96127 0.19 1.07961 0.0942546 1
7.01201 0.19 1.07961 0.0942546 1
7.06275 0.19 1.07961 0.0942546 1
7.11349 0.19 1.07961 0.0942546 1
7.16422 0.19 1.07961 0.0942546 1
7.21496 0.19 1.07961 0.0942546 1
7.2657 0.19 1.07961 0.0942546 1
7.31643 0.19 1.07961 0.0942546 1
7.36717 0.19 1.07961 0.0942546 1
7.40717 0.178809 1.00104 0.0888709 0
7.41791 0.19 1.07961 0.0942546 1
7.46865 0.19 1.07961 0.0942546 1
7.51938 0.19 1.07961 0.0942546 1
7.57012 0.19 1.07961 0.0942546 1
7.62086 0.19 1.07961 0.0942546 1
7.6716 0.19 1.07961 0.0942546 1
7.72233 0.19 1.07961 0.0942546 1
7.77307 0.19 1.07961 0.0942546 1
7.82381 0.19 1.07961 0.0942546 1
7.86881 0.183914 1.04044 0.0913779 0
7.87454 0.19 1.07961 0.0942546 1
7.92528 0.19 1.07961 0.0942546 1
7.97602 0.19 1.07961 0.0942546 1
8.02676 0.19 1.07961 0.0942546 1
8.07749 0.19 1.07961 0.0942546 1
8.12823 0.19 1.07961 0.0942546 1
8.17897 0.19 1.07961 0.0942546 1
8.22971 0.19 1.07961 0.0942546 1
8.28044 0.19 1.07961 0.0942546 1
8.33044 0.189206 1.07513 0.0938849 0
8.33118 0.19 1.07961 0.0942546 1
8.38192 0.19 1.07961 0.0942546 1
8.43265 0.19 1.07961 0.0942546 1
8.48339 0.19 1.07961 0.0942546 1
8.53413 0.19 1.07961 0.0942546 1
8.58487 0.19 1.07961 0.0942546 1
8.6356 0.19 1.07961 0.0942546 1
8.68634 0.19 1.07961 0.0942546 1
8.73708 0.19 1.07961 0.0942546 1
8.79208 0.194651 1.10158 0.0963919 0
8.78782 0.19 1.07961 0.0942546 1
8.83855 0.19 1.07961 0.0942546 1
8.88929 0.19 1.07961 0.0942546 1
8.94003 0.19 1.07961 0.0942546 1
8.99076 0.19 1.07961 0.0942546 1
9.0415 0.19 1.07961 0.0942546 1
9.09224 0.19 1.07961 0.0942546 1
9.14298 0.19 1.07961 0.0942546 1
9.19371 0.19 1.07961 0.0942546 1
9.24445 0.19 1.07961 0.0942546 1
9.24945 0.145978 1.01055 0.0713219 0
9.29519 0.19 1.07961 0.0942546 1
9.34593 0.19 1.07961 0.0942546 1
9.39666 0.19 1.07961 0.0942546 1
9.4474 0.19 1.07961 0.0942546 1
9.49814 0.19 1.07961 0.0942546 1
9.54887 0.19 1.07961 0.0942546 1
9.59961 0.19 1.07961 0.0942546 1
9.65035 0.19 1.07961 0.0942546 1
9.70109 0.19 1.07961 0.0942546 1
9.71109 0.150883 0.954245 0.0738289 0
9.75182 0.19 1.07961 0.0942546 1
9.80256 0.19 1.07961 0.0942546 1
9.8533 0.19 1.07961 0.0942546 1
9.90404 0.19 1.07961 0.0942546 1
9.95477 0.19 1.07961 0.0942546 1
10.0055 0.19 1.07961 0.0942546 1
10.0562 0.19 1.07961 0.0942546 1
10.107 0.19 1.07961 0.0942546 1
10.1577 0.19 1.07961 0.0942546 1
10.1727 0.155553 0.917067 0.0763359 0
10.2085 0.19 1.07961 0.0942546 1
10.2592 0.19 1.07961 0.0942546 1
10.3099 0.19 1.07961 0.0942546 1
10.3607 0.19 1.07961 0.0942546 1
10.4114 0.19 1.07961 0.0942546 1
10.4621 0.19 1.07961 0.0942546 1
10.5129 0.19 1.07961 0.0942546 1
10.5636 0.19 1.07961 0.0942546 1
10.6144 0.19 1.07961 0.0942546 1
10.6344 0.16009 0.901445 0.0788429 0
10.6651 0.19 1.07961 0.0942546 1
10.7158 0.19 1.07961 0.0942546 1
10.7666 0.19 1.07961 0.0942546 1
10.8173 0.19 1.07961 0.0942546 1
10.868 0.19 1.07961 0.0942546 1
10.9188 0.19 1.07961 0.0942546 1
10.9695 0.19 1.07961 0.0942546 1
11.0203 0.19 1.07961 0.0942546 1
11.071 0.19 1.07961 0.0942546 1
11.096 0.164602 0.906371 0.0813499 0
11.1217 0.19 1.07961 0.0942546 1
11.1725 0.19 1.07961 0.0942546 1
11.2232 0.19 1.07961 0.0942546 1
11.2739 0.19 1.07961 0.0942546 1
11.3247 0.19 1.07961 0.0942546 1
11.3754 0.19 1.07961 0.0942546 1
11.4262 0.19 1.07961 0.0942546 1
11.4769 0.19 1.07961 0.0942546 1
11.5276 0.19 1.07961 0.0942546 1
11.5576 0.169182 0.928219 0.0838569 0
11.5784 0.19 1.07961 0.0942546 1
11.6291 0.19 1.07961 0.0942546 1
11.6798 0.19 1.07961 0.0942546 1
11.7306 0.19 1.07961 0.0942546 1
11.7813 0.19 1.07961 0.0942546 1
11.8321 0.19 1.07961 0.0942546 1
11.8828 0.19 1.07961 0.0942546 1
11.9335 0.19 1.07961 0.0942546 1
11.9843 0.19 1.07961 0.0942546 1
12.0193 0.173903 0.96174 0.0863639 0
12.035 0.19 1.07961 0.0942546 1
12.0857 0.19 1.07961 0.0942546 1
12.1365 0.19 1.07961 0.0942546 1
12.1872 0.19 1.07961 0.0942546 1
12.2379 0.19 1.07961 0.0942546 1
12.2887 0.19 1.07961 0.0942546 1
12.3394 0.19 1.07961 0.0942546 1
12.3902 0.19 1.07961 0.0942546 1
12.4409 0.19 1.07961 0.0942546 1
12.4809 0.178809 1.00104 0.0888709 0
12.4916 0.19 1.07961 0.0942546 1
12.5424 0.19 1.07961 0.0942546 1
12.5931 0.19 1.07961 0.0942546 1
12.6438 0.19 1.07961 0.0942546 1
12.6946 0.19 1.07961 0.0942546 1
12.7453 0.19 1.07961 0.0942546 1
12.7961 0.19 1.07961 0.0942546 1
12.8468 0.19 1.07961 0.0942546 1
12.8975 0.19 1.07961 0.0942546 1
12.9425 0.183914 1.04044 0.0913779 0
12.9483 0.19 1.07961 0.0942546 1
12.999 0.19 1.07961 0.0942546 1
13.0497 0.19 1.07961 0.0942546 1
13.1005 0.19 1.07961 0.0942546 1
13.1512 0.19 1.07961 0.0942546 1
13.202 0.19 1.07961 0.0942546 1
13.2527 0.19 1.07961 0.0942546 1
13.3034 0.19 1.07961 0.0942546 1
13.3542 0.19 1.07961 0.0942546 1
13.4042 0.189206 1.07513 0.0938849 0
13.4049 0.19 1.07961 0.0942546 1
13.4556 0.19 1.07961 0.0942546 1
13.5064 0.19 1.07961 0.0942546 1
13.5571 0.19 1.07961 0.0942546 1
13.6079 0.19 1.07961 0.0942546 1
13.6586 0.19 1.07961 0.0942546 1
13.7093 0.19 1.07961 0.0942546 1
13.7601 0.19 1.07961 0.0942546 1
13.8108 0.19 1.07961 0.0942546 1
13.8658 0.194651 1.10158 0.0963919 0
13.8615 0.19 1.07961 0.0942546 1
13.9123 0.19 1.07961 0.0942546 1
13.963 0.19 1.07961 0.0942546 1
14.0138 0.19 1.07961 0.0942546 1
14.0645 0.19 1.07961 0.0942546 1
14.1152 0.19 1.07961 0.0942546 1
14.166 0.19 1.07961 0.0942546 1
14.2167 0.19 1.07961 0.0942546 1
14.2674 0.19 1.07961 0.0942546 1
14.3182 0.19 1.07961 0.0942546 1
14.3232 0.145978 1.01055 0.0713219 0
14.3689 0.19 1.07961 0.0942546 1
14.4197 0.19 1.07961 0.0942546 1
14.4704 0.19 1.07961 0.0942546 1
14.5211 0.19 1.07961 0.0942546 1
14.5719 0.19 1.07961 0.0942546 1
14.6226 0.19 1.07961 0.0942546 1
14.6733 0.19 1.07961 0.0942546 1
14.7241 0.19 1.07961 0.0942546 1
14.7748 0.19 1.07961 0.0942546 1
14.7848 0.150883 0.954245 0.0738289 0
14.8256 0.19 1.07961 0.0942546 1
14.8763 0.19 1.07961 0.0942546 1
14.927 0.19 1.07961 0.0942546 1
14.9778 0.19 1.07961 0.0942546 1
15.0285 0.19 1.07961 0.0942546 1
15.0792 0.19 1.07961 0.0942546 1
15.13 0.19 1.07961 0.0942546 1
15.1807 0.19 1.07961 0.0942546 1
15.2314 0.19 1.07961 0.0942546 1
15.2464 0.155553 0.917067 0.0763359 0
15.2822 0.19 1.07961 0.0942546 1
15.3329 0.19 1.07961 0.0942546 1
15.3837 0.19 1.07961 0.0942546 1
15.4344 0.19 1.07961 0.0942546 1
15.4851 0.19 1.07961 0.0942546 1
15.5359 0.19 1.07961 0.0942546 1
15.5866 0.19 1.07961 0.0942546 1
15.6373 0.19 1.07961 0.0942546 1
15.6881 0.19 1.07961 0.0942546 1
15.7081 0.16009 0.901445 0.0788429 0
15.7388 0.19 1.07961 0.0942546 1
15.7896 0.19 1.07961 0.0942546 1
15.8403 0.19 1.07961 0.0942546 1
15.891 0.19 1.07961 0.0942546 1
15.9418 0.19 1.07961 0.0942546 1
15.9925 0.19 1.07961 0.0942546 1
16.0432 0.19 1.07961 0.0942546 1
16.094 0.19 1.07961 0.0942546 1
16.1447 0.19 1.07961 0.0942546 1
16.1697 0.164602 0.906371 0.0813499 0
16.1955 0.19 1.07961 0.0942546 1
16.2462 0.19 1.07961 0.0942546 1
16.2969 0.19 1.07961 0.0942546 1
16.3477 0.19 1.07961 0.0942546 1
16.3984 0.19 1.07961 0.0942546 1
16.4491 0.19 1.07961 0.0942546 1
16.4999 0.19 1.07961 0.0942546 1
16.5506 0.19 1.07961 0.0942546 1
16.6014 0.19 1.07961 0.0942546 1
16.6314 0.169182 0.928219 0.0838569 0
16.6521 0.19 1.07961 0.0942546 1
16.7028 0.19 1.07961 0.0942546 1
16.7536 0.19 1.07961 0.0942546 1
16.8043 0.19 1.07961 0.0942546 1
16.855 0.19 1.07961 0.0942546 1
16.9058 0.19 1.07961 0.0942546 1
16.9565 0.19 1.07961 0.0942546 1
17.0073 0.19 1.07961 0.0942546 1
17.058 0.19 1.07961 0.0942546 1
17.093 0.173903 0.96174 0.0863639 0
17.1087 0.19 1.07961 0.0942546 1
17.1595 0.19 1.07961 0.0942546 1
17.2102 0.19 1.07961 0.0942546 1
17.2609 0.19 1.07961 0.0942546 1
17.3117 0.19 1.07961 0.0942546 1
17.3624 0.19 1.07961 0.0942546 1
17.4132 0.19 1.07961 0.0942546 1
17.4639 0.19 1.07961 0.0942546 1
17.5146 0.19 1.07961 0.0942546 1
17.5546 0.178809 1.00104 0.0888709 0
17.5654 0.19 1.07961 0.0942546 1
17.6161 0.19 1.07961 0.0942546 1
17.6668 0.19 1.07961 0.0942546 1
17.7176 0.19 1.07961 0.0942546 1
17.7683 0.19 1.07961 0.0942546 1
17.819 0.19 1.07961 0.0942546 1
17.8698 0.19 1.07961 0.0942546 1
17.9205 0.19 1.07961 0.0942546 1
17.9713 0.19 1.07961 0.0942546 1
18.0163 0.183914 1.04044 0.0913779 0
18.022 0.19 1.07961 0.0942546 1
18.0727 0.19 1.07961 0.0942546 1
18.1235 0.19 1.07961 0.0942546 1
18.1742 0.19 1.07961 0.0942546 1
18.2249 0.19 1.07961 0.0942546 1
18.2757 0.19 1.07961 0.0942546 1
18.3264 0.19 1.07961 0.0942546 1
18.3772 0.19 1.07961 0.0942546 1
18.4279 0.19 1.07961 0.0942546 1
18.4779 0.189206 1.07513 0.0938849 0
18.4786 0.19 1.07961 0.0942546 1
18.5294 0.19 1.07961 0.0942546 1
18.5801 0.19 1.07961 0.0942546 1
18.6308 0.19 1.07961 0.0942546 1
18.6816 0.19 1.07961 0.0942546 1
18.7323 0.19 1.07961 0.0942546 1
18.7831 0.19 1.07961 0.0942546 1
18.8338 0.19 1.07961 0.0942546 1
18.8845 0.19 1.07961 0.0942546 1
18.9395 0.194651 1.10158 0.0963919 0
18.9353 0.19 1.07961 0.0942546 1
18.986 0.19 1.07961 0.0942546 1
19.0367 0.19 1.07961 0.0942546 1
19.0875 0.19 1.07961 0.0942546 1
19.1382 0.19 1.07961 0.0942546 1
19.189 0.19 1.07961 0.0942546 1
19.2397 0.19 1.07961 0.0942546 1
19.2904 0.19 1.07961 0.0942546 1
19.3412 0.19 1.07961 0.0942546 1
19.3919 0.19 1.07961 0.0942546 1
19.3969 0.145978 1.01055 0.0713219 0
19.4426 0.19 1.07961 0.0942546 1
19.4934 0.19 1.07961 0.0942546 1
19.5441 0.19 1.07961 0.0942546 1
19.5949 0.19 1.07961 0.0942546 1
19.6456 0.19 1.07961 0.0942546 1
19.6963 0.19 1.07961 0.0942546 1
19.7471 0.19 1.07961 0.0942546 1
19.7978 0.19 1.07961 0.0942546 1
19.8485 0.19 1.07961 0.0942546 1
19.8585 0.150883 0.954245 0.0738289 0
19.8993 0.19 1.07961 0.0942546 1
19.95 0.19 1.07961 0.0942546 1
20.0008 0.19 1.07961 0.0942546 1
20.0515 0.19 1.07961 0.0942546 1
20.1022 0.19 1.07961 0.0942546 1
20.153 0.19 1.07961 0.0942546 1
20.2037 0.19 1.07961 0.0942546 1
20.2544 0.19 1.07961 0.0942546 1
20.3052 0.19 1.07961 0.0942546 1
20.3202 0.155553 0.917067 0.0763359 0
20.3559 0.19 1.07961 0.0942546 1
20.4067 0.19 1.07961 0.0942546 1
20.4574 0.19 1.07961 0.0942546 1
20.5081 0.19 1.07961 0.0942546 1
20.5589 0.19 1.07961 0.0942546 1
20.6096 0.19 1.07961 0.0942546 1
20.6603 0.19 1.07961 0.0942546 1
20.7111 0.19 1.07961 0.0942546 1
20.7618 0.19 1.07961 0.0942546 1
20.7818 0.16009 0.901445 0.0788429 0
20.8125 0.19 1.07961 0.0942546 1
20.8633 0.19 1.07961 0.0942546 1
20.914 0.19 1.07961 0.0942546 1
20.9648 0.19 1.07961 0.0942546 1
21.0155 0.19 1.07961 0.0942546 1
21.0662 0.19 1.07961 0.0942546 1
21.117 0.19 1.07961 0.0942546 1
21.1677 0.19 1.07961 0.0942546 1
21.2184 0.19 1.07961 0.0942546 1
21.2434 0.164602 0.906371 0.0813499 0
21.2692 0.19 1.07961 0.0942546 1
21.3199 0.19 1.07961 0.0942546 1
21.3707 0.19 1.07961 0.0942546 1
21.4214 0.19 1.07961 0.0942546 1
21.4721 0.19 1.07961 0.0942546 1
21.5229 0.19 1.07961 0.0942546 1
21.5736 0.19 1.07961 0.0942546 1
21.6243 0.19 1.07961 0.0942546 1
21.6751 0.19 1.07961 0.0942546 1
21.7051 0.169182 0.928219 0.0838569 0
21.7258 0.19 1.07961 0.0942546 1
21.7766 0.19 1.07961 0.0942546 1
21.8273 0.19 1.07961 0.0942546 1
21.878 0.19 1.07961 0.0942546 1
21.9288 0.19 1.07961 0.0942546 1
21.9795 0.19 1.07961 0.0942546 1
22.0302 0.19 1.07961 0.0942546 1
22.081 0.19 1.07961 0.0942546 1
22.1317 0.19 1.07961 0.0942546 1
22.1667 0.173903 0.96174 0.0863639 0
22.1825 0.19 1.07961 0.0942546 1
22.2332 0.19 1.07961 0.0942546 1
22.2839 0.19 1.07961 0.0942546 1
22.3347 0.19 1.07961 0.0942546 1
22.3854 0.19 1.07961 0.0942546 1
22.4361 0.19 1.07961 0.0942546 1
22.4869 0.19 1.07961 0.0942546 1
22.5376 0.19 1.07961 0.0942546 1
22.5884 0.19 1.07961 0.0942546 1
22.6284 0.178809 1.00104 0.0888709 0
22.6391 0.19 1.07961 0.0942546 1
22.6898 0.19 1.07961 0.0942546 1
22.7406 0.19 1.07961 0.0942546 1
22.7913 0.19 1.07961 0.0942546 1
22.842 0.19 1.07961 0.0942546 1
22.8928 0.19 1.07961 0.0942546 1
22.9435 0.19 1.07961 0.0942546 1
22.9943 0.19 1.07961 0.0942546 1
23.045 0.19 1.07961 0.0942546 1
23.09 0.183914 1.04044 0.0913779 0
23.0957 0.19 1.07961 0.0942546 1
23.1465 0.19 1.07961 0.0942546 1
23.1972 0.19 1.07961 0.0942546 1
23.2479 0.19 1.07961 0.0942546 1
23.2987 0.19 1.07961 0.0942546 1
23.3494 0.19 1.07961 0.0942546 1
23.4001 0.19 1.07961 0.0942546 1
23.4509 0.19 1.07961 0.0942546 1
23.5016 0.19 1.07961 0.0942546 1
23.5516 0.189206 1.07513 0.0938849 0
23.5524 0.19 1.07961 0.0942546 1
23.6031 0.19 1.07961 0.0942546 1
23.6538 0.19 1.07961 0.0942546 1
23.7046 0.19 1.07961 0.0942546 1
23.7553 0.19 1.07961 0.0942546 1
23.806 0.19 1.07961 0.0942546 1
23.8568 0.19 1.07961 0.0942546 1
23.9075 0.19 1.07961 0.0942546 1
23.9583 0.19 1.07961 0.0942546 1
24.0133 0.194651 1.10158 0.0963919 0
24.009 0.19 1.07961 0.0942546 1
24.0597 0.19 1.07961 0.0942546 1
24.1105 0.19 1.07961 0.0942546 1
24.1612 0.19 1.07961 0.0942546 1
24.2119 0.19 1.07961 0.0942546 1
24.2627 0.19 1.07961 0.0942546 1
24.3134 0.19 1.07961 0.0942546 1
24.3642 0.19 1.07961 0.0942546 1
24.4149 0.19 1.07961 0.0942546 1
24.4656 0.19 1.07961 0.0942546 1
24.4706 0.145978 1.01055 0.0713219 0
24.5164 0.19 1.07961 0.0942546 1
24.5671 0.19 1.07961 0.0942546 1
24.6178 0.19 1.07961 0.0942546 1
24.6686 0.19 1.07961 0.0942546 1
24.7193 0.19 1.07961 0.0942546 1
24.7701 0.19 1.07961 0.0942546 1
24.8208 0.19 1.07961 0.0942546 1
24.8715 0.19 1.07961 0.0942546 1
24.9223 0.19 1.07961 0.0942546 1
24.9323 0.150883 0.954245 0.0738289 0
24.973 0.19 1.07961 0.0942546 1
25.0237 0.19 1.07961 0.0942546 1
25.0745 0.19 1.07961 0.0942546 1
25.1252 0.19 1.07961 0.0942546 1
25.176 0.19 1.07961 0.0942546 1
25.2267 0.19 1.07961 0.0942546 1
25.2774 0.19 1.07961 0.0942546 1
25.3282 0.19 1.07961 0.0942546 1
25.3789 0.19 1.07961 0.0942546 1
25.3939 0.155553 0.917067 0.0763359 0
25.4296 0.19 1.07961 0.0942546 1
25.4804 0.19 1.07961 0.0942546 1
25.5311 0.19 1.07961 0.0942546 1
25.5819 0.19 1.07961 0.0942546 1
25.6326 0.19 1.07961 0.0942546 1
25.6833 0.19 1.07961 0.0942546 1
25.7341 0.19 1.07961 0.0942546 1
25.7848 0.19 1.07961 0.0942546 1
25.8355 0.19 1.07961 0.0942546 1
25.8555 0.16009 0.901445 0.0788429 0
25.8863 0.19 1.07961 0.0942546 1
25.937 0.19 1.07961 0.0942546 1
25.9878 0.19 1.07961 0.0942546 1
26.0385 0.19 1.07961 0.0942546 1
26.0892 0.19 1.07961 0.0942546 1
26.14 0.19 1.07961 0.0942546 1
26.1907 0.19 1.07961 0.0942546 1
26.2414 0.19 1.07961 0.0942546 1
26.2922 0.19 1.07961 0.0942546 1
26.3172 0.164602 0.906371 0.0813499 0
26.3429 0.19 1.07961 0.0942546 1
26.3936 0.19 1.07961 0.0942546 1
26.4444 0.19 1.07961 0.0942546 1
26.4951 0.19 1.07961 0.0942546 1
26.5459 0.19 1.07961 0.0942546 1
26.5966 0.19 1.07961 0.0942546 1
26.6473 0.19 1.07961 0.0942546 1
26.6981 0.19 1.07961 0.0942546 1
26.7488 0.19 1.07961 0.0942546 1
26.7788 0.169182 0.928219 0.0838569 0
26.7995 0.19 1.07961 0.0942546 1
26.8503 0.19 1.07961 0.0942546 1
26.901 0.19 1.07961 0.0942546 1
26.9518 0.19 1.07961 0.0942546 1
27.0025 0.19 1.07961 0.0942546 1
27.0532 0.19 1.07961 0.0942546 1
27.104 0.19 1.07961 0.0942546 1
27.1547 0.19 1.07961 0.0942546 1
27.2054 0.19 1.07961 0.0942546 1
27.2404 0.173903 0.96174 0.0863639 0
27.2562 0.19 1.07961 0.0942546 1
27.3069 0.19 1.07961 0.0942546 1
27.3577 0.19 1.07961 0.0942546 1
27.4084 0.19 1.07961 0.0942546 1
27.4591 0.19 1.07961 0.0942546 1
27.5099 0.19 1.07961 0.0942546 1
27.5606 0.19 1.07961 0.0942546 1
27.6113 0.19 1.07961 0.0942546 1
27.6621 0.19 1.07961 0.0942546 1
27.7021 0.178809 1.00104 0.0888709 0
27.7128 0.19 1.07961 0.0942546 1
27.7636 0.19 1.07961 0.0942546 1
27.8143 0.19 1.07961 0.0942546 1
27.865 0.19 1.07961 0.0942546 1
27.9158 0.19 1.07961 0.0942546 1
27.9665 0.19 1.07961 0.0942546 1
28.0172 0.19 1.07961 0.0942546 1
28.068 0.19 1.07961 0.0942546 1
28.1187 0.19 1.07961 0.0942546 1
28.1637 0.183914 1.04044 0.0913779 0
28.1695 0.19 1.07961 0.0942546 1
28.2202 0.19 1.07961 0.0942546 1
28.2709 0.19 1.07961 0.0942546 1
28.3217 0.19 1.07961 0.0942546 1
28.3724 0.19 1.07961 0.0942546 1
28.4231 0.19 1.07961 0.0942546 1
28.4739 0.19 1.07961 0.0942546 1
28.5246 0.19 1.07961 0.0942546 1
28.5754 0.19 1.07961 0.0942546 1
28.6254 0.189206 1.07513 0.0938849 0
28.6261 0.19 1.07961 0.0942546 1
28.6768 0.19 1.07961 0.0942546 1
28.7276 0.19 1.07961 0.0942546 1
28.7783 0.19 1.07961 0.0942546 1
28.829 0.19 1.07961 0.0942546 1
28.8798 0.19 1.07961 0.0942546 1
28.9305 0.19 1.07961 0.0942546 1
28.9812 0.19 1.07961 0.0942546 1
29.032 0.19 1.07961 0.0942546 1
29.087 0.194651 1.10158 0.0963919 0
29.0827 0.19 1.07961 0.0942546 1
29.1335 0.19 1.07961 0.0942546 1
29.1842 0.19 1.07961 0.0942546 1
29.2349 0.19 1.07961 0.0942546 1
29.2857 0.19 1.07961 0.0942546 1
29.3364 0.19 1.07961 0.0942546 1
29.3871 0.19 1.07961 0.0942546 1
29.4379 0.19 1.07961 0.0942546 1
29.4886 0.19 1.07961 0.0942546 1
29.5394 0.19 1.07961 0.0942546 1
29.5444 0.145978 1.01055 0.0713219 0
29.5901 0.19 1.07961 0.0942546 1
29.6408 0.19 1.07961 0.0942546 1
29.6916 0.19 1.07961 0.0942546 1
29.7423 0.19 1.07961 0.0942546 1
29.793 0.19 1.07961 0.0942546 1
29.8438 0.19 1.07961 0.0942546 1
29.8945 0.19 1.07961 0.0942546 1
29.9453 0.19 1.07961 0.0942546 1
29.996 0.19 1.07961 0.0942546 1
30.006 0.150883 0.954245 0.0738289 0
30.0467 0.19 1.07961 0.0942546 1
30.0975 0.19 1.07961 0.0942546 1
30.1482 0.19 1.07961 0.0942546 1
30.1989 0.19 1.07961 0.0942546 1
30.2497 0.19 1.07961 0.0942546 1
30.3004 0.19 1.07961 0.0942546 1
30.3512 0.19 1.07961 0.0942546 1
30.4019 0.19 1.07961 0.0942546 1
30.4526 0.19 1.07961 0.0942546 1
30.4676 0.155553 0.917067 0.0763359 0
30.5034 0.19 1.07961 0.0942546 1
30.5541 0.19 1.07961 0.0942546 1
30.6048 0.19 1.07961 0.0942546 1
30.6556 0.19 1.07961 0.0942546 1
30.7063 0.19 1.07961 0.0942546 1
30.7571 0.19 1.07961 0.0942546 1
30.8078 0.19 1.07961 0.0942546 1
30.8585 0.19 1.07961 0.0942546 1
30.9093 0.19 1.07961 0.0942546 1
30.9293 0.16009 0.901445 0.0788429 0
30.96 0.19 1.07961 0.0942546 1
31.0107 0.19 1.07961 0.0942546 1
31.0615 0.19 1.07961 0.0942546 1
31.1122 0.19 1.07961 0.0942546 1
31.163 0.19 1.07961 0.0942546 1
31.2137 0.19 1.07961 0.0942546 1
31.2644 0.19 1.07961 0.0942546 1
31.3152 0.19 1.07961 0.0942546 1
31.3659 0.19 1.07961 0.0942546 1
31.3909 0.164602 0.906371 0.0813499 0
31.4166 0.19 1.07961 0.0942546 1
31.4674 0.19 1.07961 0.0942546 1
31.5181 0.19 1.07961 0.0942546 1
31.5689 0.19 1.07961 0.0942546 1
31.6196 0.19 1.07961 0.0942546 1
31.6703 0.19 1.07961 0.0942546 1
31.7211 0.19 1.07961 0.0942546 1
31.7718 0.19 1.07961 0.0942546 1
31.8225 0.19 1.07961 0.0942546 1
31.8525 0.169182 0.928219 0.0838569 0
31.8733 0.19 1.07961 0.0942546 1
31.924 0.19 1.07961 0.0942546 1
31.9747 0.19 1.07961 0.0942546 1
32.0255 0.19 1.07961 0.0942546 1
32.0762 0.19 1.07961 0.0942546 1
32.127 0.19 1.07961 0.0942546 1
32.1777 0.19 1.07961 0.0942546 1
32.2284 0.19 1.07961 0.0942546 1
32.2792 0.19 1.07961 0.0942546 1
32.3142 0.173903 0.96174 0.0863639 0
32.3299 0.19 1.07961 0.0942546 1
32.3806 0.19 1.07961 0.0942546 1
32.4314 0.19 1.07961 0.0942546 1
32.4821 0.19 1.07961 0.0942546 1
32.5329 0.19 1.07961 0.0942546 1
32.5836 0.19 1.07961 0.0942546 1
32.6343 0.19 1.07961 0.0942546 1
32.6851 0.19 1.07961 0.0942546 1
32.7358 0.19 1.07961 0.0942546 1
32.7758 0.178809 1.00104 0.0888709 0
32.7865 0.19 1.07961 0.0942546 1
32.8373 0.19 1.07961 0.0942546 1
32.888 0.19 1.07961 0.0942546 1
32.9388 0.19 1.07961 0.0942546 1
32.9895 0.19 1.07961 0.0942546 1
33.0402 0.19 1.07961 0.0942546 1
33.091 0.19 1.07961 0.0942546 1
33.1417 0.19 1.07961 0.0942546 1
33.1924 0.19 1.07961 0.0942546 1
33.2374 0.183914 1.04044 0.0913779 0
33.2432 0.19 1.07961 0.0942546 1
33.2939 0.19 1.07961 0.0942546 1
33.3447 0.19 1.07961 0.0942546 1
33.3954 0.19 1.07961 0.0942546 1
33.4461 0.19 1.07961 0.0942546 1
33.4969 0.19 1.07961 0.0942546 1
33.5476 0.19 1.07961 0.0942546 1
33.5983 0.19 1.07961 0.0942546 1
33.6491 0.19 1.07961 0.0942546 1
33.6991 0.189206 1.07513 0.0938849 0
33.6998 0.19 1.07961 0.0942546 1
33.7506 0.19 1.07961 0.0942546 1
33.8013 0.19 1.07961 0.0942546 1
33.852 0.19 1.07961 0.0942546 1
33.9028 0.19 1.07961 0.0942546 1
33.9535 0.19 1.07961 0.0942546 1
34.0042 0.19 1.07961 0.0942546 1
34.055 0.19 1.07961 0.0942546 1
34.1057 0.19 1.07961 0.0942546 1
34.1607 0.194651 1.10158 0.0963919 0
34.1565 0.19 1.07961 0.0942546 1
34.2072 0.19 1.07961 0.0942546 1
34.2579 0.19 1.07961 0.0942546 1
34.3087 0.19 1.07961 0.0942546 1
34.3594 0.19 1.07961 0.0942546 1
34.4101 0.19 1.07961 0.0942546 1
34.4609 0.19 1.07961 0.0942546 1
34.5116 0.19 1.07961 0.0942546 1
34.5623 0.19 1.07961 0.0942546 1
34.6131 0.19 1.07961 0.0942546 1
34.6181 0.145978 1.01055 0.0713219 0
34.6638 0.19 1.07961 0.0942546 1
34.7146 0.19 1.07961 0.0942546 1
34.7653 0.19 1.07961 0.0942546 1
34.816 0.19 1.07961 0.0942546 1
34.8668 0.19 1.07961 0.0942546 1
34.9175 0.19 1.07961 0.0942546 1
34.9682 0.19 1.07961 0.0942546 1
35.019 0.19 1.07961 0.0942546 1
35.0697 0.19 1.07961 0.0942546 1
35.0797 0.150883 0.954245 0.0738289 0
35.1205 0.19 1.07961 0.0942546 1
35.1712 0.19 1.07961 0.0942546 1
35.2219 0.19 1.07961 0.0942546 1
35.2727 0.19 1.07961 0.0942546 1
35.3234 0.19 1.07961 0.0942546 1
35.3741 0.19 1.07961 0.0942546 1
35.4249 0.19 1.07961 0.0942546 1
35.4756 0.19 1.07961 0.0942546 1
35.5264 0.19 1.07961 0.0942546 1
35.5414 0.155553 0.917067 0.0763359 0
35.5771 0.19 1.07961 0.0942546 1
35.6278 0.19 1.07961 0.0942546 1
35.6786 0.19 1.07961 0.0942546 1
35.7293 0.19 1.07961 0.0942546 1
35.78 0.19 1.07961 0.0942546 1
35.8308 0.19 1.07961 0.0942546 1
35.8815 0.19 1.07961 0.0942546 1
35.9323 0.19 1.07961 0.0942546 1
35.983 0.19 1.07961 0.0942546 1
36.003 0.16009 0.901445 0.0788429 0
36.0337 0.19 1.07961 0.0942546 1
36.0845 0.19 1.07961 0.0942546 1
36.1352 0.19 1.07961 0.0942546 1
36.1859 0.19 1.07961 0.0942546 1
36.2367 0.19 1.07961 0.0942546 1
36.2874 0.19 1.07961 0.0942546 1
36.3382 0.19 1.07961 0.0942546 1
36.3889 0.19 1.07961 0.0942546 1
36.4396 0.19 1.07961 0.0942546 1
36.4646 0.164602 0.906371 0.0813499 0
36.4904 0.19 1.07961 0.0942546 1
36.5411 0.19 1.07961 0.0942546 1
36.5918 0.19 1.07961 0.0942546 1
36.6426 0.19 1.07961 0.0942546 1
36.6933 0.19 1.07961 0.0942546 1
36.7441 0.19 1.07961 0.0942546 1
36.7948 0.19 1.07961 0.0942546 1
36.8455 0.19 1.07961 0.0942546 1
36.8963 0.19 1.07961 0.0942546 1
36.9263 0.169182 0.928219 0.0838569 0
36.947 0.19 1.07961 0.0942546 1
36.9977 0.19 1.07961 0.0942546 1
37.0485 0.19 1.07961 0.0942546 1
37.0992 0.19 1.07961 0.0942546 1
37.1499 0.19 1.07961 0.0942546 1
37.2007 0.19 1.07961 0.0942546 1
37.2514 0.19 1.07961 0.0942546 1
37.3022 0.19 1.07961 0.0942546 1
37.3529 0.19 1.07961 0.0942546 1
37.3879 0.173903 0.96174 0.0863639 0
37.4036 0.19 1.07961 0.0942546 1
37.4544 0.19 1.07961 0.0942546 1
37.5051 0.19 1.07961 0.0942546 1
37.5558 0.19 1.07961 0.0942546 1
37.6066 0.19 1.07961 0.0942546 1
37.6573 0.19 1.07961 0.0942546 1
37.7081 0.19 1.07961 0.0942546 1
37.7588 0.19 1.07961 0.0942546 1
37.8095 0.19 1.07961 0.0942546 1
37.8495 0.178809 1.00104 0.0888709 0
37.8603 0.19 1.07961 0.0942546 1
37.911 0.19 1.07961 0.0942546 1
37.9617 0.19 1.07961 0.0942546 1
38.0125 0.19 1.07961 0.0942546 1
38.0632 0.19 1.07961 0.0942546 1
38.114 0.19 1.07961 0.0942546 1
38.1647 0.19 1.07961 0.0942546 1
38.2154 0.19 1.07961 0.0942546 1
38.2662 0.19 1.07961 0.0942546 1
38.3112 0.183914 1.04044 0.0913779 0
38.3169 0.19 1.07961 0.0942546 1
38.3676 0.19 1.07961 0.0942546 1
38.4184 0.19 1.07961 0.0942546 1
38.4691 0.19 1.07961 0.0942546 1
38.5199 0.19 1.07961 0.0942546 1
38.5706 0.19 1.07961 0.0942546 1
38.6213 0.19 1.07961 0.0942546 1
38.6721 0.19 1.07961 0.0942546 1
38.7228 0.19 1.07961 0.0942546 1
38.7728 0.189206 1.07513 0.0938849 0
38.7735 0.19 1.07961 0.0942546 1
38.8243 0.19 1.07961 0.0942546 1
38.875 0.19 1.07961 0.0942546 1
38.9258 0.19 1.07961 0.0942546 1
38.9765 0.19 1.07961 0.0942546 1
39.0272 0.19 1.07961 0.0942546 1
39.078 0.19 1.07961 0.0942546 1
39.1287 0.19 1.07961 0.0942546 1
39.1794 0.19 1.07961 0.0942546 1
39.2344 0.194651 1.10158 0.0963919 0
39.2302 0.19 1.07961 0.0942546 1
39.2809 0.19 1.07961 0.0942546 1
39.3317 0.19 1.07961 0.0942546 1
39.3824 0.19 1.07961 0.0942546 1
39.4331 0.19 1.07961 0.0942546 1
39.4839 0.19 1.07961 0.0942546 1
39.5346 0.19 1.07961 0.0942546 1
39.5853 0.19 1.07961 0.0942546 1
39.6361 0.19 1.07961 0.0942546 1
39.6868 0.19 1.07961 0.0942546 1
39.6918 0.145978 1.01055 0.0713219 0
39.7376 0.19 1.07961 0.0942546 1
39.7883 0.19 1.07961 0.0942546 1
39.839 0.19 1.07961 0.0942546 1
39.8898 0.19 1.07961 0.0942546 1
39.9405 0.19 1.07961 0.0942546 1
39.9912 0.19 1.07961 0.0942546 1
40.042 0.19 1.07961 0.0942546 1
40.0927 0.19 1.07961 0.0942546 1
40.1434 0.19 1.07961 0.0942546 1
40.1534 0.150883 0.954245 0.0738289 0
40.1942 0.19 1.07961 0.0942546 1
40.2449 0.19 1.07961 0.0942546 1
40.2957 0.19 1.07961 0.0942546 1
40.3464 0.19 1.07961 0.0942546 1
40.3971 0.19 1.07961 0.0942546 1
40.4479 0.19 1.07961 0.0942546 1
40.4986 0.19 1.07961 0.0942546 1
40.5493 0.19 1.07961 0.0942546 1
40.6001 0.19 1.07961 0.0942546 1
40.6151 0.155553 0.917067 0.0763359 0
40.6508 0.19 1.07961 0.0942546 1
40.7016 0.19 1.07961 0.0942546 1
40.7523 0.19 1.07961 0.0942546 1
40.803 0.19 1.07961 0.0942546 1
40.8538 0.19 1.07961 0.0942546 1
40.9045 0.19 1.07961 0.0942546 1
40.9552 0.19 1.07961 0.0942546 1
41.006 0.19 1.07961 0.0942546 1
41.0567 0.19 1.07961 0.0942546 1
41.0767 0.16009 0.901445 0.0788429 0
41.1075 0.19 1.07961 0.0942546 1
41.1582 0.19 1.07961 0.0942546 1
41.2089 0.19 1.07961 0.0942546 1
41.2597 0.19 1.07961 0.0942546 1
41.3104 0.19 1.07961 0.0942546 1
41.3611 0.19 1.07961 0.0942546 1
41.4119 0.19 1.07961 0.0942546 1
41.4626 0.19 1.07961 0.0942546 1
41.5134 0.19 1.07961 0.0942546 1
41.5384 0.164602 0.906371 0.0813499 0
41.5641 0.19 1.07961 0.0942546 1
41.6148 0.19 1.07961 0.0942546 1
41.6656 0.19 1.07961 0.0942546 1
41.7163 0.19 1.07961 0.0942546 1
41.767 0.19 1.07961 0.0942546 1
41.8178 0.19 1.07961 0.0942546 1
41.8685 0.19 1.07961 0.0942546 1
41.9193 0.19 1.07961 0.0942546 1
41.97 0.19 1.07961 0.0942546 1
42 0.169182 0.928219 0.0838569 0
42.0207 0.19 1.07961 0.0942546 1
42.0715 0.19 1.07961 0.0942546 1
42.1222 0.19 1.07961 0.0942546 1
42.1729 0.19 1.07961 0.0942546 1
42.2237 0.19 1.07961 0.0942546 1
42.2744 0.19 1.07961 0.0942546 1
42.3252 0.19 1.07961 0.0942546 1
42.3759 0.19 1.07961 0.0942546 1
42.4266 0.19 1.07961 0.0942546 1
42.4616 0.173903 0.96174 0.0863639 0
42.4774 0.19 1.07961 0.0942546 1
42.5281 0.19 1.07961 0.0942546 1
42.5788 0.19 1.07961 0.0942546 1
42.6296 0.19 1.07961 0.0942546 1
42.6803 0.19 1.07961 0.0942546 1
42.731 0.19 1.07961 0.0942546 1
42.7818 0.19 1.07961 0.0942546 1
42.8325 0.19 1.07961 0.0942546 1
42.8833 0.19 1.07961 0.0942546 1
42.9233 0.178809 1.00104 0.0888709 0
42.934 0.19 1.07961 0.0942546 1
42.9847 0.19 1.07961 0.0942546 1
43.0355 0.19 1.07961 0.0942546 1
43.0862 0.19 1.07961 0.0942546 1
43.1369 0.19 1.07961 0.0942546 1
43.1877 0.19 1.07961 0.0942546 1
43.2384 0.19 1.07961 0.0942546 1
43.2892 0.19 1.07961 0.0942546 1
43.3399 0.19 1.07961 0.0942546 1
43.3849 0.183914 1.04044 0.0913779 0
43.3906 0.19 1.07961 0.0942546 1
43.4414 0.19 1.07961 0.0942546 1
43.4921 0.19 1.07961 0.0942546 1
43.5428 0.19 1.07961 0.0942546 1
43.5936 0.19 1.07961 0.0942546 1
43.6443 0.19 1.07961 0.0942546 1
43.6951 0.19 1.07961 0.0942546 1
43.7458 0.19 1.07961 0.0942546 1
43.7965 0.19 1.07961 0.0942546 1
43.8465 0.189206 1.07513 0.0938849 0
43.8473 0.19 1.07961 0.0942546 1
43.898 0.19 1.07961 0.0942546 1
43.9487 0.19 1.07961 0.0942546 1
43.9995 0.19 1.07961 0.0942546 1
44.0502 0.19 1.07961 0.0942546 1
44.101 0.19 1.07961 0.0942546 1
44.1517 0.19 1.07961 0.0942546 1
44.2024 0.19 1.07961 0.0942546 1
44.2532 0.19 1.07961 0.0942546 1
44.3082 0.194651 1.10158 0.0963919 0
44.3039 0.19 1.07961 0.0942546 1
44.3546 0.19 1.07961 0.0942546 1
44.4054 0.19 1.07961 0.0942546 1
44.4561 0.19 1.07961 0.0942546 1
44.5069 0.19 1.07961 0.0942546 1
44.5576 0.19 1.07961 0.0942546 1
44.6083 0.19 1.07961 0.0942546 1
44.6591 0.19 1.07961 0.0942546 1
44.7098 0.19 1.07961 0.0942546 1
44.7605 0.19 1.07961 0.0942546 1
44.7655 0.145978 1.01055 0.0713219 0
44.8113 0.19 1.07961 0.0942546 1
44.862 0.19 1.07961 0.0942546 1
44.9128 0.19 1.07961 0.0942546 1
44.9635 0.19 1.07961 0.0942546 1
45.0142 0.19 1.07961 0.0942546 1
45.065 0.19 1.07961 0.0942546 1
45.1157 0.19 1.07961 0.0942546 1
45.1664 0.19 1.07961 0.0942546 1
45.2172 0.19 1.07961 0.0942546 1
45.2272 0.150883 0.954245 0.0738289 0
45.2679 0.19 1.07961 0.0942546 1
45.3187 0.19 1.07961 0.0942546 1
45.3694 0.19 1.07961 0.0942546 1
45.4201 0.19 1.07961 0.0942546 1
45.4709 0.19 1.07961 0.0942546 1
45.5216 0.19 1.07961 0.0942546 1
45.5723 0.19 1.07961 0.0942546 1
45.6231 0.19 1.07961 0.0942546 1
45.6738 0.19 1.07961 0.0942546 1
45.6888 0.155553 0.917067 0.0763359 0
45.7245 0.19 1.07961 0.0942546 1
45.7753 0.19 1.07961 0.0942546 1
45.826 0.19 1.07961 0.0942546 1
45.8768 0.19 1.07961 0.0942546 1
45.9275 0.19 1.07961 0.0942546 1
45.9782 0.19 1.07961 0.0942546 1
46.029 0.19 1.07961 0.0942546 1
46.0797 0.19 1.07961 0.0942546 1
46.1304 0.19 1.07961 0.0942546 1
46.1504 0.16009 0.901445 0.0788429 0
46.1812 0.19 1.07961 0.0942546 1
46.2319 0.19 1.07961 0.0942546 1
46.2827 0.19 1.07961 0.0942546 1
46.3334 0.19 1.07961 0.0942546 1
46.3841 0.19 1.07961 0.0942546 1
46.4349 0.19 1.07961 0.0942546 1
46.4856 0.19 1.07961 0.0942546 1
46.5363 0.19 1.07961 0.0942546 1
46.5871 0.19 1.07961 0.0942546 1
46.6121 0.164602 0.906371 0.0813499 0
46.6378 0.19 1.07961 0.0942546 1
46.6886 0.19 1.07961 0.0942546 1
46.7393 0.19 1.07961 0.0942546 1
46.79 0.19 1.07961 0.0942546 1
46.8408 0.19 1.07961 0.0942546 1
46.8915 0.19 1.07961 0.0942546 1
46.9422 0.19 1.07961 0.0942546 1
46.993 0.19 1.07961 0.0942546 1
47.0437 0.19 1.07961 0.0942546 1
47.0737 0.169182 0.928219 0.0838569 0
47.0945 0.19 1.07961 0.0942546 1
47.1452 0.19 1.07961 0.0942546 1
47.1959 0.19 1.07961 0.0942546 1
47.2467 0.19 1.07961 0.0942546 1
47.2974 0.19 1.07961 0.0942546 1
47.3481 0.19 1.07961 0.0942546 1
47.3989 0.19 1.07961 0.0942546 1
47.4496 0.19 1.07961 0.0942546 1
47.5004 0.19 1.07961 0.0942546 1
47.5354 0.173903 0.96174 0.0863639 0
47.5511 0.19 1.07961 0.0942546 1
47.6018 0.19 1.07961 0.0942546 1
47.6526 0.19 1.07961 0.0942546 1
47.7033 0.19 1.07961 0.0942546 1
47.754 0.19 1.07961 0.0942546 1
47.8048 0.19 1.07961 0.0942546 1
47.8555 0.19 1.07961 0.0942546 1
47.9063 0.19 1.07961 0.0942546 1
47.957 0.19 1.07961 0.0942546 1
47.997 0.178809 1.00104 0.0888709 0
48.0077 0.19 1.07961 0.0942546 1
48.0585 0.19 1.07961 0.0942546 1
48.1092 0.19 1.07961 0.0942546 1
48.1599 0.19 1.07961 0.0942546 1
48.2107 0.19 1.07961 0.0942546 1
48.2614 0.19 1.07961 0.0942546 1
48.3121 0.19 1.07961 0.0942546 1
48.3629 0.19 1.07961 0.0942546 1
48.4136 0.19 1.07961 0.0942546 1
48.4586 0.183914 1.04044 0.0913779 0
48.4644 0.19 1.07961 0.0942546 1
48.5151 0.19 1.07961 0.0942546 1
48.5658 0.19 1.07961 0.0942546 1
48.6166 0.19 1.07961 0.0942546 1
48.6673 0.19 1.07961 0.0942546 1
48.718 0.19 1.07961 0.0942546 1
48.7688 0.19 1.07961 0.0942546 1
48.8195 0.19 1.07961 0.0942546 1
48.8703 0.19 1.07961 0.0942546 1
48.9203 0.189206 1.07513 0.0938849 0
48.921 0.19 1.07961 0.0942546 1
48.9717 0.19 1.07961 0.0942546 1
49.0225 0.19 1.07961 0.0942546 1
49.0732 0.19 1.07961 0.0942546 1
49.1239 0.19 1.07961 0.0942546 1
49.1747 0.19 1.07961 0.0942546 1
49.2254 0.19 1.07961 0.0942546 1
49.2762 0.19 1.07961 0.0942546 1
49.3269 0.19 1.07961 0.0942546 1
49.3819 0.194651 1.10158 0.0963919 0
49.3776 0.19 1.07961 0.0942546 1
49.4284 0.19 1.07961 0.0942546 1
49.4791 0.19 1.07961 0.0942546 1
49.5298 0.19 1.07961 0.0942546 1
49.5806 0.19 1.07961 0.0942546 1
49.6313 0.19 1.07961 0.0942546 1
49.6821 0.19 1.07961 0.0942546 1
49.7328 0.19 1.07961 0.0942546 1
49.7835 0.19 1.07961 0.0942546 1
49.8343 0.19 1.07961 0.0942546 1
49.8393 0.145978 1.01055 0.0713219 0
49.885 0.19 1.07961 0.0942546 1
49.9357 0.19 1.07961 0.0942546 1
49.9865 0.19 1.07961 0.0942546 1
0.5014 0.5014 0.5014 0.5014 0.5014
