t x v M dripped?
0 0 0 0.01 0
0.166193 0.19 0.950446 0.0935617 1
0.213196 0.19 1.17266 0.0949634 1
0.26655 0.19 0.98488 0.0939503 1
0.313972 0.19 1.14019 0.0946613 1
0.36641 0.19 1.02427 0.0940441 1
0.415179 0.19 1.12073 0.0944839 1
0.467103 0.19 1.04704 0.0941183 1
0.482103 0.156873 0.872333 0.077024 0
0.516637 0.19 1.10678 0.0943875 1
0.568141 0.19 1.06086 0.0941674 1
0.618142 0.19 1.09756 0.0943332 1
0.669356 0.19 1.06917 0.0941997 1
0.719637 0.19 1.09168 0.0943018 1
0.770662 0.19 1.0742 0.0942204 1
0.82111 0.19 1.08799 0.0942832 1
0.872015 0.19 1.07724 0.0942335 1
0.922566 0.19 1.0857 0.0942721 1
0.947566 0.164441 0.913356 0.0812544 0
0.973396 0.19 1.0791 0.0942416 1
1.02401 0.19 1.08428 0.0942654 1
1.07479 0.19 1.08023 0.0942467 1
1.12544 0.19 1.08341 0.0942613 1
1.17619 0.19 1.08092 0.0942498 1
1.22687 0.19 1.08287 0.0942588 1
1.2776 0.19 1.08134 0.0942517 1
1.32829 0.19 1.08254 0.0942572 1
1.37902 0.19 1.0816 0.0942529 1
1.40902 0.169156 0.932047 0.0838509 0
1.42971 0.19 1.08234 0.0942563 1
1.48043 0.19 1.08176 0.0942537 1
1.53113 0.19 1.08221 0.0942557 1
1.58185 0.19 1.08186 0.0942541 1
1.63255 0.19 1.08214 0.0942554 1
1.68326 0.19 1.08192 0.0942544 1
1.73397 0.19 1.08209 0.0942552 1
1.78468 0.19 1.08196 0.0942546 1
1.83538 0.19 1.08206 0.094255 1
1.87038 0.173884 0.965414 0.0863556 0
1.8861 0.19 1.08198 0.0942547 1
1.9368 0.19 1.08204 0.0942549 1
1.98751 0.19 1.08199 0.0942547 1
2.03822 0.19 1.08203 0.0942549 1
2.08893 0.19 1.082 0.0942548 1
2.13964 0.19 1.08203 0.0942549 1
2.19035 0.19 1.08201 0.0942548 1
2.24105 0.19 1.08202 0.0942548 1
2.29176 0.19 1.08201 0.0942548 1
2.33176 0.178809 1.00438 0.0888706 0
2.34247 0.19 1.08202 0.0942548 1
2.39318 0.19 1.08201 0.0942548 1
2.44389 0.19 1.08202 0.0942548 1
2.4946 0.19 1.08201 0.0942548 1
2.54531 0.19 1.08202 0.0942548 1
2.59601 0.19 1.08201 0.0942548 1
2.64672 0.19 1.08202 0.0942548 1
2.69743 0.19 1.08201 0.0942548 1
2.74814 0.19 1.08202 0.0942548 1
2.79314 0.183929 1.0434 0.0913845 0
2.79885 0.19 1.08201 0.0942548 1
2.84956 0.19 1.08201 0.0942548 1
2.90027 0.19 1.08201 0.0942548 1
2.95097 0.19 1.08201 0.0942548 1
3.00168 0.19 1.08201 0.0942548 1
3.05239 0.19 1.08201 0.0942548 1
3.1031 0.19 1.08201 0.0942548 1
3.15381 0.19 1.08201 0.0942548 1
3.20452 0.19 1.08201 0.0942548 1
3.25452 0.189235 1.07775 0.0938985 0
3.25523 0.19 1.08201 0.0942548 1
3.30593 0.19 1.08201 0.0942548 1
3.35664 0.19 1.08201 0.0942548 1
3.40735 0.19 1.08201 0.0942548 1
3.45806 0.19 1.08201 0.0942548 1
3.50877 0.19 1.08201 0.0942548 1
3.55948 0.19 1.08201 0.0942548 1
3.61019 0.19 1.08201 0.0942548 1
3.66089 0.19 1.08201 0.0942548 1
3.71589 0.194693 1.10391 0.0964125 0
3.7116 0.19 1.08201 0.0942548 1
3.76231 0.19 1.08201 0.0942548 1
3.81302 0.19 1.08201 0.0942548 1
3.86373 0.19 1.08201 0.0942548 1
3.91444 0.19 1.08201 0.0942548 1
3.96515 0.19 1.08201 0.0942548 1
4.01585 0.19 1.08201 0.0942548 1
4.06656 0.19 1.08201 0.0942548 1
4.11727 0.19 1.08201 0.0942548 1
4.16798 0.19 1.08201 0.0942548 1
4.17298 0.145846 1.01353 0.0712725 0
4.21869 0.19 1.08201 0.0942548 1
4.2694 0.19 1.08201 0.0942548 1
4.32011 0.19 1.08201 0.0942548 1
4.37081 0.19 1.08201 0.0942548 1
4.42152 0.19 1.08201 0.0942548 1
4.47223 0.19 1.08201 0.0942548 1
4.52294 0.19 1.08201 0.0942548 1
4.57365 0.19 1.08201 0.0942548 1
4.62436 0.19 1.08201 0.0942548 1
4.63436 0.150767 0.957741 0.0737865 0
4.67507 0.19 1.08201 0.0942548 1
4.72577 0.19 1.08201 0.0942548 1
4.77648 0.19 1.08201 0.0942548 1
4.82719 0.19 1.08201 0.0942548 1
4.8779 0.19 1.08201 0.0942548 1
4.92861 0.19 1.08201 0.0942548 1
4.97932 0.19 1.08201 0.0942548 1
5.03003 0.19 1.08201 0.0942548 1
5.08073 0.19 1.08201 0.0942548 1
5.09573 0.155455 0.920939 0.0763005 0
5.13144 0.19 1.08201 0.0942548 1
5.18215 0.19 1.08201 0.0942548 1
5.23286 0.19 1.08201 0.0942548 1
5.28357 0.19 1.08201 0.0942548 1
5.33428 0.19 1.08201 0.0942548 1
5.38499 0.19 1.08201 0.0942548 1
5.43569 0.19 1.08201 0.0942548 1
5.4864 0.19 1.08201 0.0942548 1
5.53711 0.19 1.08201 0.0942548 1
5.55711 0.160012 0.90552 0.0788145 0
5.58782 0.19 1.08201 0.0942548 1
5.63853 0.19 1.08201 0.0942548 1
5.68924 0.19 1.08201 0.0942548 1
5.73995 0.19 1.08201 0.0942548 1
5.79065 0.19 1.08201 0.0942548 1
5.84136 0.19 1.08201 0.0942548 1
5.89207 0.19 1.08201 0.0942548 1
5.94278 0.19 1.08201 0.0942548 1
5.99349 0.19 1.08201 0.0942548 1
6.01849 0.164544 0.910466 0.0813285 0
6.0442 0.19 1.08201 0.0942548 1
6.09491 0.19 1.08201 0.0942548 1
6.14561 0.19 1.08201 0.0942548 1
6.19632 0.19 1.08201 0.0942548 1
6.24703 0.19 1.08201 0.0942548 1
6.29774 0.19 1.08201 0.0942548 1
6.34845 0.19 1.08201 0.0942548 1
6.39916 0.19 1.08201 0.0942548 1
6.44987 0.19 1.08201 0.0942548 1
6.47987 0.169145 0.932171 0.0838425 0
6.50058 0.19 1.08201 0.0942548 1
6.55128 0.19 1.08201 0.0942548 1
6.60199 0.19 1.08201 0.0942548 1
6.6527 0.19 1.08201 0.0942548 1
6.70341 0.19 1.08201 0.0942548 1
6.75412 0.19 1.08201 0.0942548 1
6.80483 0.19 1.08201 0.0942548 1
6.85554 0.19 1.08201 0.0942548 1
6.90624 0.19 1.08201 0.0942548 1
6.94124 0.173885 0.965421 0.0863565 0
6.95695 0.19 1.08201 0.0942548 1
7.00766 0.19 1.08201 0.0942548 1
7.05837 0.19 1.08201 0.0942548 1
7.10908 0.19 1.08201 0.0942548 1
7.15979 0.19 1.08201 0.0942548 1
7.2105 0.19 1.08201 0.0942548 1
7.2612 0.19 1.08201 0.0942548 1
7.31191 0.19 1.08201 0.0942548 1
7.36262 0.19 1.08201 0.0942548 1
7.40262 0.178809 1.00437 0.0888705 0
7.41333 0.19 1.08201 0.0942548 1
7.46404 0.19 1.08201 0.0942548 1
7.51475 0.19 1.08201 0.0942548 1
7.56546 0.19 1.08201 0.0942548 1
7.61616 0.19 1.08201 0.0942548 1
7.66687 0.19 1.08201 0.0942548 1
7.71758 0.19 1.08201 0.0942548 1
7.76829 0.19 1.08201 0.0942548 1
7.819 0.19 1.08201 0.0942548 1
7.864 0.183929 1.0434 0.0913845 0
7.86971 0.19 1.08201 0.0942548 1
7.92042 0.19 1.08201 0.0942548 1
7.97112 0.19 1.08201 0.0942548 1
8.02183 0.19 1.08201 0.0942548 1
8.07254 0.19 1.08201 0.0942548 1
8.12325 0.19 1.08201 0.0942548 1
8.17396 0.19 1.08201 0.0942548 1
8.22467 0.19 1.08201 0.0942548 1
8.27538 0.19 1.08201 0.0942548 1
8.32538 0.189235 1.07775 0.0938985 0
8.32608 0.19 1.08201 0.0942548 1
8.37679 0.19 1.08201 0.0942548 1
8.4275 0.19 1.08201 0.0942548 1
8.47821 0.19 1.08201 0.0942548 1
8.52892 0.19 1.08201 0.0942548 1
8.57963 0.19 1.08201 0.0942548 1
8.63034 0.19 1.08201 0.0942548 1
8.68104 0.19 1.08201 0.0942548 1
8.73175 0.19 1.08201 0.0942548 1
8.78675 0.194693 1.10391 0.0964125 0
8.78246 0.19 1.08201 0.0942548 1
8.83317 0.19 1.08201 0.0942548 1
8.88388 0.19 1.08201 0.0942548 1
8.93459 0.19 1.08201 0.0942548 1
8.9853 0.19 1.08201 0.0942548 1
9.036 0.19 1.08201 0.0942548 1
9.08671 0.19 1.08201 0.0942548 1
9.13742 0.19 1.08201 0.0942548 1
9.18813 0.19 1.08201 0.0942548 1
9.23884 0.19 1.08201 0.0942548 1
9.24384 0.145846 1.01353 0.0712725 0
9.28955 0.19 1.08201 0.0942548 1
9.34026 0.19 1.08201 0.0942548 1
9.39096 0.19 1.08201 0.0942548 1
9.44167 0.19 1.08201 0.0942548 1
9.49238 0.19 1.08201 0.0942548 1
9.54309 0.19 1.08201 0.0942548 1
9.5938 0.19 1.08201 0.0942548 1
9.64451 0.19 1.08201 0.0942548 1
9.69522 0.19 1.08201 0.0942548 1
9.70522 0.150767 0.957741 0.0737865 0
9.74592 0.19 1.08201 0.0942548 1
9.79663 0.19 1.08201 0.0942548 1
9.84734 0.19 1.08201 0.0942548 1
9.89805 0.19 1.08201 0.0942548 1
9.94876 0.19 1.08201 0.0942548 1
9.99947 0.19 1.08201 0.0942548 1
10.0502 0.19 1.08201 0.0942548 1
10.1009 0.19 1.08201 0.0942548 1
10.1516 0.19 1.08201 0.0942548 1
10.1666 0.155455 0.920939 0.0763005 0
10.2023 0.19 1.08201 0.0942548 1
10.253 0.19 1.08201 0.0942548 1
10.3037 0.19 1.08201 0.0942548 1
10.3544 0.19 1.08201 0.0942548 1
10.4051 0.19 1.08201 0.0942548 1
10.4558 0.19 1.08201 0.0942548 1
10.5066 0.19 1.08201 0.0942548 1
10.5573 0.19 1.08201 0.0942548 1
10.608 0.19 1.08201 0.0942548 1
10.628 0.160012 0.90552 0.0788145 0
10.6587 0.19 1.08201 0.0942548 1
10.7094 0.19 1.08201 0.0942548 1
10.7601 0.19 1.08201 0.0942548 1
10.8108 0.19 1.08201 0.0942548 1
10.8615 0.19 1.08201 0.0942548 1
10.9122 0.19 1.08201 0.0942548 1
10.9629 0.19 1.08201 0.0942548 1
11.0136 0.19 1.08201 0.0942548 1
11.0643 0.19 1.08201 0.0942548 1
11.0893 0.164544 0.910466 0.0813285 0
11.1151 0.19 1.08201 0.0942548 1
11.1658 0.19 1.08201 0.0942548 1
11.2165 0.19 1.08201 0.0942548 1
11.2672 0.19 1.08201 0.0942548 1
11.3179 0.19 1.08201 0.0942548 1
11.3686 0.19 1.08201 0.0942548 1
11.4193 0.19 1.08201 0.0942548 1
11.47 0.19 1.08201 0.0942548 1
11.5207 0.19 1.08201 0.0942548 1
11.5507 0.169145 0.932171 0.0838425 0
11.5714 0.19 1.08201 0.0942548 1
11.6221 0.19 1.08201 0.0942548 1
11.6729 0.19 1.08201 0.0942548 1
11.7236 0.19 1.08201 0.0942548 1
11.7743 0.19 1.08201 0.0942548 1
11.825 0.19 1.08201 0.0942548 1
11.8757 0.19 1.08201 0.0942548 1
11.9264 0.19 1.08201 0.0942548 1
11.9771 0.19 1.08201 0.0942548 1
12.0121 0.173885 0.965421 0.0863565 0
12.0278 0.19 1.08201 0.0942548 1
12.0785 0.19 1.08201 0.0942548 1
12.1292 0.19 1.08201 0.0942548 1
12.1799 0.19 1.08201 0.0942548 1
12.2306 0.19 1.08201 0.0942548 1
12.2814 0.19 1.08201 0.0942548 1
12.3321 0.19 1.08201 0.0942548 1
12.3828 0.19 1.08201 0.0942548 1
12.4335 0.19 1.08201 0.0942548 1
12.4735 0.178809 1.00437 0.0888705 0
12.4842 0.19 1.08201 0.0942548 1
12.5349 0.19 1.08201 0.0942548 1
12.5856 0.19 1.08201 0.0942548 1
12.6363 0.19 1.08201 0.0942548 1
12.687 0.19 1.08201 0.0942548 1
12.7377 0.19 1.08201 0.0942548 1
12.7884 0.19 1.08201 0.0942548 1
12.8391 0.19 1.08201 0.0942548 1
12.8899 0.19 1.08201 0.0942548 1
12.9349 0.183929 1.0434 0.0913845 0
12.9406 0.19 1.08201 0.0942548 1
12.9913 0.19 1.08201 0.0942548 1
13.042 0.19 1.08201 0.0942548 1
13.0927 0.19 1.08201 0.0942548 1
13.1434 0.19 1.08201 0.0942548 1
13.1941 0.19 1.08201 0.0942548 1
13.2448 0.19 1.08201 0.0942548 1
13.2955 0.19 1.08201 0.0942548 1
13.3462 0.19 1.08201 0.0942548 1
13.3962 0.189235 1.07775 0.0938985 0
13.3969 0.19 1.08201 0.0942548 1
13.4477 0.19 1.08201 0.0942548 1
13.4984 0.19 1.08201 0.0942548 1
13.5491 0.19 1.08201 0.0942548 1
13.5998 0.19 1.08201 0.0942548 1
13.6505 0.19 1.08201 0.0942548 1
13.7012 0.19 1.08201 0.0942548 1
13.7519 0.19 1.08201 0.0942548 1
13.8026 0.19 1.08201 0.0942548 1
13.8576 0.194693 1.10391 0.0964125 0
13.8533 0.19 1.08201 0.0942548 1
13.904 0.19 1.08201 0.0942548 1
13.9547 0.19 1.08201 0.0942548 1
14.0054 0.19 1.08201 0.0942548 1
14.0562 0.19 1.08201 0.0942548 1
14.1069 0.19 1.08201 0.0942548 1
14.1576 0.19 1.08201 0.0942548 1
14.2083 0.19 1.08201 0.0942548 1
14.259 0.19 1.08201 0.0942548 1
14.3097 0.19 1.08201 0.0942548 1
14.3147 0.145846 1.01353 0.0712725 0
14.3604 0.19 1.08201 0.0942548 1
14.4111 0.19 1.08201 0.0942548 1
14.4618 0.19 1.08201 0.0942548 1
14.5125 0.19 1.08201 0.0942548 1
14.5632 0.19 1.08201 0.0942548 1
14.6139 0.19 1.08201 0.0942548 1
14.6647 0.19 1.08201 0.0942548 1
14.7154 0.19 1.08201 0.0942548 1
14.7661 0.19 1.08201 0.0942548 1
14.7761 0.150767 0.957741 0.0737865 0
14.8168 0.19 1.08201 0.0942548 1
14.8675 0.19 1.08201 0.0942548 1
14.9182 0.19 1.08201 0.0942548 1
14.9689 0.19 1.08201 0.0942548 1
15.0196 0.19 1.08201 0.0942548 1
15.0703 0.19 1.08201 0.0942548 1
15.121 0.19 1.08201 0.0942548 1
15.1717 0.19 1.08201 0.0942548 1
15.2225 0.19 1.08201 0.0942548 1
15.2375 0.155455 0.920939 0.0763005 0
15.2732 0.19 1.08201 0.0942548 1
15.3239 0.19 1.08201 0.0942548 1
15.3746 0.19 1.08201 0.0942548 1
15.4253 0.19 1.08201 0.0942548 1
15.476 0.19 1.08201 0.0942548 1
15.5267 0.19 1.08201 0.0942548 1
15.5774 0.19 1.08201 0.0942548 1
15.6281 0.19 1.08201 0.0942548 1
15.6788 0.19 1.08201 0.0942548 1
15.6988 0.160012 0.90552 0.0788145 0
15.7295 0.19 1.08201 0.0942548 1
15.7802 0.19 1.08201 0.0942548 1
15.831 0.19 1.08201 0.0942548 1
15.8817 0.19 1.08201 0.0942548 1
15.9324 0.19 1.08201 0.0942548 1
15.9831 0.19 1.08201 0.0942548 1
16.0338 0.19 1.08201 0.0942548 1
16.0845 0.19 1.08201 0.0942548 1
16.1352 0.19 1.08201 0.0942548 1
16.1602 0.164544 0.910466 0.0813285 0
16.1859 0.19 1.08201 0.0942548 1
16.2366 0.19 1.08201 0.0942548 1
16.2873 0.19 1.08201 0.0942548 1
16.338 0.19 1.08201 0.0942548 1
16.3887 0.19 1.08201 0.0942548 1
16.4395 0.19 1.08201 0.0942548 1
16.4902 0.19 1.08201 0.0942548 1
16.5409 0.19 1.08201 0.0942548 1
16.5916 0.19 1.08201 0.0942548 1
16.6216 0.169145 0.932171 0.0838425 0
16.6423 0.19 1.08201 0.0942548 1
16.693 0.19 1.08201 0.0942548 1
16.7437 0.19 1.08201 0.0942548 1
16.7944 0.19 1.08201 0.0942548 1
16.8451 0.19 1.08201 0.0942548 1
16.8958 0.19 1.08201 0.0942548 1
16.9465 0.19 1.08201 0.0942548 1
16.9973 0.19 1.08201 0.0942548 1
17.048 0.19 1.08201 0.0942548 1
17.083 0.173885 0.965421 0.0863565 0
17.0987 0.19 1.08201 0.0942548 1
17.1494 0.19 1.08201 0.0942548 1
17.2001 0.19 1.08201 0.0942548 1
17.2508 0.19 1.08201 0.0942548 1
17.3015 0.19 1.08201 0.0942548 1
17.3522 0.19 1.08201 0.0942548 1
17.4029 0.19 1.08201 0.0942548 1
17.4536 0.19 1.08201 0.0942548 1
17.5043 0.19 1.08201 0.0942548 1
17.5443 0.178809 1.00437 0.0888705 0
17.555 0.19 1.08201 0.0942548 1
17.6058 0.19 1.08201 0.0942548 1
17.6565 0.19 1.08201 0.0942548 1
17.7072 0.19 1.08201 0.0942548 1
17.7579 0.19 1.08201 0.0942548 1
17.8086 0.19 1.08201 0.0942548 1
17.8593 0.19 1.08201 0.0942548 1
17.91 0.19 1.08201 0.0942548 1
17.9607 0.19 1.08201 0.0942548 1
18.0057 0.183929 1.0434 0.0913845 0
18.0114 0.19 1.08201 0.0942548 1
18.0621 0.19 1.08201 0.0942548 1
18.1128 0.19 1.08201 0.0942548 1
18.1635 0.19 1.08201 0.0942548 1
18.2143 0.19 1.08201 0.0942548 1
18.265 0.19 1.08201 0.0942548 1
18.3157 0.19 1.08201 0.0942548 1
18.3664 0.19 1.08201 0.0942548 1
18.4171 0.19 1.08201 0.0942548 1
18.4671 0.189235 1.07775 0.0938985 0
18.4678 0.19 1.08201 0.0942548 1
18.5185 0.19 1.08201 0.0942548 1
18.5692 0.19 1.08201 0.0942548 1
18.6199 0.19 1.08201 0.0942548 1
18.6706 0.19 1.08201 0.0942548 1
18.7213 0.19 1.08201 0.0942548 1
18.7721 0.19 1.08201 0.0942548 1
18.8228 0.19 1.08201 0.0942548 1
18.8735 0.19 1.08201 0.0942548 1
18.9285 0.194693 1.10391 0.0964125 0
18.9242 0.19 1.08201 0.0942548 1
18.9749 0.19 1.08201 0.0942548 1
19.0256 0.19 1.08201 0.0942548 1
19.0763 0.19 1.08201 0.0942548 1
19.127 0.19 1.08201 0.0942548 1
19.1777 0.19 1.08201 0.0942548 1
19.2284 0.19 1.08201 0.0942548 1
19.2791 0.19 1.08201 0.0942548 1
19.3298 0.19 1.08201 0.0942548 1
19.3806 0.19 1.08201 0.0942548 1
19.3856 0.145846 1.01353 0.0712725 0
19.4313 0.19 1.08201 0.0942548 1
19.482 0.19 1.08201 0.0942548 1
19.5327 0.19 1.08201 0.0942548 1
19.5834 0.19 1.08201 0.0942548 1
19.6341 0.19 1.08201 0.0942548 1
19.6848 0.19 1.08201 0.0942548 1
19.7355 0.19 1.08201 0.0942548 1
19.7862 0.19 1.08201 0.0942548 1
19.8369 0.19 1.08201 0.0942548 1
19.8469 0.150767 0.957741 0.0737865 0
19.8876 0.19 1.08201 0.0942548 1
19.9383 0.19 1.08201 0.0942548 1
19.9891 0.19 1.08201 0.0942548 1
20.0398 0.19 1.08201 0.0942548 1
20.0905 0.19 1.08201 0.0942548 1
20.1412 0.19 1.08201 0.0942548 1
20.1919 0.19 1.08201 0.0942548 1
20.2426 0.19 1.08201 0.0942548 1
20.2933 0.19 1.08201 0.0942548 1
20.3083 0.155455 0.920939 0.0763005 0
20.344 0.19 1.08201 0.0942548 1
20.3947 0.19 1.08201 0.0942548 1
20.4454 0.19 1.08201 0.0942548 1
20.4961 0.19 1.08201 0.0942548 1
20.5469 0.19 1.08201 0.0942548 1
20.5976 0.19 1.08201 0.0942548 1
20.6483 0.19 1.08201 0.0942548 1
20.699 0.19 1.08201 0.0942548 1
20.7497 0.19 1.08201 0.0942548 1
20.7697 0.160012 0.90552 0.0788145 0
20.8004 0.19 1.08201 0.0942548 1
20.8511 0.19 1.08201 0.0942548 1
20.9018 0.19 1.08201 0.0942548 1
20.9525 0.19 1.08201 0.0942548 1
21.0032 0.19 1.08201 0.0942548 1
21.0539 0.19 1.08201 0.0942548 1
21.1046 0.19 1.08201 0.0942548 1
21.1554 0.19 1.08201 0.0942548 1
21.2061 0.19 1.08201 0.0942548 1
21.2311 0.164544 0.910466 0.0813285 0
21.2568 0.19 1.08201 0.0942548 1
21.3075 0.19 1.08201 0.0942548 1
21.3582 0.19 1.08201 0.0942548 1
21.4089 0.19 1.08201 0.0942548 1
21.4596 0.19 1.08201 0.0942548 1
21.5103 0.19 1.08201 0.0942548 1
21.561 0.19 1.08201 0.0942548 1
21.6117 0.19 1.08201 0.0942548 1
21.6624 0.19 1.08201 0.0942548 1
21.6924 0.169145 0.932171 0.0838425 0
21.7131 0.19 1.08201 0.0942548 1
21.7639 0.19 1.08201 0.0942548 1
21.8146 0.19 1.08201 0.0942548 1
21.8653 0.19 1.08201 0.0942548 1
21.916 0.19 1.08201 0.0942548 1
21.9667 0.19 1.08201 0.0942548 1
22.0174 0.19 1.08201 0.0942548 1
22.0681 0.19 1.08201 0.0942548 1
22.1188 0.19 1.08201 0.0942548 1
22.1538 0.173885 0.965421 0.0863565 0
22.1695 0.19 1.08201 0.0942548 1
22.2202 0.19 1.08201 0.0942548 1
22.2709 0.19 1.08201 0.0942548 1
22.3217 0.19 1.08201 0.0942548 1
22.3724 0.19 1.08201 0.0942548 1
22.4231 0.19 1.08201 0.0942548 1
22.4738 0.19 1.08201 0.0942548 1
22.5245 0.19 1.08201 0.0942548 1
22.5752 0.19 1.08201 0.0942548 1
22.6152 0.178809 1.00437 0.0888705 0
22.6259 0.19 1.08201 0.0942548 1
22.6766 0.19 1.08201 0.0942548 1
22.7273 0.19 1.08201 0.0942548 1
22.778 0.19 1.08201 0.0942548 1
22.8287 0.19 1.08201 0.0942548 1
22.8794 0.19 1.08201 0.0942548 1
22.9302 0.19 1.08201 0.0942548 1
22.9809 0.19 1.08201 0.0942548 1
23.0316 0.19 1.08201 0.0942548 1
23.0766 0.183929 1.0434 0.0913845 0
23.0823 0.19 1.08201 0.0942548 1
23.133 0.19 1.08201 0.0942548 1
23.1837 0.19 1.08201 0.0942548 1
23.2344 0.19 1.08201 0.0942548 1
23.2851 0.19 1.08201 0.0942548 1
23.3358 0.19 1.08201 0.0942548 1
23.3865 0.19 1.08201 0.0942548 1
23.4372 0.19 1.08201 0.0942548 1
23.4879 0.19 1.08201 0.0942548 1
23.5379 0.189235 1.07775 0.0938985 0
23.5387 0.19 1.08201 0.0942548 1
23.5894 0.19 1.08201 0.0942548 1
23.6401 0.19 1.08201 0.0942548 1
23.6908 0.19 1.08201 0.0942548 1
23.7415 0.19 1.08201 0.0942548 1
23.7922 0.19 1.08201 0.0942548 1
23.8429 0.19 1.08201 0.0942548 1
23.8936 0.19 1.08201 0.0942548 1
23.9443 0.19 1.08201 0.0942548 1
23.9993 0.194693 1.10391 0.0964125 0
23.995 0.19 1.08201 0.0942548 1
24.0457 0.19 1.08201 0.0942548 1
24.0965 0.19 1.08201 0.0942548 1
24.1472 0.19 1.08201 0.0942548 1
24.1979 0.19 1.08201 0.0942548 1
24.2486 0.19 1.08201 0.0942548 1
24.2993 0.19 1.08201 0.0942548 1
24.35 0.19 1.08201 0.0942548 1
24.4007 0.19 1.08201 0.0942548 1
24.4514 0.19 1.08201 0.0942548 1
24.4564 0.145846 1.01353 0.0712725 0
24.5021 0.19 1.08201 0.0942548 1
24.5528 0.19 1.08201 0.0942548 1
24.6035 0.19 1.08201 0.0942548 1
24.6542 0.19 1.08201 0.0942548 1
24.705 0.19 1.08201 0.0942548 1
24.7557 0.19 1.08201 0.0942548 1
24.8064 0.19 1.08201 0.0942548 1
24.8571 0.19 1.08201 0.0942548 1
24.9078 0.19 1.08201 0.0942548 1
24.9178 0.150767 0.957741 0.0737865 0
24.9585 0.19 1.08201 0.0942548 1
25.0092 0.19 1.08201 0.0942548 1
25.0599 0.19 1.08201 0.0942548 1
25.1106 0.19 1.08201 0.0942548 1
25.1613 0.19 1.08201 0.0942548 1
25.212 0.19 1.08201 0.0942548 1
25.2627 0.19 1.08201 0.0942548 1
25.3135 0.19 1.08201 0.0942548 1
25.3642 0.19 1.08201 0.0942548 1
25.3792 0.155455 0.920939 0.0763005 0
25.4149 0.19 1.08201 0.0942548 1
25.4656 0.19 1.08201 0.0942548 1
25.5163 0.19 1.08201 0.0942548 1
25.567 0.19 1.08201 0.0942548 1
25.6177 0.19 1.08201 0.0942548 1
25.6684 0.19 1.08201 0.0942548 1
25.7191 0.19 1.08201 0.0942548 1
25.7698 0.19 1.08201 0.0942548 1
25.8205 0.19 1.08201 0.0942548 1
25.8405 0.160012 0.90552 0.0788145 0
25.8713 0.19 1.08201 0.0942548 1
25.922 0.19 1.08201 0.0942548 1
25.9727 0.19 1.08201 0.0942548 1
26.0234 0.19 1.08201 0.0942548 1
26.0741 0.19 1.08201 0.0942548 1
26.1248 0.19 1.08201 0.0942548 1
26.1755 0.19 1.08201 0.0942548 1
26.2262 0.19 1.08201 0.0942548 1
26.2769 0.19 1.08201 0.0942548 1
26.3019 0.164544 0.910466 0.0813285 0
26.3276 0.19 1.08201 0.0942548 1
26.3783 0.19 1.08201 0.0942548 1
26.429 0.19 1.08201 0.0942548 1
26.4798 0.19 1.08201 0.0942548 1
26.5305 0.19 1.08201 0.0942548 1
26.5812 0.19 1.08201 0.0942548 1
26.6319 0.19 1.08201 0.0942548 1
26.6826 0.19 1.08201 0.0942548 1
26.7333 0.19 1.08201 0.0942548 1
26.7633 0.169145 0.932171 0.0838425 0
26.784 0.19 1.08201 0.0942548 1
26.8347 0.19 1.08201 0.0942548 1
26.8854 0.19 1.08201 0.0942548 1
26.9361 0.19 1.08201 0.0942548 1
26.9868 0.19 1.08201 0.0942548 1
27.0375 0.19 1.08201 0.0942548 1
27.0883 0.19 1.08201 0.0942548 1
27.139 0.19 1.08201 0.0942548 1
27.1897 0.19 1.08201 0.0942548 1
27.2247 0.173885 0.965421 0.0863565 0
27.2404 0.19 1.08201 0.0942548 1
27.2911 0.19 1.08201 0.0942548 1
27.3418 0.19 1.08201 0.0942548 1
27.3925 0.19 1.08201 0.0942548 1
27.4432 0.19 1.08201 0.0942548 1
27.4939 0.19 1.08201 0.0942548 1
27.5446 0.19 1.08201 0.0942548 1
27.5953 0.19 1.08201 0.0942548 1
27.6461 0.19 1.08201 0.0942548 1
27.6861 0.178809 1.00437 0.0888705 0
27.6968 0.19 1.08201 0.0942548 1
27.7475 0.19 1.08201 0.0942548 1
27.7982 0.19 1.08201 0.0942548 1
27.8489 0.19 1.08201 0.0942548 1
27.8996 0.19 1.08201 0.0942548 1
27.9503 0.19 1.08201 0.0942548 1
28.001 0.19 1.08201 0.0942548 1
28.0517 0.19 1.08201 0.0942548 1
28.1024 0.19 1.08201 0.0942548 1
28.1474 0.183929 1.0434 0.0913845 0
28.1531 0.19 1.08201 0.0942548 1
28.2038 0.19 1.08201 0.0942548 1
28.2546 0.19 1.08201 0.0942548 1
28.3053 0.19 1.08201 0.0942548 1
28.356 0.19 1.08201 0.0942548 1
28.4067 0.19 1.08201 0.0942548 1
28.4574 0.19 1.08201 0.0942548 1
28.5081 0.19 1.08201 0.0942548 1
28.5588 0.19 1.08201 0.0942548 1
28.6088 0.189235 1.07775 0.0938985 0
28.6095 0.19 1.08201 0.0942548 1
28.6602 0.19 1.08201 0.0942548 1
28.7109 0.19 1.08201 0.0942548 1
28.7616 0.19 1.08201 0.0942548 1
28.8123 0.19 1.08201 0.0942548 1
28.8631 0.19 1.08201 0.0942548 1
28.9138 0.19 1.08201 0.0942548 1
28.9645 0.19 1.08201 0.0942548 1
29.0152 0.19 1.08201 0.0942548 1
29.0702 0.194693 1.10391 0.0964125 0
29.0659 0.19 1.08201 0.0942548 1
29.1166 0.19 1.08201 0.0942548 1
29.1673 0.19 1.08201 0.0942548 1
29.218 0.19 1.08201 0.0942548 1
29.2687 0.19 1.08201 0.0942548 1
29.3194 0.19 1.08201 0.0942548 1
29.3701 0.19 1.08201 0.0942548 1
29.4209 0.19 1.08201 0.0942548 1
29.4716 0.19 1.08201 0.0942548 1
29.5223 0.19 1.08201 0.0942548 1
29.5273 0.145846 1.01353 0.0712725 0
29.573 0.19 1.08201 0.0942548 1
29.6237 0.19 1.08201 0.0942548 1
29.6744 0.19 1.08201 0.0942548 1
29.7251 0.19 1.08201 0.0942548 1
29.7758 0.19 1.08201 0.0942548 1
29.8265 0.19 1.08201 0.0942548 1
29.8772 0.19 1.08201 0.0942548 1
29.9279 0.19 1.08201 0.0942548 1
29.9786 0.19 1.08201 0.0942548 1
29.9886 0.150767 0.957741 0.0737865 0
30.0294 0.19 1.08201 0.0942548 1
30.0801 0.19 1.08201 0.0942548 1
30.1308 0.19 1.08201 0.0942548 1
30.1815 0.19 1.08201 0.0942548 1
30.2322 0.19 1.08201 0.0942548 1
30.2829 0.19 1.08201 0.0942548 1
30.3336 0.19 1.08201 0.0942548 1
30.3843 0.19 1.08201 0.0942548 1
30.435 0.19 1.08201 0.0942548 1
30.45 0.155455 0.920939 0.0763005 0
30.4857 0.19 1.08201 0.0942548 1
30.5364 0.19 1.08201 0.0942548 1
30.5871 0.19 1.08201 0.0942548 1
30.6379 0.19 1.08201 0.0942548 1
30.6886 0.19 1.08201 0.0942548 1
30.7393 0.19 1.08201 0.0942548 1
30.79 0.19 1.08201 0.0942548 1
30.8407 0.19 1.08201 0.0942548 1
30.8914 0.19 1.08201 0.0942548 1
30.9114 0.160012 0.90552 0.0788145 0
30.9421 0.19 1.08201 0.0942548 1
30.9928 0.19 1.08201 0.0942548 1
31.0435 0.19 1.08201 0.0942548 1
31.0942 0.19 1.08201 0.0942548 1
31.1449 0.19 1.08201 0.0942548 1
31.1957 0.19 1.08201 0.0942548 1
31.2464 0.19 1.08201 0.0942548 1
31.2971 0.19 1.08201 0.0942548 1
31.3478 0.19 1.08201 0.0942548 1
31.3728 0.164544 0.910466 0.0813285 0
31.3985 0.19 1.08201 0.0942548 1
31.4492 0.19 1.08201 0.0942548 1
31.4999 0.19 1.08201 0.0942548 1
31.5506 0.19 1.08201 0.0942548 1
31.6013 0.19 1.08201 0.0942548 1
31.652 0.19 1.08201 0.0942548 1
31.7027 0.19 1.08201 0.0942548 1
31.7534 0.19 1.08201 0.0942548 1
31.8042 0.19 1.08201 0.0942548 1
31.8342 0.169145 0.932171 0.0838425 0
31.8549 0.19 1.08201 0.0942548 1
31.9056 0.19 1.08201 0.0942548 1
31.9563 0.19 1.08201 0.0942548 1
32.007 0.19 1.08201 0.0942548 1
32.0577 0.19 1.08201 0.0942548 1
32.1084 0.19 1.08201 0.0942548 1
32.1591 0.19 1.08201 0.0942548 1
32.2098 0.19 1.08201 0.0942548 1
32.2605 0.19 1.08201 0.0942548 1
32.2955 0.173885 0.965421 0.0863565 0
32.3112 0.19 1.08201 0.0942548 1
32.362 0.19 1.08201 0.0942548 1
32.4127 0.19 1.08201 0.0942548 1
32.4634 0.19 1.08201 0.0942548 1
32.5141 0.19 1.08201 0.0942548 1
32.5648 0.19 1.08201 0.0942548 1
32.6155 0.19 1.08201 0.0942548 1
32.6662 0.19 1.08201 0.0942548 1
32.7169 0.19 1.08201 0.0942548 1
32.7569 0.178809 1.00437 0.0888705 0
32.7676 0.19 1.08201 0.0942548 1
32.8183 0.19 1.08201 0.0942548 1
32.869 0.19 1.08201 0.0942548 1
32.9197 0.19 1.08201 0.0942548 1
32.9705 0.19 1.08201 0.0942548 1
33.0212 0.19 1.08201 0.0942548 1
33.0719 0.19 1.08201 0.0942548 1
33.1226 0.19 1.08201 0.0942548 1
33.1733 0.19 1.08201 0.0942548 1
33.2183 0.183929 1.0434 0.0913845 0
33.224 0.19 1.08201 0.0942548 1
33.2747 0.19 1.08201 0.0942548 1
33.3254 0.19 1.08201 0.0942548 1
33.3761 0.19 1.08201 0.0942548 1
33.4268 0.19 1.08201 0.0942548 1
33.4775 0.19 1.08201 0.0942548 1
33.5282 0.19 1.08201 0.0942548 1
33.579 0.19 1.08201 0.0942548 1
33.6297 0.19 1.08201 0.0942548 1
33.6797 0.189235 1.07775 0.0938985 0
33.6804 0.19 1.08201 0.0942548 1
33.7311 0.19 1.08201 0.0942548 1
33.7818 0.19 1.08201 0.0942548 1
33.8325 0.19 1.08201 0.0942548 1
33.8832 0.19 1.08201 0.0942548 1
33.9339 0.19 1.08201 0.0942548 1
33.9846 0.19 1.08201 0.0942548 1
34.0353 0.19 1.08201 0.0942548 1
34.086 0.19 1.08201 0.0942548 1
34.141 0.194693 1.10391 0.0964125 0
34.1368 0.19 1.08201 0.0942548 1
34.1875 0.19 1.08201 0.0942548 1
34.2382 0.19 1.08201 0.0942548 1
34.2889 0.19 1.08201 0.0942548 1
34.3396 0.19 1.08201 0.0942548 1
34.3903 0.19 1.08201 0.0942548 1
34.441 0.19 1.08201 0.0942548 1
34.4917 0.19 1.08201 0.0942548 1
34.5424 0.19 1.08201 0.0942548 1
34.5931 0.19 1.08201 0.0942548 1
34.5981 0.145846 1.01353 0.0712725 0
34.6438 0.19 1.08201 0.0942548 1
34.6945 0.19 1.08201 0.0942548 1
34.7453 0.19 1.08201 0.0942548 1
34.796 0.19 1.08201 0.0942548 1
34.8467 0.19 1.08201 0.0942548 1
34.8974 0.19 1.08201 0.0942548 1
34.9481 0.19 1.08201 0.0942548 1
34.9988 0.19 1.08201 0.0942548 1
35.0495 0.19 1.08201 0.0942548 1
35.0595 0.150767 0.957741 0.0737865 0
35.1002 0.19 1.08201 0.0942548 1
35.1509 0.19 1.08201 0.0942548 1
35.2016 0.19 1.08201 0.0942548 1
35.2523 0.19 1.08201 0.0942548 1
35.303 0.19 1.08201 0.0942548 1
35.3538 0.19 1.08201 0.0942548 1
35.4045 0.19 1.08201 0.0942548 1
35.4552 0.19 1.08201 0.0942548 1
35.5059 0.19 1.08201 0.0942548 1
35.5209 0.155455 0.920939 0.0763005 0
35.5566 0.19 1.08201 0.0942548 1
35.6073 0.19 1.08201 0.0942548 1
35.658 0.19 1.08201 0.0942548 1
35.7087 0.19 1.08201 0.0942548 1
35.7594 0.19 1.08201 0.0942548 1
35.8101 0.19 1.08201 0.0942548 1
35.8608 0.19 1.08201 0.0942548 1
35.9116 0.19 1.08201 0.0942548 1
35.9623 0.19 1.08201 0.0942548 1
35.9823 0.160012 0.90552 0.0788145 0
36.013 0.19 1.08201 0.0942548 1
36.0637 0.19 1.08201 0.0942548 1
36.1144 0.19 1.08201 0.0942548 1
36.1651 0.19 1.08201 0.0942548 1
36.2158 0.19 1.08201 0.0942548 1
36.2665 0.19 1.08201 0.0942548 1
36.3172 0.19 1.08201 0.0942548 1
36.3679 0.19 1.08201 0.0942548 1
36.4186 0.19 1.08201 0.0942548 1
36.4436 0.164544 0.910466 0.0813285 0
36.4693 0.19 1.08201 0.0942548 1
36.5201 0.19 1.08201 0.0942548 1
36.5708 0.19 1.08201 0.0942548 1
36.6215 0.19 1.08201 0.0942548 1
36.6722 0.19 1.08201 0.0942548 1
36.7229 0.19 1.08201 0.0942548 1
36.7736 0.19 1.08201 0.0942548 1
36.8243 0.19 1.08201 0.0942548 1
36.875 0.19 1.08201 0.0942548 1
36.905 0.169145 0.932171 0.0838425 0
36.9257 0.19 1.08201 0.0942548 1
36.9764 0.19 1.08201 0.0942548 1
37.0271 0.19 1.08201 0.0942548 1
37.0778 0.19 1.08201 0.0942548 1
37.1286 0.19 1.08201 0.0942548 1
37.1793 0.19 1.08201 0.0942548 1
37.23 0.19 1.08201 0.0942548 1
37.2807 0.19 1.08201 0.0942548 1
37.3314 0.19 1.08201 0.0942548 1
37.3664 0.173885 0.965421 0.0863565 0
37.3821 0.19 1.08201 0.0942548 1
37.4328 0.19 1.08201 0.0942548 1
37.4835 0.19 1.08201 0.0942548 1
37.5342 0.19 1.08201 0.0942548 1
37.5849 0.19 1.08201 0.0942548 1
37.6356 0.19 1.08201 0.0942548 1
37.6864 0.19 1.08201 0.0942548 1
37.7371 0.19 1.08201 0.0942548 1
37.7878 0.19 1.08201 0.0942548 1
37.8278 0.178809 1.00437 0.0888705 0
37.8385 0.19 1.08201 0.0942548 1
37.8892 0.19 1.08201 0.0942548 1
37.9399 0.19 1.08201 0.0942548 1
37.9906 0.19 1.08201 0.0942548 1
38.0413 0.19 1.08201 0.0942548 1
38.092 0.19 1.08201 0.0942548 1
38.1427 0.19 1.08201 0.0942548 1
38.1934 0.19 1.08201 0.0942548 1
38.2441 0.19 1.08201 0.0942548 1
38.2891 0.183929 1.0434 0.0913845 0
38.2949 0.19 1.08201 0.0942548 1
38.3456 0.19 1.08201 0.0942548 1
38.3963 0.19 1.08201 0.0942548 1
38.447 0.19 1.08201 0.0942548 1
38.4977 0.19 1.08201 0.0942548 1
38.5484 0.19 1.08201 0.0942548 1
38.5991 0.19 1.08201 0.0942548 1
38.6498 0.19 1.08201 0.0942548 1
38.7005 0.19 1.08201 0.0942548 1
38.7505 0.189235 1.07775 0.0938985 0
38.7512 0.19 1.08201 0.0942548 1
38.8019 0.19 1.08201 0.0942548 1
38.8526 0.19 1.08201 0.0942548 1
38.9034 0.19 1.08201 0.0942548 1
38.9541 0.19 1.08201 0.0942548 1
39.0048 0.19 1.08201 0.0942548 1
39.0555 0.19 1.08201 0.0942548 1
39.1062 0.19 1.08201 0.0942548 1
39.1569 0.19 1.08201 0.0942548 1
39.2119 0.194693 1.10391 0.0964125 0
39.2076 0.19 1.08201 0.0942548 1
39.2583 0.19 1.08201 0.0942548 1
39.309 0.19 1.08201 0.0942548 1
39.3597 0.19 1.08201 0.0942548 1
39.4104 0.19 1.08201 0.0942548 1
39.4612 0.19 1.08201 0.0942548 1
39.5119 0.19 1.08201 0.0942548 1
39.5626 0.19 1.08201 0.0942548 1
39.6133 0.19 1.08201 0.0942548 1
39.664 0.19 1.08201 0.0942548 1
39.669 0.145846 1.01353 0.0712725 0
39.7147 0.19 1.08201 0.0942548 1
39.7654 0.19 1.08201 0.0942548 1
39.8161 0.19 1.08201 0.0942548 1
39.8668 0.19 1.08201 0.0942548 1
39.9175 0.19 1.08201 0.0942548 1
39.9682 0.19 1.08201 0.0942548 1
40.0189 0.19 1.08201 0.0942548 1
40.0697 0.19 1.08201 0.0942548 1
40.1204 0.19 1.08201 0.0942548 1
40.1304 0.150767 0.957741 0.0737865 0
40.1711 0.19 1.08201 0.0942548 1
40.2218 0.19 1.08201 0.0942548 1
40.2725 0.19 1.08201 0.0942548 1
40.3232 0.19 1.08201 0.0942548 1
40.3739 0.19 1.08201 0.0942548 1
40.4246 0.19 1.08201 0.0942548 1
40.4753 0.19 1.08201 0.0942548 1
40.526 0.19 1.08201 0.0942548 1
40.5767 0.19 1.08201 0.0942548 1
40.5917 0.155455 0.920939 0.0763005 0
40.6274 0.19 1.08201 0.0942548 1
40.6782 0.19 1.08201 0.0942548 1
40.7289 0.19 1.08201 0.0942548 1
40.7796 0.19 1.08201 0.0942548 1
40.8303 0.19 1.08201 0.0942548 1
40.881 0.19 1.08201 0.0942548 1
40.9317 0.19 1.08201 0.0942548 1
40.9824 0.19 1.08201 0.0942548 1
41.0331 0.19 1.08201 0.0942548 1
41.0531 0.160012 0.90552 0.0788145 0
41.0838 0.19 1.08201 0.0942548 1
41.1345 0.19 1.08201 0.0942548 1
41.1852 0.19 1.08201 0.0942548 1
41.236 0.19 1.08201 0.0942548 1
41.2867 0.19 1.08201 0.0942548 1
41.3374 0.19 1.08201 0.0942548 1
41.3881 0.19 1.08201 0.0942548 1
41.4388 0.19 1.08201 0.0942548 1
41.4895 0.19 1.08201 0.0942548 1
41.5145 0.164544 0.910466 0.0813285 0
41.5402 0.19 1.08201 0.0942548 1
41.5909 0.19 1.08201 0.0942548 1
41.6416 0.19 1.08201 0.0942548 1
41.6923 0.19 1.08201 0.0942548 1
41.743 0.19 1.08201 0.0942548 1
41.7937 0.19 1.08201 0.0942548 1
41.8445 0.19 1.08201 0.0942548 1
41.8952 0.19 1.08201 0.0942548 1
41.9459 0.19 1.08201 0.0942548 1
41.9759 0.169145 0.932171 0.0838425 0
41.9966 0.19 1.08201 0.0942548 1
42.0473 0.19 1.08201 0.0942548 1
42.098 0.19 1.08201 0.0942548 1
42.1487 0.19 1.08201 0.0942548 1
42.1994 0.19 1.08201 0.0942548 1
42.2501 0.19 1.08201 0.0942548 1
42.3008 0.19 1.08201 0.0942548 1
42.3515 0.19 1.08201 0.0942548 1
42.4022 0.19 1.08201 0.0942548 1
42.4372 0.173885 0.965421 0.0863565 0
42.453 0.19 1.08201 0.0942548 1
42.5037 0.19 1.08201 0.0942548 1
42.5544 0.19 1.08201 0.0942548 1
42.6051 0.19 1.08201 0.0942548 1
42.6558 0.19 1.08201 0.0942548 1
42.7065 0.19 1.08201 0.0942548 1
42.7572 0.19 1.08201 0.0942548 1
42.8079 0.19 1.08201 0.0942548 1
42.8586 0.19 1.08201 0.0942548 1
42.8986 0.178809 1.00437 0.0888705 0
42.9093 0.19 1.08201 0.0942548 1
42.96 0.19 1.08201 0.0942548 1
43.0108 0.19 1.08201 0.0942548 1
43.0615 0.19 1.08201 0.0942548 1
43.1122 0.19 1.08201 0.0942548 1
43.1629 0.19 1.08201 0.0942548 1
43.2136 0.19 1.08201 0.0942548 1
43.2643 0.19 1.08201 0.0942548 1
43.315 0.19 1.08201 0.0942548 1
43.36 0.183929 1.0434 0.0913845 0
43.3657 0.19 1.08201 0.0942548 1
43.4164 0.19 1.08201 0.0942548 1
43.4671 0.19 1.08201 0.0942548 1
43.5178 0.19 1.08201 0.0942548 1
43.5685 0.19 1.08201 0.0942548 1
43.6193 0.19 1.08201 0.0942548 1
43.67 0.19 1.08201 0.0942548 1
43.7207 0.19 1.08201 0.0942548 1
43.7714 0.19 1.08201 0.0942548 1
43.8214 0.189235 1.07775 0.0938985 0
43.8221 0.19 1.08201 0.0942548 1
43.8728 0.19 1.08201 0.0942548 1
43.9235 0.19 1.08201 0.0942548 1
43.9742 0.19 1.08201 0.0942548 1
44.0249 0.19 1.08201 0.0942548 1
44.0756 0.19 1.08201 0.0942548 1
44.1263 0.19 1.08201 0.0942548 1
44.177 0.19 1.08201 0.0942548 1
44.2278 0.19 1.08201 0.0942548 1
44.2828 0.194693 1.10391 0.0964125 0
44.2785 0.19 1.08201 0.0942548 1
44.3292 0.19 1.08201 0.0942548 1
44.3799 0.19 1.08201 0.0942548 1
44.4306 0.19 1.08201 0.0942548 1
44.4813 0.19 1.08201 0.0942548 1
44.532 0.19 1.08201 0.0942548 1
44.5827 0.19 1.08201 0.0942548 1
44.6334 0.19 1.08201 0.0942548 1
44.6841 0.19 1.08201 0.0942548 1
44.7348 0.19 1.08201 0.0942548 1
44.7398 0.145846 1.01353 0.0712725 0
44.7856 0.19 1.08201 0.0942548 1
44.8363 0.19 1.08201 0.0942548 1
44.887 0.19 1.08201 0.0942548 1
44.9377 0.19 1.08201 0.0942548 1
44.9884 0.19 1.08201 0.0942548 1
45.0391 0.19 1.08201 0.0942548 1
45.0898 0.19 1.08201 0.0942548 1
45.1405 0.19 1.08201 0.0942548 1
45.1912 0.19 1.08201 0.0942548 1
45.2012 0.150767 0.957741 0.0737865 0
45.2419 0.19 1.08201 0.0942548 1
45.2926 0.19 1.08201 0.0942548 1
45.3433 0.19 1.08201 0.0942548 1
45.3941 0.19 1.08201 0.0942548 1
45.4448 0.19 1.08201 0.0942548 1
45.4955 0.19 1.08201 0.0942548 1
45.5462 0.19 1.08201 0.0942548 1
45.5969 0.19 1.08201 0.0942548 1
45.6476 0.19 1.08201 0.0942548 1
45.6626 0.155455 0.920939 0.0763005 0
45.6983 0.19 1.08201 0.0942548 1
45.749 0.19 1.08201 0.0942548 1
45.7997 0.19 1.08201 0.0942548 1
45.8504 0.19 1.08201 0.0942548 1
45.9011 0.19 1.08201 0.0942548 1
45.9518 0.19 1.08201 0.0942548 1
46.0026 0.19 1.08201 0.0942548 1
46.0533 0.19 1.08201 0.0942548 1
46.104 0.19 1.08201 0.0942548 1
46.124 0.160012 0.90552 0.0788145 0
46.1547 0.19 1.08201 0.0942548 1
46.2054 0.19 1.08201 0.0942548 1
46.2561 0.19 1.08201 0.0942548 1
46.3068 0.19 1.08201 0.0942548 1
46.3575 0.19 1.08201 0.0942548 1
46.4082 0.19 1.08201 0.0942548 1
46.4589 0.19 1.08201 0.0942548 1
46.5096 0.19 1.08201 0.0942548 1
46.5604 0.19 1.08201 0.0942548 1
46.5854 0.164544 0.910466 0.0813285 0
46.6111 0.19 1.08201 0.0942548 1
46.6618 0.19 1.08201 0.0942548 1
46.7125 0.19 1.08201 0.0942548 1
46.7632 0.19 1.08201 0.0942548 1
46.8139 0.19 1.08201 0.0942548 1
46.8646 0.19 1.08201 0.0942548 1
46.9153 0.19 1.08201 0.0942548 1
46.966 0.19 1.08201 0.0942548 1
47.0167 0.19 1.08201 0.0942548 1
47.0467 0.169145 0.932171 0.0838425 0
47.0674 0.19 1.08201 0.0942548 1
47.1181 0.19 1.08201 0.0942548 1
47.1689 0.19 1.08201 0.0942548 1
47.2196 0.19 1.08201 0.0942548 1
47.2703 0.19 1.08201 0.0942548 1
47.321 0.19 1.08201 0.0942548 1
47.3717 0.19 1.08201 0.0942548 1
47.4224 0.19 1.08201 0.0942548 1
47.4731 0.19 1.08201 0.0942548 1
47.5081 0.173885 0.965421 0.0863565 0
47.5238 0.19 1.08201 0.0942548 1
47.5745 0.19 1.08201 0.0942548 1
47.6252 0.19 1.08201 0.0942548 1
47.6759 0.19 1.08201 0.0942548 1
47.7266 0.19 1.08201 0.0942548 1
47.7774 0.19 1.08201 0.0942548 1
47.8281 0.19 1.08201 0.0942548 1
47.8788 0.19 1.08201 0.0942548 1
47.9295 0.19 1.08201 0.0942548 1
47.9695 0.178809 1.00437 0.0888705 0
47.9802 0.19 1.08201 0.0942548 1
48.0309 0.19 1.08201 0.0942548 1
48.0816 0.19 1.08201 0.0942548 1
48.1323 0.19 1.08201 0.0942548 1
48.183 0.19 1.08201 0.0942548 1
48.2337 0.19 1.08201 0.0942548 1
48.2844 0.19 1.08201 0.0942548 1
48.3352 0.19 1.08201 0.0942548 1
48.3859 0.19 1.08201 0.0942548 1
48.4309 0.183929 1.0434 0.0913845 0
48.4366 0.19 1.08201 0.0942548 1
48.4873 0.19 1.08201 0.0942548 1
48.538 0.19 1.08201 0.0942548 1
48.5887 0.19 1.08201 0.0942548 1
48.6394 0.19 1.08201 0.0942548 1
48.6901 0.19 1.08201 0.0942548 1
48.7408 0.19 1.08201 0.0942548 1
48.7915 0.19 1.08201 0.0942548 1
48.8422 0.19 1.08201 0.0942548 1
48.8922 0.189235 1.07775 0.0938985 0
48.8929 0.19 1.08201 0.0942548 1
48.9437 0.19 1.08201 0.0942548 1
48.9944 0.19 1.08201 0.0942548 1
49.0451 0.19 1.08201 0.0942548 1
49.0958 0.19 1.08201 0.0942548 1
49.1465 0.19 1.08201 0.0942548 1
49.1972 0.19 1.08201 0.0942548 1
49.2479 0.19 1.08201 0.0942548 1
49.2986 0.19 1.08201 0.0942548 1
49.3536 0.194693 1.10391 0.0964125 0
49.3493 0.19 1.08201 0.0942548 1
49.4 0.19 1.08201 0.0942548 1
49.4507 0.19 1.08201 0.0942548 1
49.5014 0.19 1.08201 0.0942548 1
49.5522 0.19 1.08201 0.0942548 1
49.6029 0.19 1.08201 0.0942548 1
49.6536 0.19 1.08201 0.0942548 1
49.7043 0.19 1.08201 0.0942548 1
49.755 0.19 1.08201 0.0942548 1
49.8057 0.19 1.08201 0.0942548 1
49.8107 0.145846 1.01353 0.0712725 0
49.8564 0.19 1.08201 0.0942548 1
49.9071 0.19 1.08201 0.0942548 1
49.9578 0.19 1.08201 0.0942548 1
0.5028 0.5028 0.5028 0.5028 0.5028
