t x v M dripped?
0 0 0 0.01 0
0.166783 0.19 0.947933 0.0935917 1
0.213744 0.19 1.16756 0.0949486 1
0.267055 0.19 0.984768 0.0939538 1
0.314591 0.19 1.13604 0.0946483 1
0.36703 0.19 1.02337 0.0940495 1
0.415888 0.19 1.11671 0.0944749 1
0.467809 0.19 1.04569 0.0941227 1
0.482809 0.156927 0.869849 0.0770348 0
0.517419 0.19 1.10301 0.0943813 1
0.568926 0.19 1.05913 0.0941709 1
0.618991 0.19 1.09405 0.0943289 1
0.670215 0.19 1.06714 0.0942022 1
0.720551 0.19 1.08838 0.0942988 1
0.771592 0.19 1.07195 0.0942222 1
0.822089 0.19 1.08486 0.0942811 1
0.873015 0.19 1.07483 0.0942346 1
0.923608 0.19 1.08268 0.0942706 1
0.948608 0.164514 0.908457 0.0812843 0
0.974463 0.19 1.07658 0.0942424 1
1.02511 0.19 1.08135 0.0942643 1
1.07592 0.19 1.07764 0.0942471 1
1.12661 0.19 1.08054 0.0942605 1
1.1774 0.19 1.07828 0.09425 1
1.2281 0.19 1.08004 0.0942581 1
1.27887 0.19 1.07867 0.0942518 1
1.32959 0.19 1.07974 0.0942567 1
1.38035 0.19 1.0789 0.0942529 1
1.41035 0.169197 0.927544 0.0838664 0
1.43108 0.19 1.07956 0.0942559 1
1.48183 0.19 1.07905 0.0942535 1
1.53256 0.19 1.07945 0.0942554 1
1.58331 0.19 1.07914 0.094254 1
1.63405 0.19 1.07938 0.0942551 1
1.68479 0.19 1.07919 0.0942542 1
1.73553 0.19 1.07934 0.0942549 1
1.78627 0.19 1.07922 0.0942543 1
1.83701 0.19 1.07931 0.0942548 1
1.87201 0.173905 0.961208 0.0863642 0
1.88776 0.19 1.07924 0.0942544 1
1.9385 0.19 1.0793 0.0942547 1
1.98924 0.19 1.07925 0.0942545 1
2.03998 0.19 1.07929 0.0942546 1
2.09072 0.19 1.07926 0.0942545 1
2.14146 0.19 1.07928 0.0942546 1
2.1922 0.19 1.07927 0.0942545 1
2.24295 0.19 1.07928 0.0942546 1
2.29369 0.19 1.07927 0.0942546 1
2.33369 0.178809 1.00057 0.0888711 0
2.34443 0.19 1.07928 0.0942546 1
2.39517 0.19 1.07927 0.0942546 1
2.44591 0.19 1.07927 0.0942546 1
2.49665 0.19 1.07927 0.0942546 1
2.54739 0.19 1.07927 0.0942546 1
2.59814 0.19 1.07927 0.0942546 1
2.64888 0.19 1.07927 0.0942546 1
2.69962 0.19 1.07927 0.0942546 1
2.75036 0.19 1.07927 0.0942546 1
2.79536 0.183912 1.04002 0.091377 0
2.8011 0.19 1.07927 0.0942546 1
2.85184 0.19 1.07927 0.0942546 1
2.90258 0.19 1.07927 0.0942546 1
2.95333 0.19 1.07927 0.0942546 1
3.00407 0.19 1.07927 0.0942546 1
3.05481 0.19 1.07927 0.0942546 1
3.10555 0.19 1.07927 0.0942546 1
3.15629 0.19 1.07927 0.0942546 1
3.20703 0.19 1.07927 0.0942546 1
3.25703 0.189202 1.07476 0.093883 0
3.25777 0.19 1.07927 0.0942546 1
3.30851 0.19 1.07927 0.0942546 1
3.35926 0.19 1.07927 0.0942546 1
3.41 0.19 1.07927 0.0942546 1
3.46074 0.19 1.07927 0.0942546 1
3.51148 0.19 1.07927 0.0942546 1
3.56222 0.19 1.07927 0.0942546 1
3.61296 0.19 1.07927 0.0942546 1
3.6637 0.19 1.07927 0.0942546 1
3.7187 0.194645 1.10125 0.096389 0
3.71445 0.19 1.07927 0.0942546 1
3.76519 0.19 1.07927 0.0942546 1
3.81593 0.19 1.07927 0.0942546 1
3.86667 0.19 1.07927 0.0942546 1
3.91741 0.19 1.07927 0.0942546 1
3.96815 0.19 1.07927 0.0942546 1
4.01889 0.19 1.07927 0.0942546 1
4.06964 0.19 1.07927 0.0942546 1
4.12038 0.19 1.07927 0.0942546 1
4.17112 0.19 1.07927 0.0942546 1
4.17612 0.145997 1.01012 0.071329 0
4.22186 0.19 1.07927 0.0942546 1
4.2726 0.19 1.07927 0.0942546 1
4.32334 0.19 1.07927 0.0942546 1
4.37408 0.19 1.07927 0.0942546 1
4.42483 0.19 1.07927 0.0942546 1
4.47557 0.19 1.07927 0.0942546 1
4.52631 0.19 1.07927 0.0942546 1
4.57705 0.19 1.07927 0.0942546 1
4.62779 0.19 1.07927 0.0942546 1
4.63779 0.1509 0.953746 0.073835 0
4.67853 0.19 1.07927 0.0942546 1
4.72927 0.19 1.07927 0.0942546 1
4.78001 0.19 1.07927 0.0942546 1
4.83076 0.19 1.07927 0.0942546 1
4.8815 0.19 1.07927 0.0942546 1
4.93224 0.19 1.07927 0.0942546 1
4.98298 0.19 1.07927 0.0942546 1
5.03372 0.19 1.07927 0.0942546 1
5.08446 0.19 1.07927 0.0942546 1
5.09946 0.155567 0.916514 0.076341 0
5.1352 0.19 1.07927 0.0942546 1
5.18595 0.19 1.07927 0.0942546 1
5.23669 0.19 1.07927 0.0942546 1
5.28743 0.19 1.07927 0.0942546 1
5.33817 0.19 1.07927 0.0942546 1
5.38891 0.19 1.07927 0.0942546 1
5.43965 0.19 1.07927 0.0942546 1
5.49039 0.19 1.07927 0.0942546 1
5.54114 0.19 1.07927 0.0942546 1
5.56114 0.160101 0.900864 0.078847 0
5.59188 0.19 1.07927 0.0942546 1
5.64262 0.19 1.07927 0.0942546 1
5.69336 0.19 1.07927 0.0942546 1
5.7441 0.19 1.07927 0.0942546 1
5.79484 0.19 1.07927 0.0942546 1
5.84558 0.19 1.07927 0.0942546 1
5.89633 0.19 1.07927 0.0942546 1
5.94707 0.19 1.07927 0.0942546 1
5.99781 0.19 1.07927 0.0942546 1
6.02281 0.16461 0.905786 0.081353 0
6.04855 0.19 1.07927 0.0942546 1
6.09929 0.19 1.07927 0.0942546 1
6.15003 0.19 1.07927 0.0942546 1
6.20077 0.19 1.07927 0.0942546 1
6.25152 0.19 1.07927 0.0942546 1
6.30226 0.19 1.07927 0.0942546 1
6.353 0.19 1.07927 0.0942546 1
6.40374 0.19 1.07927 0.0942546 1
6.45448 0.19 1.07927 0.0942546 1
6.48448 0.169187 0.927655 0.083859 0
6.50522 0.19 1.07927 0.0942546 1
6.55596 0.19 1.07927 0.0942546 1
6.6067 0.19 1.07927 0.0942546 1
6.65745 0.19 1.07927 0.0942546 1
6.70819 0.19 1.07927 0.0942546 1
6.75893 0.19 1.07927 0.0942546 1
6.80967 0.19 1.07927 0.0942546 1
6.86041 0.19 1.07927 0.0942546 1
6.91115 0.19 1.07927 0.0942546 1
6.94615 0.173906 0.961214 0.086365 0
6.96189 0.19 1.07927 0.0942546 1
7.01264 0.19 1.07927 0.0942546 1
7.06338 0.19 1.07927 0.0942546 1
7.11412 0.19 1.07927 0.0942546 1
7.16486 0.19 1.07927 0.0942546 1
7.2156 0.19 1.07927 0.0942546 1
7.26634 0.19 1.07927 0.0942546 1
7.31708 0.19 1.07927 0.0942546 1
7.36783 0.19 1.07927 0.0942546 1
7.40783 0.178809 1.00056 0.088871 0
7.41857 0.19 1.07927 0.0942546 1
7.46931 0.19 1.07927 0.0942546 1
7.52005 0.19 1.07927 0.0942546 1
7.57079 0.19 1.07927 0.0942546 1
7.62153 0.19 1.07927 0.0942546 1
7.67227 0.19 1.07927 0.0942546 1
7.72302 0.19 1.07927 0.0942546 1
7.77376 0.19 1.07927 0.0942546 1
7.8245 0.19 1.07927 0.0942546 1
7.8695 0.183912 1.04002 0.091377 0
7.87524 0.19 1.07927 0.0942546 1
7.92598 0.19 1.07927 0.0942546 1
7.97672 0.19 1.07927 0.0942546 1
8.02746 0.19 1.07927 0.0942546 1
8.07821 0.19 1.07927 0.0942546 1
8.12895 0.19 1.07927 0.0942546 1
8.17969 0.19 1.07927 0.0942546 1
8.23043 0.19 1.07927 0.0942546 1
8.28117 0.19 1.07927 0.0942546 1
8.33117 0.189202 1.07476 0.093883 0
8.33191 0.19 1.07927 0.0942546 1
8.38265 0.19 1.07927 0.0942546 1
8.43339 0.19 1.07927 0.0942546 1
8.48414 0.19 1.07927 0.0942546 1
8.53488 0.19 1.07927 0.0942546 1
8.58562 0.19 1.07927 0.0942546 1
8.63636 0.19 1.07927 0.0942546 1
8.6871 0.19 1.07927 0.0942546 1
8.73784 0.19 1.07927 0.0942546 1
8.79284 0.194645 1.10125 0.096389 0
8.78858 0.19 1.07927 0.0942546 1
8.83933 0.19 1.07927 0.0942546 1
8.89007 0.19 1.07927 0.0942546 1
8.94081 0.19 1.07927 0.0942546 1
8.99155 0.19 1.07927 0.0942546 1
9.04229 0.19 1.07927 0.0942546 1
9.09303 0.19 1.07927 0.0942546 1
9.14377 0.19 1.07927 0.0942546 1
9.19452 0.19 1.07927 0.0942546 1
9.24526 0.19 1.07927 0.0942546 1
9.25026 0.145997 1.01012 0.071329 0
9.296 0.19 1.07927 0.0942546 1
9.34674 0.19 1.07927 0.0942546 1
9.39748 0.19 1.07927 0.0942546 1
9.44822 0.19 1.07927 0.0942546 1
9.49896 0.19 1.07927 0.0942546 1
9.54971 0.19 1.07927 0.0942546 1
9.60045 0.19 1.07927 0.0942546 1
9.65119 0.19 1.07927 0.0942546 1
9.70193 0.19 1.07927 0.0942546 1
9.71193 0.1509 0.953746 0.073835 0
9.75267 0.19 1.07927 0.0942546 1
9.80341 0.19 1.07927 0.0942546 1
9.85415 0.19 1.07927 0.0942546 1
9.90489 0.19 1.07927 0.0942546 1
9.95564 0.19 1.07927 0.0942546 1
10.0064 0.19 1.07927 0.0942546 1
10.0571 0.19 1.07927 0.0942546 1
10.1079 0.19 1.07927 0.0942546 1
10.1586 0.19 1.07927 0.0942546 1
10.1736 0.155567 0.916514 0.076341 0
10.2093 0.19 1.07927 0.0942546 1
10.2601 0.19 1.07927 0.0942546 1
10.3108 0.19 1.07927 0.0942546 1
10.3616 0.19 1.07927 0.0942546 1
10.4123 0.19 1.07927 0.0942546 1
10.4631 0.19 1.07927 0.0942546 1
10.5138 0.19 1.07927 0.0942546 1
10.5645 0.19 1.07927 0.0942546 1
10.6153 0.19 1.07927 0.0942546 1
10.6353 0.160101 0.900864 0.078847 0
10.666 0.19 1.07927 0.0942546 1
10.7168 0.19 1.07927 0.0942546 1
10.7675 0.19 1.07927 0.0942546 1
10.8182 0.19 1.07927 0.0942546 1
10.869 0.19 1.07927 0.0942546 1
10.9197 0.19 1.07927 0.0942546 1
10.9705 0.19 1.07927 0.0942546 1
11.0212 0.19 1.07927 0.0942546 1
11.0719 0.19 1.07927 0.0942546 1
11.0969 0.16461 0.905786 0.081353 0
11.1227 0.19 1.07927 0.0942546 1
11.1734 0.19 1.07927 0.0942546 1
11.2242 0.19 1.07927 0.0942546 1
11.2749 0.19 1.07927 0.0942546 1
11.3257 0.19 1.07927 0.0942546 1
11.3764 0.19 1.07927 0.0942546 1
11.4271 0.19 1.07927 0.0942546 1
11.4779 0.19 1.07927 0.0942546 1
11.5286 0.19 1.07927 0.0942546 1
11.5586 0.169187 0.927655 0.083859 0
11.5794 0.19 1.07927 0.0942546 1
11.6301 0.19 1.07927 0.0942546 1
11.6808 0.19 1.07927 0.0942546 1
11.7316 0.19 1.07927 0.0942546 1
11.7823 0.19 1.07927 0.0942546 1
11.8331 0.19 1.07927 0.0942546 1
11.8838 0.19 1.07927 0.0942546 1
11.9346 0.19 1.07927 0.0942546 1
11.9853 0.19 1.07927 0.0942546 1
12.0203 0.173906 0.961214 0.086365 0
12.036 0.19 1.07927 0.0942546 1
12.0868 0.19 1.07927 0.0942546 1
12.1375 0.19 1.07927 0.0942546 1
12.1883 0.19 1.07927 0.0942546 1
12.239 0.19 1.07927 0.0942546 1
12.2897 0.19 1.07927 0.0942546 1
12.3405 0.19 1.07927 0.0942546 1
12.3912 0.19 1.07927 0.0942546 1
12.442 0.19 1.07927 0.0942546 1
12.482 0.178809 1.00056 0.088871 0
12.4927 0.19 1.07927 0.0942546 1
12.5434 0.19 1.07927 0.0942546 1
12.5942 0.19 1.07927 0.0942546 1
12.6449 0.19 1.07927 0.0942546 1
12.6957 0.19 1.07927 0.0942546 1
12.7464 0.19 1.07927 0.0942546 1
12.7972 0.19 1.07927 0.0942546 1
12.8479 0.19 1.07927 0.0942546 1
12.8986 0.19 1.07927 0.0942546 1
12.9436 0.183912 1.04002 0.091377 0
12.9494 0.19 1.07927 0.0942546 1
13.0001 0.19 1.07927 0.0942546 1
13.0509 0.19 1.07927 0.0942546 1
13.1016 0.19 1.07927 0.0942546 1
13.1523 0.19 1.07927 0.0942546 1
13.2031 0.19 1.07927 0.0942546 1
13.2538 0.19 1.07927 0.0942546 1
13.3046 0.19 1.07927 0.0942546 1
13.3553 0.19 1.07927 0.0942546 1
13.4053 0.189202 1.07476 0.093883 0
13.4061 0.19 1.07927 0.0942546 1
13.4568 0.19 1.07927 0.0942546 1
13.5075 0.19 1.07927 0.0942546 1
13.5583 0.19 1.07927 0.0942546 1
13.609 0.19 1.07927 0.0942546 1
13.6598 0.19 1.07927 0.0942546 1
13.7105 0.19 1.07927 0.0942546 1
13.7612 0.19 1.07927 0.0942546 1
13.812 0.19 1.07927 0.0942546 1
13.867 0.194645 1.10125 0.096389 0
13.8627 0.19 1.07927 0.0942546 1
13.9135 0.19 1.07927 0.0942546 1
13.9642 0.19 1.07927 0.0942546 1
14.0149 0.19 1.07927 0.0942546 1
14.0657 0.19 1.07927 0.0942546 1
14.1164 0.19 1.07927 0.0942546 1
14.1672 0.19 1.07927 0.0942546 1
14.2179 0.19 1.07927 0.0942546 1
14.2687 0.19 1.07927 0.0942546 1
14.3194 0.19 1.07927 0.0942546 1
14.3244 0.145997 1.01012 0.071329 0
14.3701 0.19 1.07927 0.0942546 1
14.4209 0.19 1.07927 0.0942546 1
14.4716 0.19 1.07927 0.0942546 1
14.5224 0.19 1.07927 0.0942546 1
14.5731 0.19 1.07927 0.0942546 1
14.6238 0.19 1.07927 0.0942546 1
14.6746 0.19 1.07927 0.0942546 1
14.7253 0.19 1.07927 0.0942546 1
14.7761 0.19 1.07927 0.0942546 1
14.7861 0.1509 0.953746 0.073835 0
14.8268 0.19 1.07927 0.0942546 1
14.8776 0.19 1.07927 0.0942546 1
14.9283 0.19 1.07927 0.0942546 1
14.979 0.19 1.07927 0.0942546 1
15.0298 0.19 1.07927 0.0942546 1
15.0805 0.19 1.07927 0.0942546 1
15.1313 0.19 1.07927 0.0942546 1
15.182 0.19 1.07927 0.0942546 1
15.2327 0.19 1.07927 0.0942546 1
15.2477 0.155567 0.916514 0.076341 0
15.2835 0.19 1.07927 0.0942546 1
15.3342 0.19 1.07927 0.0942546 1
15.385 0.19 1.07927 0.0942546 1
15.4357 0.19 1.07927 0.0942546 1
15.4864 0.19 1.07927 0.0942546 1
15.5372 0.19 1.07927 0.0942546 1
15.5879 0.19 1.07927 0.0942546 1
15.6387 0.19 1.07927 0.0942546 1
15.6894 0.19 1.07927 0.0942546 1
15.7094 0.160101 0.900864 0.078847 0
15.7402 0.19 1.07927 0.0942546 1
15.7909 0.19 1.07927 0.0942546 1
15.8416 0.19 1.07927 0.0942546 1
15.8924 0.19 1.07927 0.0942546 1
15.9431 0.19 1.07927 0.0942546 1
15.9939 0.19 1.07927 0.0942546 1
16.0446 0.19 1.07927 0.0942546 1
16.0953 0.19 1.07927 0.0942546 1
16.1461 0.19 1.07927 0.0942546 1
16.1711 0.16461 0.905786 0.081353 0
16.1968 0.19 1.07927 0.0942546 1
16.2476 0.19 1.07927 0.0942546 1
16.2983 0.19 1.07927 0.0942546 1
16.3491 0.19 1.07927 0.0942546 1
16.3998 0.19 1.07927 0.0942546 1
16.4505 0.19 1.07927 0.0942546 1
16.5013 0.19 1.07927 0.0942546 1
16.552 0.19 1.07927 0.0942546 1
16.6028 0.19 1.07927 0.0942546 1
16.6328 0.169187 0.927655 0.083859 0
16.6535 0.19 1.07927 0.0942546 1
16.7042 0.19 1.07927 0.0942546 1
16.755 0.19 1.07927 0.0942546 1
16.8057 0.19 1.07927 0.0942546 1
16.8565 0.19 1.07927 0.0942546 1
16.9072 0.19 1.07927 0.0942546 1
16.9579 0.19 1.07927 0.0942546 1
17.0087 0.19 1.07927 0.0942546 1
17.0594 0.19 1.07927 0.0942546 1
17.0944 0.173906 0.961214 0.086365 0
17.1102 0.19 1.07927 0.0942546 1
17.1609 0.19 1.07927 0.0942546 1
17.2117 0.19 1.07927 0.0942546 1
17.2624 0.19 1.07927 0.0942546 1
17.3131 0.19 1.07927 0.0942546 1
17.3639 0.19 1.07927 0.0942546 1
17.4146 0.19 1.07927 0.0942546 1
17.4654 0.19 1.07927 0.0942546 1
17.5161 0.19 1.07927 0.0942546 1
17.5561 0.178809 1.00056 0.088871 0
17.5668 0.19 1.07927 0.0942546 1
17.6176 0.19 1.07927 0.0942546 1
17.6683 0.19 1.07927 0.0942546 1
17.7191 0.19 1.07927 0.0942546 1
17.7698 0.19 1.07927 0.0942546 1
17.8206 0.19 1.07927 0.0942546 1
17.8713 0.19 1.07927 0.0942546 1
17.922 0.19 1.07927 0.0942546 1
17.9728 0.19 1.07927 0.0942546 1
18.0178 0.183912 1.04002 0.091377 0
18.0235 0.19 1.07927 0.0942546 1
18.0743 0.19 1.07927 0.0942546 1
18.125 0.19 1.07927 0.0942546 1
18.1757 0.19 1.07927 0.0942546 1
18.2265 0.19 1.07927 0.0942546 1
18.2772 0.19 1.07927 0.0942546 1
18.328 0.19 1.07927 0.0942546 1
18.3787 0.19 1.07927 0.0942546 1
18.4294 0.19 1.07927 0.0942546 1
18.4794 0.189202 1.07476 0.093883 0
18.4802 0.19 1.07927 0.0942546 1
18.5309 0.19 1.07927 0.0942546 1
18.5817 0.19 1.07927 0.0942546 1
18.6324 0.19 1.07927 0.0942546 1
18.6832 0.19 1.07927 0.0942546 1
18.7339 0.19 1.07927 0.0942546 1
18.7846 0.19 1.07927 0.0942546 1
18.8354 0.19 1.07927 0.0942546 1
18.8861 0.19 1.07927 0.0942546 1
18.9411 0.194645 1.10125 0.096389 0
18.9369 0.19 1.07927 0.0942546 1
18.9876 0.19 1.07927 0.0942546 1
19.0383 0.19 1.07927 0.0942546 1
19.0891 0.19 1.07927 0.0942546 1
19.1398 0.19 1.07927 0.0942546 1
19.1906 0.19 1.07927 0.0942546 1
19.2413 0.19 1.07927 0.0942546 1
19.2921 0.19 1.07927 0.0942546 1
19.3428 0.19 1.07927 0.0942546 1
19.3935 0.19 1.07927 0.0942546 1
19.3985 0.145997 1.01012 0.071329 0
19.4443 0.19 1.07927 0.0942546 1
19.495 0.19 1.07927 0.0942546 1
19.5458 0.19 1.07927 0.0942546 1
19.5965 0.19 1.07927 0.0942546 1
19.6472 0.19 1.07927 0.0942546 1
19.698 0.19 1.07927 0.0942546 1
19.7487 0.19 1.07927 0.0942546 1
19.7995 0.19 1.07927 0.0942546 1
19.8502 0.19 1.07927 0.0942546 1
19.8602 0.1509 0.953746 0.073835 0
19.9009 0.19 1.07927 0.0942546 1
19.9517 0.19 1.07927 0.0942546 1
20.0024 0.19 1.07927 0.0942546 1
20.0532 0.19 1.07927 0.0942546 1
20.1039 0.19 1.07927 0.0942546 1
20.1547 0.19 1.07927 0.0942546 1
20.2054 0.19 1.07927 0.0942546 1
20.2561 0.19 1.07927 0.0942546 1
20.3069 0.19 1.07927 0.0942546 1
20.3219 0.155567 0.916514 0.076341 0
20.3576 0.19 1.07927 0.0942546 1
20.4084 0.19 1.07927 0.0942546 1
20.4591 0.19 1.07927 0.0942546 1
20.5098 0.19 1.07927 0.0942546 1
20.5606 0.19 1.07927 0.0942546 1
20.6113 0.19 1.07927 0.0942546 1
20.6621 0.19 1.07927 0.0942546 1
20.7128 0.19 1.07927 0.0942546 1
20.7636 0.19 1.07927 0.0942546 1
20.7836 0.160101 0.900864 0.078847 0
20.8143 0.19 1.07927 0.0942546 1
20.865 0.19 1.07927 0.0942546 1
20.9158 0.19 1.07927 0.0942546 1
20.9665 0.19 1.07927 0.0942546 1
21.0173 0.19 1.07927 0.0942546 1
21.068 0.19 1.07927 0.0942546 1
21.1187 0.19 1.07927 0.0942546 1
21.1695 0.19 1.07927 0.0942546 1
21.2202 0.19 1.07927 0.0942546 1
21.2452 0.16461 0.905786 0.081353 0
21.271 0.19 1.07927 0.0942546 1
21.3217 0.19 1.07927 0.0942546 1
21.3724 0.19 1.07927 0.0942546 1
21.4232 0.19 1.07927 0.0942546 1
21.4739 0.19 1.07927 0.0942546 1
21.5247 0.19 1.07927 0.0942546 1
21.5754 0.19 1.07927 0.0942546 1
21.6262 0.19 1.07927 0.0942546 1
21.6769 0.19 1.07927 0.0942546 1
21.7069 0.169187 0.927655 0.083859 0
21.7276 0.19 1.07927 0.0942546 1
21.7784 0.19 1.07927 0.0942546 1
21.8291 0.19 1.07927 0.0942546 1
21.8799 0.19 1.07927 0.0942546 1
21.9306 0.19 1.07927 0.0942546 1
21.9813 0.19 1.07927 0.0942546 1
22.0321 0.19 1.07927 0.0942546 1
22.0828 0.19 1.07927 0.0942546 1
22.1336 0.19 1.07927 0.0942546 1
22.1686 0.173906 0.961214 0.086365 0
22.1843 0.19 1.07927 0.0942546 1
22.2351 0.19 1.07927 0.0942546 1
22.2858 0.19 1.07927 0.0942546 1
22.3365 0.19 1.07927 0.0942546 1
22.3873 0.19 1.07927 0.0942546 1
22.438 0.19 1.07927 0.0942546 1
22.4888 0.19 1.07927 0.0942546 1
22.5395 0.19 1.07927 0.0942546 1
22.5902 0.19 1.07927 0.0942546 1
22.6302 0.178809 1.00056 0.088871 0
22.641 0.19 1.07927 0.0942546 1
22.6917 0.19 1.07927 0.0942546 1
22.7425 0.19 1.07927 0.0942546 1
22.7932 0.19 1.07927 0.0942546 1
22.8439 0.19 1.07927 0.0942546 1
22.8947 0.19 1.07927 0.0942546 1
22.9454 0.19 1.07927 0.0942546 1
22.9962 0.19 1.07927 0.0942546 1
23.0469 0.19 1.07927 0.0942546 1
23.0919 0.183912 1.04002 0.091377 0
23.0977 0.19 1.07927 0.0942546 1
23.1484 0.19 1.07927 0.0942546 1
23.1991 0.19 1.07927 0.0942546 1
23.2499 0.19 1.07927 0.0942546 1
23.3006 0.19 1.07927 0.0942546 1
23.3514 0.19 1.07927 0.0942546 1
23.4021 0.19 1.07927 0.0942546 1
23.4528 0.19 1.07927 0.0942546 1
23.5036 0.19 1.07927 0.0942546 1
23.5536 0.189202 1.07476 0.093883 0
23.5543 0.19 1.07927 0.0942546 1
23.6051 0.19 1.07927 0.0942546 1
23.6558 0.19 1.07927 0.0942546 1
23.7066 0.19 1.07927 0.0942546 1
23.7573 0.19 1.07927 0.0942546 1
23.808 0.19 1.07927 0.0942546 1
23.8588 0.19 1.07927 0.0942546 1
23.9095 0.19 1.07927 0.0942546 1
23.9603 0.19 1.07927 0.0942546 1
24.0153 0.194645 1.10125 0.096389 0
24.011 0.19 1.07927 0.0942546 1
24.0617 0.19 1.07927 0.0942546 1
24.1125 0.19 1.07927 0.0942546 1
24.1632 0.19 1.07927 0.0942546 1
24.214 0.19 1.07927 0.0942546 1
24.2647 0.19 1.07927 0.0942546 1
24.3154 0.19 1.07927 0.0942546 1
24.3662 0.19 1.07927 0.0942546 1
24.4169 0.19 1.07927 0.0942546 1
24.4677 0.19 1.07927 0.0942546 1
24.4727 0.145997 1.01012 0.071329 0
24.5184 0.19 1.07927 0.0942546 1
24.5692 0.19 1.07927 0.0942546 1
24.6199 0.19 1.07927 0.0942546 1
24.6706 0.19 1.07927 0.0942546 1
24.7214 0.19 1.07927 0.0942546 1
24.7721 0.19 1.07927 0.0942546 1
24.8229 0.19 1.07927 0.0942546 1
24.8736 0.19 1.07927 0.0942546 1
24.9243 0.19 1.07927 0.0942546 1
24.9343 0.1509 0.953746 0.073835 0
24.9751 0.19 1.07927 0.0942546 1
25.0258 0.19 1.07927 0.0942546 1
25.0766 0.19 1.07927 0.0942546 1
25.1273 0.19 1.07927 0.0942546 1
25.1781 0.19 1.07927 0.0942546 1
25.2288 0.19 1.07927 0.0942546 1
25.2795 0.19 1.07927 0.0942546 1
25.3303 0.19 1.07927 0.0942546 1
25.381 0.19 1.07927 0.0942546 1
25.396 0.155567 0.916514 0.076341 0
25.4318 0.19 1.07927 0.0942546 1
25.4825 0.19 1.07927 0.0942546 1
25.5332 0.19 1.07927 0.0942546 1
25.584 0.19 1.07927 0.0942546 1
25.6347 0.19 1.07927 0.0942546 1
25.6855 0.19 1.07927 0.0942546 1
25.7362 0.19 1.07927 0.0942546 1
25.7869 0.19 1.07927 0.0942546 1
25.8377 0.19 1.07927 0.0942546 1
25.8577 0.160101 0.900864 0.078847 0
25.8884 0.19 1.07927 0.0942546 1
25.9392 0.19 1.07927 0.0942546 1
25.9899 0.19 1.07927 0.0942546 1
26.0407 0.19 1.07927 0.0942546 1
26.0914 0.19 1.07927 0.0942546 1
26.1421 0.19 1.07927 0.0942546 1
26.1929 0.19 1.07927 0.0942546 1
26.2436 0.19 1.07927 0.0942546 1
26.2944 0.19 1.07927 0.0942546 1
26.3194 0.16461 0.905786 0.081353 0
26.3451 0.19 1.07927 0.0942546 1
26.3958 0.19 1.07927 0.0942546 1
26.4466 0.19 1.07927 0.0942546 1
26.4973 0.19 1.07927 0.0942546 1
26.5481 0.19 1.07927 0.0942546 1
26.5988 0.19 1.07927 0.0942546 1
26.6496 0.19 1.07927 0.0942546 1
26.7003 0.19 1.07927 0.0942546 1
26.751 0.19 1.07927 0.0942546 1
26.781 0.169187 0.927655 0.083859 0
26.8018 0.19 1.07927 0.0942546 1
26.8525 0.19 1.07927 0.0942546 1
26.9033 0.19 1.07927 0.0942546 1
26.954 0.19 1.07927 0.0942546 1
27.0047 0.19 1.07927 0.0942546 1
27.0555 0.19 1.07927 0.0942546 1
27.1062 0.19 1.07927 0.0942546 1
27.157 0.19 1.07927 0.0942546 1
27.2077 0.19 1.07927 0.0942546 1
27.2427 0.173906 0.961214 0.086365 0
27.2584 0.19 1.07927 0.0942546 1
27.3092 0.19 1.07927 0.0942546 1
27.3599 0.19 1.07927 0.0942546 1
27.4107 0.19 1.07927 0.0942546 1
27.4614 0.19 1.07927 0.0942546 1
27.5122 0.19 1.07927 0.0942546 1
27.5629 0.19 1.07927 0.0942546 1
27.6136 0.19 1.07927 0.0942546 1
27.6644 0.19 1.07927 0.0942546 1
27.7044 0.178809 1.00056 0.088871 0
27.7151 0.19 1.07927 0.0942546 1
27.7659 0.19 1.07927 0.0942546 1
27.8166 0.19 1.07927 0.0942546 1
27.8673 0.19 1.07927 0.0942546 1
27.9181 0.19 1.07927 0.0942546 1
27.9688 0.19 1.07927 0.0942546 1
28.0196 0.19 1.07927 0.0942546 1
28.0703 0.19 1.07927 0.0942546 1
28.1211 0.19 1.07927 0.0942546 1
28.1661 0.183912 1.04002 0.091377 0
28.1718 0.19 1.07927 0.0942546 1
28.2225 0.19 1.07927 0.0942546 1
28.2733 0.19 1.07927 0.0942546 1
28.324 0.19 1.07927 0.0942546 1
28.3748 0.19 1.07927 0.0942546 1
28.4255 0.19 1.07927 0.0942546 1
28.4762 0.19 1.07927 0.0942546 1
28.527 0.19 1.07927 0.0942546 1
28.5777 0.19 1.07927 0.0942546 1
28.6277 0.189202 1.07476 0.093883 0
28.6285 0.19 1.07927 0.0942546 1
28.6792 0.19 1.07927 0.0942546 1
28.7299 0.19 1.07927 0.0942546 1
28.7807 0.19 1.07927 0.0942546 1
28.8314 0.19 1.07927 0.0942546 1
28.8822 0.19 1.07927 0.0942546 1
28.9329 0.19 1.07927 0.0942546 1
28.9837 0.19 1.07927 0.0942546 1
29.0344 0.19 1.07927 0.0942546 1
29.0894 0.194645 1.10125 0.096389 0
29.0851 0.19 1.07927 0.0942546 1
29.1359 0.19 1.07927 0.0942546 1
29.1866 0.19 1.07927 0.0942546 1
29.2374 0.19 1.07927 0.0942546 1
29.2881 0.19 1.07927 0.0942546 1
29.3388 0.19 1.07927 0.0942546 1
29.3896 0.19 1.07927 0.0942546 1
29.4403 0.19 1.07927 0.0942546 1
29.4911 0.19 1.07927 0.0942546 1
29.5418 0.19 1.07927 0.0942546 1
29.5468 0.145997 1.01012 0.071329 0
29.5926 0.19 1.07927 0.0942546 1
29.6433 0.19 1.07927 0.0942546 1
29.694 0.19 1.07927 0.0942546 1
29.7448 0.19 1.07927 0.0942546 1
29.7955 0.19 1.07927 0.0942546 1
29.8463 0.19 1.07927 0.0942546 1
29.897 0.19 1.07927 0.0942546 1
29.9477 0.19 1.07927 0.0942546 1
29.9985 0.19 1.07927 0.0942546 1
30.0085 0.1509 0.953746 0.073835 0
30.0492 0.19 1.07927 0.0942546 1
30.1 0.19 1.07927 0.0942546 1
30.1507 0.19 1.07927 0.0942546 1
30.2014 0.19 1.07927 0.0942546 1
30.2522 0.19 1.07927 0.0942546 1
30.3029 0.19 1.07927 0.0942546 1
30.3537 0.19 1.07927 0.0942546 1
30.4044 0.19 1.07927 0.0942546 1
30.4552 0.19 1.07927 0.0942546 1
30.4702 0.155567 0.916514 0.076341 0
30.5059 0.19 1.07927 0.0942546 1
30.5566 0.19 1.07927 0.0942546 1
30.6074 0.19 1.07927 0.0942546 1
30.6581 0.19 1.07927 0.0942546 1
30.7089 0.19 1.07927 0.0942546 1
30.7596 0.19 1.07927 0.0942546 1
30.8103 0.19 1.07927 0.0942546 1
30.8611 0.19 1.07927 0.0942546 1
30.9118 0.19 1.07927 0.0942546 1
30.9318 0.160101 0.900864 0.078847 0
30.9626 0.19 1.07927 0.0942546 1
31.0133 0.19 1.07927 0.0942546 1
31.0641 0.19 1.07927 0.0942546 1
31.1148 0.19 1.07927 0.0942546 1
31.1655 0.19 1.07927 0.0942546 1
31.2163 0.19 1.07927 0.0942546 1
31.267 0.19 1.07927 0.0942546 1
31.3178 0.19 1.07927 0.0942546 1
31.3685 0.19 1.07927 0.0942546 1
31.3935 0.16461 0.905786 0.081353 0
31.4192 0.19 1.07927 0.0942546 1
31.47 0.19 1.07927 0.0942546 1
31.5207 0.19 1.07927 0.0942546 1
31.5715 0.19 1.07927 0.0942546 1
31.6222 0.19 1.07927 0.0942546 1
31.6729 0.19 1.07927 0.0942546 1
31.7237 0.19 1.07927 0.0942546 1
31.7744 0.19 1.07927 0.0942546 1
31.8252 0.19 1.07927 0.0942546 1
31.8552 0.169187 0.927655 0.083859 0
31.8759 0.19 1.07927 0.0942546 1
31.9267 0.19 1.07927 0.0942546 1
31.9774 0.19 1.07927 0.0942546 1
32.0281 0.19 1.07927 0.0942546 1
32.0789 0.19 1.07927 0.0942546 1
32.1296 0.19 1.07927 0.0942546 1
32.1804 0.19 1.07927 0.0942546 1
32.2311 0.19 1.07927 0.0942546 1
32.2818 0.19 1.07927 0.0942546 1
32.3168 0.173906 0.961214 0.086365 0
32.3326 0.19 1.07927 0.0942546 1
32.3833 0.19 1.07927 0.0942546 1
32.4341 0.19 1.07927 0.0942546 1
32.4848 0.19 1.07927 0.0942546 1
32.5356 0.19 1.07927 0.0942546 1
32.5863 0.19 1.07927 0.0942546 1
32.637 0.19 1.07927 0.0942546 1
32.6878 0.19 1.07927 0.0942546 1
32.7385 0.19 1.07927 0.0942546 1
32.7785 0.178809 1.00056 0.088871 0
32.7893 0.19 1.07927 0.0942546 1
32.84 0.19 1.07927 0.0942546 1
32.8907 0.19 1.07927 0.0942546 1
32.9415 0.19 1.07927 0.0942546 1
32.9922 0.19 1.07927 0.0942546 1
33.043 0.19 1.07927 0.0942546 1
33.0937 0.19 1.07927 0.0942546 1
33.1444 0.19 1.07927 0.0942546 1
33.1952 0.19 1.07927 0.0942546 1
33.2402 0.183912 1.04002 0.091377 0
33.2459 0.19 1.07927 0.0942546 1
33.2967 0.19 1.07927 0.0942546 1
33.3474 0.19 1.07927 0.0942546 1
33.3982 0.19 1.07927 0.0942546 1
33.4489 0.19 1.07927 0.0942546 1
33.4996 0.19 1.07927 0.0942546 1
33.5504 0.19 1.07927 0.0942546 1
33.6011 0.19 1.07927 0.0942546 1
33.6519 0.19 1.07927 0.0942546 1
33.7019 0.189202 1.07476 0.093883 0
33.7026 0.19 1.07927 0.0942546 1
33.7533 0.19 1.07927 0.0942546 1
33.8041 0.19 1.07927 0.0942546 1
33.8548 0.19 1.07927 0.0942546 1
33.9056 0.19 1.07927 0.0942546 1
33.9563 0.19 1.07927 0.0942546 1
34.0071 0.19 1.07927 0.0942546 1
34.0578 0.19 1.07927 0.0942546 1
34.1085 0.19 1.07927 0.0942546 1
34.1635 0.194645 1.10125 0.096389 0
34.1593 0.19 1.07927 0.0942546 1
34.21 0.19 1.07927 0.0942546 1
34.2608 0.19 1.07927 0.0942546 1
34.3115 0.19 1.07927 0.0942546 1
34.3622 0.19 1.07927 0.0942546 1
34.413 0.19 1.07927 0.0942546 1
34.4637 0.19 1.07927 0.0942546 1
34.5145 0.19 1.07927 0.0942546 1
34.5652 0.19 1.07927 0.0942546 1
34.6159 0.19 1.07927 0.0942546 1
34.6209 0.145997 1.01012 0.071329 0
34.6667 0.19 1.07927 0.0942546 1
34.7174 0.19 1.07927 0.0942546 1
34.7682 0.19 1.07927 0.0942546 1
34.8189 0.19 1.07927 0.0942546 1
34.8697 0.19 1.07927 0.0942546 1
34.9204 0.19 1.07927 0.0942546 1
34.9711 0.19 1.07927 0.0942546 1
35.0219 0.19 1.07927 0.0942546 1
35.0726 0.19 1.07927 0.0942546 1
35.0826 0.1509 0.953746 0.073835 0
35.1234 0.19 1.07927 0.0942546 1
35.1741 0.19 1.07927 0.0942546 1
35.2248 0.19 1.07927 0.0942546 1
35.2756 0.19 1.07927 0.0942546 1
35.3263 0.19 1.07927 0.0942546 1
35.3771 0.19 1.07927 0.0942546 1
35.4278 0.19 1.07927 0.0942546 1
35.4786 0.19 1.07927 0.0942546 1
35.5293 0.19 1.07927 0.0942546 1
35.5443 0.155567 0.916514 0.076341 0
35.58 0.19 1.07927 0.0942546 1
35.6308 0.19 1.07927 0.0942546 1
35.6815 0.19 1.07927 0.0942546 1
35.7323 0.19 1.07927 0.0942546 1
35.783 0.19 1.07927 0.0942546 1
35.8337 0.19 1.07927 0.0942546 1
35.8845 0.19 1.07927 0.0942546 1
35.9352 0.19 1.07927 0.0942546 1
35.986 0.19 1.07927 0.0942546 1
36.006 0.160101 0.900864 0.078847 0
36.0367 0.19 1.07927 0.0942546 1
36.0875 0.19 1.07927 0.0942546 1
36.1382 0.19 1.07927 0.0942546 1
36.1889 0.19 1.07927 0.0942546 1
36.2397 0.19 1.07927 0.0942546 1
36.2904 0.19 1.07927 0.0942546 1
36.3412 0.19 1.07927 0.0942546 1
36.3919 0.19 1.07927 0.0942546 1
36.4426 0.19 1.07927 0.0942546 1
36.4676 0.16461 0.905786 0.081353 0
36.4934 0.19 1.07927 0.0942546 1
36.5441 0.19 1.07927 0.0942546 1
36.5949 0.19 1.07927 0.0942546 1
36.6456 0.19 1.07927 0.0942546 1
36.6963 0.19 1.07927 0.0942546 1
36.7471 0.19 1.07927 0.0942546 1
36.7978 0.19 1.07927 0.0942546 1
36.8486 0.19 1.07927 0.0942546 1
36.8993 0.19 1.07927 0.0942546 1
36.9293 0.169187 0.927655 0.083859 0
36.9501 0.19 1.07927 0.0942546 1
37.0008 0.19 1.07927 0.0942546 1
37.0515 0.19 1.07927 0.0942546 1
37.1023 0.19 1.07927 0.0942546 1
37.153 0.19 1.07927 0.0942546 1
37.2038 0.19 1.07927 0.0942546 1
37.2545 0.19 1.07927 0.0942546 1
37.3052 0.19 1.07927 0.0942546 1
37.356 0.19 1.07927 0.0942546 1
37.391 0.173906 0.961214 0.086365 0
37.4067 0.19 1.07927 0.0942546 1
37.4575 0.19 1.07927 0.0942546 1
37.5082 0.19 1.07927 0.0942546 1
37.559 0.19 1.07927 0.0942546 1
37.6097 0.19 1.07927 0.0942546 1
37.6604 0.19 1.07927 0.0942546 1
37.7112 0.19 1.07927 0.0942546 1
37.7619 0.19 1.07927 0.0942546 1
37.8127 0.19 1.07927 0.0942546 1
37.8527 0.178809 1.00056 0.088871 0
37.8634 0.19 1.07927 0.0942546 1
37.9141 0.19 1.07927 0.0942546 1
37.9649 0.19 1.07927 0.0942546 1
38.0156 0.19 1.07927 0.0942546 1
38.0664 0.19 1.07927 0.0942546 1
38.1171 0.19 1.07927 0.0942546 1
38.1678 0.19 1.07927 0.0942546 1
38.2186 0.19 1.07927 0.0942546 1
38.2693 0.19 1.07927 0.0942546 1
38.3143 0.183912 1.04002 0.091377 0
38.3201 0.19 1.07927 0.0942546 1
38.3708 0.19 1.07927 0.0942546 1
38.4216 0.19 1.07927 0.0942546 1
38.4723 0.19 1.07927 0.0942546 1
38.523 0.19 1.07927 0.0942546 1
38.5738 0.19 1.07927 0.0942546 1
38.6245 0.19 1.07927 0.0942546 1
38.6753 0.19 1.07927 0.0942546 1
38.726 0.19 1.07927 0.0942546 1
38.776 0.189202 1.07476 0.093883 0
38.7767 0.19 1.07927 0.0942546 1
38.8275 0.19 1.07927 0.0942546 1
38.8782 0.19 1.07927 0.0942546 1
38.929 0.19 1.07927 0.0942546 1
38.9797 0.19 1.07927 0.0942546 1
39.0305 0.19 1.07927 0.0942546 1
39.0812 0.19 1.07927 0.0942546 1
39.1319 0.19 1.07927 0.0942546 1
39.1827 0.19 1.07927 0.0942546 1
39.2377 0.194645 1.10125 0.096389 0
39.2334 0.19 1.07927 0.0942546 1
39.2842 0.19 1.07927 0.0942546 1
39.3349 0.19 1.07927 0.0942546 1
39.3856 0.19 1.07927 0.0942546 1
39.4364 0.19 1.07927 0.0942546 1
39.4871 0.19 1.07927 0.0942546 1
39.5379 0.19 1.07927 0.0942546 1
39.5886 0.19 1.07927 0.0942546 1
39.6393 0.19 1.07927 0.0942546 1
39.6901 0.19 1.07927 0.0942546 1
39.6951 0.145997 1.01012 0.071329 0
39.7408 0.19 1.07927 0.0942546 1
39.7916 0.19 1.07927 0.0942546 1
39.8423 0.19 1.07927 0.0942546 1
39.8931 0.19 1.07927 0.0942546 1
39.9438 0.19 1.07927 0.0942546 1
39.9945 0.19 1.07927 0.0942546 1
40.0453 0.19 1.07927 0.0942546 1
40.096 0.19 1.07927 0.0942546 1
40.1468 0.19 1.07927 0.0942546 1
40.1568 0.1509 0.953746 0.073835 0
40.1975 0.19 1.07927 0.0942546 1
40.2482 0.19 1.07927 0.0942546 1
40.299 0.19 1.07927 0.0942546 1
40.3497 0.19 1.07927 0.0942546 1
40.4005 0.19 1.07927 0.0942546 1
40.4512 0.19 1.07927 0.0942546 1
40.502 0.19 1.07927 0.0942546 1
40.5527 0.19 1.07927 0.0942546 1
40.6034 0.19 1.07927 0.0942546 1
40.6184 0.155567 0.916514 0.076341 0
40.6542 0.19 1.07927 0.0942546 1
40.7049 0.19 1.07927 0.0942546 1
40.7557 0.19 1.07927 0.0942546 1
40.8064 0.19 1.07927 0.0942546 1
40.8571 0.19 1.07927 0.0942546 1
40.9079 0.19 1.07927 0.0942546 1
40.9586 0.19 1.07927 0.0942546 1
41.0094 0.19 1.07927 0.0942546 1
41.0601 0.19 1.07927 0.0942546 1
41.0801 0.160101 0.900864 0.078847 0
41.1108 0.19 1.07927 0.0942546 1
41.1616 0.19 1.07927 0.0942546 1
41.2123 0.19 1.07927 0.0942546 1
41.2631 0.19 1.07927 0.0942546 1
41.3138 0.19 1.07927 0.0942546 1
41.3646 0.19 1.07927 0.0942546 1
41.4153 0.19 1.07927 0.0942546 1
41.466 0.19 1.07927 0.0942546 1
41.5168 0.19 1.07927 0.0942546 1
41.5418 0.16461 0.905786 0.081353 0
41.5675 0.19 1.07927 0.0942546 1
41.6183 0.19 1.07927 0.0942546 1
41.669 0.19 1.07927 0.0942546 1
41.7197 0.19 1.07927 0.0942546 1
41.7705 0.19 1.07927 0.0942546 1
41.8212 0.19 1.07927 0.0942546 1
41.872 0.19 1.07927 0.0942546 1
41.9227 0.19 1.07927 0.0942546 1
41.9735 0.19 1.07927 0.0942546 1
42.0035 0.169187 0.927655 0.083859 0
42.0242 0.19 1.07927 0.0942546 1
42.0749 0.19 1.07927 0.0942546 1
42.1257 0.19 1.07927 0.0942546 1
42.1764 0.19 1.07927 0.0942546 1
42.2272 0.19 1.07927 0.0942546 1
42.2779 0.19 1.07927 0.0942546 1
42.3286 0.19 1.07927 0.0942546 1
42.3794 0.19 1.07927 0.0942546 1
42.4301 0.19 1.07927 0.0942546 1
42.4651 0.173906 0.961214 0.086365 0
42.4809 0.19 1.07927 0.0942546 1
42.5316 0.19 1.07927 0.0942546 1
42.5823 0.19 1.07927 0.0942546 1
42.6331 0.19 1.07927 0.0942546 1
42.6838 0.19 1.07927 0.0942546 1
42.7346 0.19 1.07927 0.0942546 1
42.7853 0.19 1.07927 0.0942546 1
42.8361 0.19 1.07927 0.0942546 1
42.8868 0.19 1.07927 0.0942546 1
42.9268 0.178809 1.00056 0.088871 0
42.9375 0.19 1.07927 0.0942546 1
42.9883 0.19 1.07927 0.0942546 1
43.039 0.19 1.07927 0.0942546 1
43.0898 0.19 1.07927 0.0942546 1
43.1405 0.19 1.07927 0.0942546 1
43.1912 0.19 1.07927 0.0942546 1
43.242 0.19 1.07927 0.0942546 1
43.2927 0.19 1.07927 0.0942546 1
43.3435 0.19 1.07927 0.0942546 1
43.3885 0.183912 1.04002 0.091377 0
43.3942 0.19 1.07927 0.0942546 1
43.445 0.19 1.07927 0.0942546 1
43.4957 0.19 1.07927 0.0942546 1
43.5464 0.19 1.07927 0.0942546 1
43.5972 0.19 1.07927 0.0942546 1
43.6479 0.19 1.07927 0.0942546 1
43.6987 0.19 1.07927 0.0942546 1
43.7494 0.19 1.07927 0.0942546 1
43.8001 0.19 1.07927 0.0942546 1
43.8501 0.189202 1.07476 0.093883 0
43.8509 0.19 1.07927 0.0942546 1
43.9016 0.19 1.07927 0.0942546 1
43.9524 0.19 1.07927 0.0942546 1
44.0031 0.19 1.07927 0.0942546 1
44.0538 0.19 1.07927 0.0942546 1
44.1046 0.19 1.07927 0.0942546 1
44.1553 0.19 1.07927 0.0942546 1
44.2061 0.19 1.07927 0.0942546 1
44.2568 0.19 1.07927 0.0942546 1
44.3118 0.194645 1.10125 0.096389 0
44.3076 0.19 1.07927 0.0942546 1
44.3583 0.19 1.07927 0.0942546 1
44.409 0.19 1.07927 0.0942546 1
44.4598 0.19 1.07927 0.0942546 1
44.5105 0.19 1.07927 0.0942546 1
44.5613 0.19 1.07927 0.0942546 1
44.612 0.19 1.07927 0.0942546 1
44.6627 0.19 1.07927 0.0942546 1
44.7135 0.19 1.07927 0.0942546 1
44.7642 0.19 1.07927 0.0942546 1
44.7692 0.145997 1.01012 0.071329 0
44.815 0.19 1.07927 0.0942546 1
44.8657 0.19 1.07927 0.0942546 1
44.9165 0.19 1.07927 0.0942546 1
44.9672 0.19 1.07927 0.0942546 1
45.0179 0.19 1.07927 0.0942546 1
45.0687 0.19 1.07927 0.0942546 1
45.1194 0.19 1.07927 0.0942546 1
45.1702 0.19 1.07927 0.0942546 1
45.2209 0.19 1.07927 0.0942546 1
45.2309 0.1509 0.953746 0.073835 0
45.2716 0.19 1.07927 0.0942546 1
45.3224 0.19 1.07927 0.0942546 1
45.3731 0.19 1.07927 0.0942546 1
45.4239 0.19 1.07927 0.0942546 1
45.4746 0.19 1.07927 0.0942546 1
45.5253 0.19 1.07927 0.0942546 1
45.5761 0.19 1.07927 0.0942546 1
45.6268 0.19 1.07927 0.0942546 1
45.6776 0.19 1.07927 0.0942546 1
45.6926 0.155567 0.916514 0.076341 0
45.7283 0.19 1.07927 0.0942546 1
45.7791 0.19 1.07927 0.0942546 1
45.8298 0.19 1.07927 0.0942546 1
45.8805 0.19 1.07927 0.0942546 1
45.9313 0.19 1.07927 0.0942546 1
45.982 0.19 1.07927 0.0942546 1
46.0328 0.19 1.07927 0.0942546 1
46.0835 0.19 1.07927 0.0942546 1
46.1342 0.19 1.07927 0.0942546 1
46.1542 0.160101 0.900864 0.078847 0
46.185 0.19 1.07927 0.0942546 1
46.2357 0.19 1.07927 0.0942546 1
46.2865 0.19 1.07927 0.0942546 1
46.3372 0.19 1.07927 0.0942546 1
46.388 0.19 1.07927 0.0942546 1
46.4387 0.19 1.07927 0.0942546 1
46.4894 0.19 1.07927 0.0942546 1
46.5402 0.19 1.07927 0.0942546 1
46.5909 0.19 1.07927 0.0942546 1
46.6159 0.16461 0.905786 0.081353 0
46.6417 0.19 1.07927 0.0942546 1
46.6924 0.19 1.07927 0.0942546 1
46.7431 0.19 1.07927 0.0942546 1
46.7939 0.19 1.07927 0.0942546 1
46.8446 0.19 1.07927 0.0942546 1
46.8954 0.19 1.07927 0.0942546 1
46.9461 0.19 1.07927 0.0942546 1
46.9968 0.19 1.07927 0.0942546 1
47.0476 0.19 1.07927 0.0942546 1
47.0776 0.169187 0.927655 0.083859 0
47.0983 0.19 1.07927 0.0942546 1
47.1491 0.19 1.07927 0.0942546 1
47.1998 0.19 1.07927 0.0942546 1
47.2506 0.19 1.07927 0.0942546 1
47.3013 0.19 1.07927 0.0942546 1
47.352 0.19 1.07927 0.0942546 1
47.4028 0.19 1.07927 0.0942546 1
47.4535 0.19 1.07927 0.0942546 1
47.5043 0.19 1.07927 0.0942546 1
47.5393 0.173906 0.961214 0.086365 0
47.555 0.19 1.07927 0.0942546 1
47.6057 0.19 1.07927 0.0942546 1
47.6565 0.19 1.07927 0.0942546 1
47.7072 0.19 1.07927 0.0942546 1
47.758 0.19 1.07927 0.0942546 1
47.8087 0.19 1.07927 0.0942546 1
47.8595 0.19 1.07927 0.0942546 1
47.9102 0.19 1.07927 0.0942546 1
47.9609 0.19 1.07927 0.0942546 1
48.0009 0.178809 1.00056 0.088871 0
48.0117 0.19 1.07927 0.0942546 1
48.0624 0.19 1.07927 0.0942546 1
48.1132 0.19 1.07927 0.0942546 1
48.1639 0.19 1.07927 0.0942546 1
48.2146 0.19 1.07927 0.0942546 1
48.2654 0.19 1.07927 0.0942546 1
48.3161 0.19 1.07927 0.0942546 1
48.3669 0.19 1.07927 0.0942546 1
48.4176 0.19 1.07927 0.0942546 1
48.4626 0.183912 1.04002 0.091377 0
48.4683 0.19 1.07927 0.0942546 1
48.5191 0.19 1.07927 0.0942546 1
48.5698 0.19 1.07927 0.0942546 1
48.6206 0.19 1.07927 0.0942546 1
48.6713 0.19 1.07927 0.0942546 1
48.7221 0.19 1.07927 0.0942546 1
48.7728 0.19 1.07927 0.0942546 1
48.8235 0.19 1.07927 0.0942546 1
48.8743 0.19 1.07927 0.0942546 1
48.9243 0.189202 1.07476 0.093883 0
48.925 0.19 1.07927 0.0942546 1
48.9758 0.19 1.07927 0.0942546 1
49.0265 0.19 1.07927 0.0942546 1
49.0772 0.19 1.07927 0.0942546 1
49.128 0.19 1.07927 0.0942546 1
49.1787 0.19 1.07927 0.0942546 1
49.2295 0.19 1.07927 0.0942546 1
49.2802 0.19 1.07927 0.0942546 1
49.331 0.19 1.07927 0.0942546 1
49.386 0.194645 1.10125 0.096389 0
49.3817 0.19 1.07927 0.0942546 1
49.4324 0.19 1.07927 0.0942546 1
49.4832 0.19 1.07927 0.0942546 1
49.5339 0.19 1.07927 0.0942546 1
49.5847 0.19 1.07927 0.0942546 1
49.6354 0.19 1.07927 0.0942546 1
49.6861 0.19 1.07927 0.0942546 1
49.7369 0.19 1.07927 0.0942546 1
49.7876 0.19 1.07927 0.0942546 1
49.8384 0.19 1.07927 0.0942546 1
49.8434 0.145997 1.01012 0.071329 0
49.8891 0.19 1.07927 0.0942546 1
49.9398 0.19 1.07927 0.0942546 1
49.9906 0.19 1.07927 0.0942546 1
0.5012 0.5012 0.5012 0.5012 0.5012
