t x v M dripped?
0 0 0 0.01 0
0.167228 0.19 0.946264 0.0936141 1
0.214165 0.19 1.1637 0.0949366 1
0.267445 0.19 0.98476 0.0939568 1
0.31507 0.19 1.13289 0.0946382 1
0.367508 0.19 1.02274 0.0940537 1
0.416433 0.19 1.11366 0.0944681 1
0.468352 0.19 1.0447 0.0941261 1
0.483352 0.156966 0.868008 0.0770426 0
0.51802 0.19 1.10018 0.0943766 1
0.569529 0.19 1.05783 0.0941735 1
0.619643 0.19 1.09142 0.0943257 1
0.670874 0.19 1.06561 0.0942041 1
0.721252 0.19 1.08591 0.0942966 1
0.772304 0.19 1.07025 0.0942235 1
0.822838 0.19 1.08251 0.0942796 1
0.873779 0.19 1.07302 0.0942355 1
0.924405 0.19 1.08043 0.0942695 1
0.949405 0.164568 0.904792 0.0813065 0
0.975278 0.19 1.07469 0.0942429 1
1.02596 0.19 1.07917 0.0942635 1
1.07679 0.19 1.07569 0.0942474 1
1.12751 0.19 1.0784 0.0942599 1
1.17831 0.19 1.07629 0.0942501 1
1.22905 0.19 1.07793 0.0942577 1
1.27984 0.19 1.07666 0.0942518 1
1.33058 0.19 1.07765 0.0942564 1
1.38137 0.19 1.07688 0.0942528 1
1.41137 0.169228 0.924168 0.0838781 0
1.43212 0.19 1.07748 0.0942556 1
1.4829 0.19 1.07701 0.0942534 1
1.53365 0.19 1.07737 0.0942551 1
1.58443 0.19 1.07709 0.0942538 1
1.63519 0.19 1.07731 0.0942548 1
1.68596 0.19 1.07714 0.094254 1
1.73672 0.19 1.07727 0.0942546 1
1.78749 0.19 1.07717 0.0942542 1
1.83825 0.19 1.07725 0.0942545 1
1.87325 0.173921 0.958053 0.0863706 0
1.88902 0.19 1.07719 0.0942543 1
1.93979 0.19 1.07724 0.0942545 1
1.99055 0.19 1.0772 0.0942543 1
2.04132 0.19 1.07723 0.0942544 1
2.09209 0.19 1.07721 0.0942543 1
2.14285 0.19 1.07722 0.0942544 1
2.19362 0.19 1.07721 0.0942544 1
2.24438 0.19 1.07722 0.0942544 1
2.29515 0.19 1.07721 0.0942544 1
2.33515 0.17881 0.997707 0.0888714 0
2.34592 0.19 1.07722 0.0942544 1
2.39668 0.19 1.07721 0.0942544 1
2.44745 0.19 1.07722 0.0942544 1
2.49821 0.19 1.07721 0.0942544 1
2.54898 0.19 1.07722 0.0942544 1
2.59975 0.19 1.07722 0.0942544 1
2.65051 0.19 1.07722 0.0942544 1
2.70128 0.19 1.07722 0.0942544 1
2.75205 0.19 1.07722 0.0942544 1
2.79705 0.183899 1.03748 0.0913713 0
2.80281 0.19 1.07722 0.0942544 1
2.85358 0.19 1.07722 0.0942544 1
2.90434 0.19 1.07722 0.0942544 1
2.95511 0.19 1.07722 0.0942544 1
3.00588 0.19 1.07722 0.0942544 1
3.05664 0.19 1.07722 0.0942544 1
3.10741 0.19 1.07722 0.0942544 1
3.15817 0.19 1.07722 0.0942544 1
3.20894 0.19 1.07722 0.0942544 1
3.25894 0.189176 1.07251 0.0938713 0
3.25971 0.19 1.07722 0.0942544 1
3.31047 0.19 1.07722 0.0942544 1
3.36124 0.19 1.07722 0.0942544 1
3.41201 0.19 1.07722 0.0942544 1
3.46277 0.19 1.07722 0.0942544 1
3.51354 0.19 1.07722 0.0942544 1
3.5643 0.19 1.07722 0.0942544 1
3.61507 0.19 1.07722 0.0942544 1
3.66584 0.19 1.07722 0.0942544 1
3.72084 0.19461 1.09924 0.0963713 0
3.7166 0.19 1.07722 0.0942544 1
3.76737 0.19 1.07722 0.0942544 1
3.81813 0.19 1.07722 0.0942544 1
3.8689 0.19 1.07722 0.0942544 1
3.91967 0.19 1.07722 0.0942544 1
3.97043 0.19 1.07722 0.0942544 1
4.0212 0.19 1.07722 0.0942544 1
4.07197 0.19 1.07722 0.0942544 1
4.12273 0.19 1.07722 0.0942544 1
4.1735 0.19 1.07722 0.0942544 1
4.1785 0.146111 1.00757 0.0713713 0
4.22426 0.19 1.07722 0.0942544 1
4.27503 0.19 1.07722 0.0942544 1
4.3258 0.19 1.07722 0.0942544 1
4.37656 0.19 1.07722 0.0942544 1
4.42733 0.19 1.07722 0.0942544 1
4.4781 0.19 1.07722 0.0942544 1
4.52886 0.19 1.07722 0.0942544 1
4.57963 0.19 1.07722 0.0942544 1
4.63039 0.19 1.07722 0.0942544 1
4.64039 0.151 0.950755 0.0738713 0
4.68116 0.19 1.07722 0.0942544 1
4.73193 0.19 1.07722 0.0942544 1
4.78269 0.19 1.07722 0.0942544 1
4.83346 0.19 1.07722 0.0942544 1
4.88422 0.19 1.07722 0.0942544 1
4.93499 0.19 1.07722 0.0942544 1
4.98576 0.19 1.07722 0.0942544 1
5.03652 0.19 1.07722 0.0942544 1
5.08729 0.19 1.07722 0.0942544 1
5.10229 0.155651 0.9132 0.0763713 0
5.13806 0.19 1.07722 0.0942544 1
5.18882 0.19 1.07722 0.0942544 1
5.23959 0.19 1.07722 0.0942544 1
5.29035 0.19 1.07722 0.0942544 1
5.34112 0.19 1.07722 0.0942544 1
5.39189 0.19 1.07722 0.0942544 1
5.44265 0.19 1.07722 0.0942544 1
5.49342 0.19 1.07722 0.0942544 1
5.54418 0.19 1.07722 0.0942544 1
5.56418 0.160168 0.897376 0.0788713 0
5.59495 0.19 1.07722 0.0942544 1
5.64572 0.19 1.07722 0.0942544 1
5.69648 0.19 1.07722 0.0942544 1
5.74725 0.19 1.07722 0.0942544 1
5.79802 0.19 1.07722 0.0942544 1
5.84878 0.19 1.07722 0.0942544 1
5.89955 0.19 1.07722 0.0942544 1
5.95031 0.19 1.07722 0.0942544 1
6.00108 0.19 1.07722 0.0942544 1
6.02608 0.164659 0.902279 0.0813713 0
6.05185 0.19 1.07722 0.0942544 1
6.10261 0.19 1.07722 0.0942544 1
6.15338 0.19 1.07722 0.0942544 1
6.20414 0.19 1.07722 0.0942544 1
6.25491 0.19 1.07722 0.0942544 1
6.30568 0.19 1.07722 0.0942544 1
6.35644 0.19 1.07722 0.0942544 1
6.40721 0.19 1.07722 0.0942544 1
6.45798 0.19 1.07722 0.0942544 1
6.48798 0.169219 0.924269 0.0838713 0
6.50874 0.19 1.07722 0.0942544 1
6.55951 0.19 1.07722 0.0942544 1
6.61027 0.19 1.07722 0.0942544 1
6.66104 0.19 1.07722 0.0942544 1
6.71181 0.19 1.07722 0.0942544 1
6.76257 0.19 1.07722 0.0942544 1
6.81334 0.19 1.07722 0.0942544 1
6.8641 0.19 1.07722 0.0942544 1
6.91487 0.19 1.07722 0.0942544 1
6.94987 0.173921 0.958058 0.0863713 0
6.96564 0.19 1.07722 0.0942544 1
7.0164 0.19 1.07722 0.0942544 1
7.06717 0.19 1.07722 0.0942544 1
7.11794 0.19 1.07722 0.0942544 1
7.1687 0.19 1.07722 0.0942544 1
7.21947 0.19 1.07722 0.0942544 1
7.27023 0.19 1.07722 0.0942544 1
7.321 0.19 1.07722 0.0942544 1
7.37177 0.19 1.07722 0.0942544 1
7.41177 0.17881 0.997705 0.0888713 0
7.42253 0.19 1.07722 0.0942544 1
7.4733 0.19 1.07722 0.0942544 1
7.52406 0.19 1.07722 0.0942544 1
7.57483 0.19 1.07722 0.0942544 1
7.6256 0.19 1.07722 0.0942544 1
7.67636 0.19 1.07722 0.0942544 1
7.72713 0.19 1.07722 0.0942544 1
7.7779 0.19 1.07722 0.0942544 1
7.82866 0.19 1.07722 0.0942544 1
7.87366 0.183899 1.03748 0.0913713 0
7.87943 0.19 1.07722 0.0942544 1
7.93019 0.19 1.07722 0.0942544 1
7.98096 0.19 1.07722 0.0942544 1
8.03173 0.19 1.07722 0.0942544 1
8.08249 0.19 1.07722 0.0942544 1
8.13326 0.19 1.07722 0.0942544 1
8.18402 0.19 1.07722 0.0942544 1
8.23479 0.19 1.07722 0.0942544 1
8.28556 0.19 1.07722 0.0942544 1
8.33556 0.189176 1.07251 0.0938713 0
8.33632 0.19 1.07722 0.0942544 1
8.38709 0.19 1.07722 0.0942544 1
8.43786 0.19 1.07722 0.0942544 1
8.48862 0.19 1.07722 0.0942544 1
8.53939 0.19 1.07722 0.0942544 1
8.59015 0.19 1.07722 0.0942544 1
8.64092 0.19 1.07722 0.0942544 1
8.69169 0.19 1.07722 0.0942544 1
8.74245 0.19 1.07722 0.0942544 1
8.79745 0.19461 1.09924 0.0963713 0
8.79322 0.19 1.07722 0.0942544 1
8.84399 0.19 1.07722 0.0942544 1
8.89475 0.19 1.07722 0.0942544 1
8.94552 0.19 1.07722 0.0942544 1
8.99628 0.19 1.07722 0.0942544 1
9.04705 0.19 1.07722 0.0942544 1
9.09782 0.19 1.07722 0.0942544 1
9.14858 0.19 1.07722 0.0942544 1
9.19935 0.19 1.07722 0.0942544 1
9.25011 0.19 1.07722 0.0942544 1
9.25511 0.146111 1.00757 0.0713713 0
9.30088 0.19 1.07722 0.0942544 1
9.35165 0.19 1.07722 0.0942544 1
9.40241 0.19 1.07722 0.0942544 1
9.45318 0.19 1.07722 0.0942544 1
9.50395 0.19 1.07722 0.0942544 1
9.55471 0.19 1.07722 0.0942544 1
9.60548 0.19 1.07722 0.0942544 1
9.65624 0.19 1.07722 0.0942544 1
9.70701 0.19 1.07722 0.0942544 1
9.71701 0.151 0.950755 0.0738713 0
9.75778 0.19 1.07722 0.0942544 1
9.80854 0.19 1.07722 0.0942544 1
9.85931 0.19 1.07722 0.0942544 1
9.91007 0.19 1.07722 0.0942544 1
9.96084 0.19 1.07722 0.0942544 1
10.0116 0.19 1.07722 0.0942544 1
10.0624 0.19 1.07722 0.0942544 1
10.1131 0.19 1.07722 0.0942544 1
10.1639 0.19 1.07722 0.0942544 1
10.1789 0.155651 0.9132 0.0763713 0
10.2147 0.19 1.07722 0.0942544 1
10.2654 0.19 1.07722 0.0942544 1
10.3162 0.19 1.07722 0.0942544 1
10.367 0.19 1.07722 0.0942544 1
10.4177 0.19 1.07722 0.0942544 1
10.4685 0.19 1.07722 0.0942544 1
10.5193 0.19 1.07722 0.0942544 1
10.57 0.19 1.07722 0.0942544 1
10.6208 0.19 1.07722 0.0942544 1
10.6408 0.160168 0.897376 0.0788713 0
10.6716 0.19 1.07722 0.0942544 1
10.7223 0.19 1.07722 0.0942544 1
10.7731 0.19 1.07722 0.0942544 1
10.8239 0.19 1.07722 0.0942544 1
10.8746 0.19 1.07722 0.0942544 1
10.9254 0.19 1.07722 0.0942544 1
10.9762 0.19 1.07722 0.0942544 1
11.0269 0.19 1.07722 0.0942544 1
11.0777 0.19 1.07722 0.0942544 1
11.1027 0.164659 0.902279 0.0813713 0
11.1285 0.19 1.07722 0.0942544 1
11.1792 0.19 1.07722 0.0942544 1
11.23 0.19 1.07722 0.0942544 1
11.2808 0.19 1.07722 0.0942544 1
11.3315 0.19 1.07722 0.0942544 1
11.3823 0.19 1.07722 0.0942544 1
11.4331 0.19 1.07722 0.0942544 1
11.4838 0.19 1.07722 0.0942544 1
11.5346 0.19 1.07722 0.0942544 1
11.5646 0.169219 0.924269 0.0838713 0
11.5854 0.19 1.07722 0.0942544 1
11.6361 0.19 1.07722 0.0942544 1
11.6869 0.19 1.07722 0.0942544 1
11.7377 0.19 1.07722 0.0942544 1
11.7884 0.19 1.07722 0.0942544 1
11.8392 0.19 1.07722 0.0942544 1
11.89 0.19 1.07722 0.0942544 1
11.9407 0.19 1.07722 0.0942544 1
11.9915 0.19 1.07722 0.0942544 1
12.0265 0.173921 0.958058 0.0863713 0
12.0423 0.19 1.07722 0.0942544 1
12.093 0.19 1.07722 0.0942544 1
12.1438 0.19 1.07722 0.0942544 1
12.1946 0.19 1.07722 0.0942544 1
12.2453 0.19 1.07722 0.0942544 1
12.2961 0.19 1.07722 0.0942544 1
12.3469 0.19 1.07722 0.0942544 1
12.3976 0.19 1.07722 0.0942544 1
12.4484 0.19 1.07722 0.0942544 1
12.4884 0.17881 0.997705 0.0888713 0
12.4991 0.19 1.07722 0.0942544 1
12.5499 0.19 1.07722 0.0942544 1
12.6007 0.19 1.07722 0.0942544 1
12.6514 0.19 1.07722 0.0942544 1
12.7022 0.19 1.07722 0.0942544 1
12.753 0.19 1.07722 0.0942544 1
12.8037 0.19 1.07722 0.0942544 1
12.8545 0.19 1.07722 0.0942544 1
12.9053 0.19 1.07722 0.0942544 1
12.9503 0.183899 1.03748 0.0913713 0
12.956 0.19 1.07722 0.0942544 1
13.0068 0.19 1.07722 0.0942544 1
13.0576 0.19 1.07722 0.0942544 1
13.1083 0.19 1.07722 0.0942544 1
13.1591 0.19 1.07722 0.0942544 1
13.2099 0.19 1.07722 0.0942544 1
13.2606 0.19 1.07722 0.0942544 1
13.3114 0.19 1.07722 0.0942544 1
13.3622 0.19 1.07722 0.0942544 1
13.4122 0.189176 1.07251 0.0938713 0
13.4129 0.19 1.07722 0.0942544 1
13.4637 0.19 1.07722 0.0942544 1
13.5145 0.19 1.07722 0.0942544 1
13.5652 0.19 1.07722 0.0942544 1
13.616 0.19 1.07722 0.0942544 1
13.6668 0.19 1.07722 0.0942544 1
13.7175 0.19 1.07722 0.0942544 1
13.7683 0.19 1.07722 0.0942544 1
13.8191 0.19 1.07722 0.0942544 1
13.8741 0.19461 1.09924 0.0963713 0
13.8698 0.19 1.07722 0.0942544 1
13.9206 0.19 1.07722 0.0942544 1
13.9714 0.19 1.07722 0.0942544 1
14.0221 0.19 1.07722 0.0942544 1
14.0729 0.19 1.07722 0.0942544 1
14.1237 0.19 1.07722 0.0942544 1
14.1744 0.19 1.07722 0.0942544 1
14.2252 0.19 1.07722 0.0942544 1
14.276 0.19 1.07722 0.0942544 1
14.3267 0.19 1.07722 0.0942544 1
14.3317 0.146111 1.00757 0.0713713 0
14.3775 0.19 1.07722 0.0942544 1
14.4283 0.19 1.07722 0.0942544 1
14.479 0.19 1.07722 0.0942544 1
14.5298 0.19 1.07722 0.0942544 1
14.5806 0.19 1.07722 0.0942544 1
14.6313 0.19 1.07722 0.0942544 1
14.6821 0.19 1.07722 0.0942544 1
14.7329 0.19 1.07722 0.0942544 1
14.7836 0.19 1.07722 0.0942544 1
14.7936 0.151 0.950755 0.0738713 0
14.8344 0.19 1.07722 0.0942544 1
14.8852 0.19 1.07722 0.0942544 1
14.9359 0.19 1.07722 0.0942544 1
14.9867 0.19 1.07722 0.0942544 1
15.0375 0.19 1.07722 0.0942544 1
15.0882 0.19 1.07722 0.0942544 1
15.139 0.19 1.07722 0.0942544 1
15.1898 0.19 1.07722 0.0942544 1
15.2405 0.19 1.07722 0.0942544 1
15.2555 0.155651 0.9132 0.0763713 0
15.2913 0.19 1.07722 0.0942544 1
15.3421 0.19 1.07722 0.0942544 1
15.3928 0.19 1.07722 0.0942544 1
15.4436 0.19 1.07722 0.0942544 1
15.4944 0.19 1.07722 0.0942544 1
15.5451 0.19 1.07722 0.0942544 1
15.5959 0.19 1.07722 0.0942544 1
15.6467 0.19 1.07722 0.0942544 1
15.6974 0.19 1.07722 0.0942544 1
15.7174 0.160168 0.897376 0.0788713 0
15.7482 0.19 1.07722 0.0942544 1
15.7989 0.19 1.07722 0.0942544 1
15.8497 0.19 1.07722 0.0942544 1
15.9005 0.19 1.07722 0.0942544 1
15.9512 0.19 1.07722 0.0942544 1
16.002 0.19 1.07722 0.0942544 1
16.0528 0.19 1.07722 0.0942544 1
16.1035 0.19 1.07722 0.0942544 1
16.1543 0.19 1.07722 0.0942544 1
16.1793 0.164659 0.902279 0.0813713 0
16.2051 0.19 1.07722 0.0942544 1
16.2558 0.19 1.07722 0.0942544 1
16.3066 0.19 1.07722 0.0942544 1
16.3574 0.19 1.07722 0.0942544 1
16.4081 0.19 1.07722 0.0942544 1
16.4589 0.19 1.07722 0.0942544 1
16.5097 0.19 1.07722 0.0942544 1
16.5604 0.19 1.07722 0.0942544 1
16.6112 0.19 1.07722 0.0942544 1
16.6412 0.169219 0.924269 0.0838713 0
16.662 0.19 1.07722 0.0942544 1
16.7127 0.19 1.07722 0.0942544 1
16.7635 0.19 1.07722 0.0942544 1
16.8143 0.19 1.07722 0.0942544 1
16.865 0.19 1.07722 0.0942544 1
16.9158 0.19 1.07722 0.0942544 1
16.9666 0.19 1.07722 0.0942544 1
17.0173 0.19 1.07722 0.0942544 1
17.0681 0.19 1.07722 0.0942544 1
17.1031 0.173921 0.958058 0.0863713 0
17.1189 0.19 1.07722 0.0942544 1
17.1696 0.19 1.07722 0.0942544 1
17.2204 0.19 1.07722 0.0942544 1
17.2712 0.19 1.07722 0.0942544 1
17.3219 0.19 1.07722 0.0942544 1
17.3727 0.19 1.07722 0.0942544 1
17.4235 0.19 1.07722 0.0942544 1
17.4742 0.19 1.07722 0.0942544 1
17.525 0.19 1.07722 0.0942544 1
17.565 0.17881 0.997705 0.0888713 0
17.5758 0.19 1.07722 0.0942544 1
17.6265 0.19 1.07722 0.0942544 1
17.6773 0.19 1.07722 0.0942544 1
17.7281 0.19 1.07722 0.0942544 1
17.7788 0.19 1.07722 0.0942544 1
17.8296 0.19 1.07722 0.0942544 1
17.8804 0.19 1.07722 0.0942544 1
17.9311 0.19 1.07722 0.0942544 1
17.9819 0.19 1.07722 0.0942544 1
18.0269 0.183899 1.03748 0.0913713 0
18.0327 0.19 1.07722 0.0942544 1
18.0834 0.19 1.07722 0.0942544 1
18.1342 0.19 1.07722 0.0942544 1
18.185 0.19 1.07722 0.0942544 1
18.2357 0.19 1.07722 0.0942544 1
18.2865 0.19 1.07722 0.0942544 1
18.3373 0.19 1.07722 0.0942544 1
18.388 0.19 1.07722 0.0942544 1
18.4388 0.19 1.07722 0.0942544 1
18.4888 0.189176 1.07251 0.0938713 0
18.4896 0.19 1.07722 0.0942544 1
18.5403 0.19 1.07722 0.0942544 1
18.5911 0.19 1.07722 0.0942544 1
18.6419 0.19 1.07722 0.0942544 1
18.6926 0.19 1.07722 0.0942544 1
18.7434 0.19 1.07722 0.0942544 1
18.7942 0.19 1.07722 0.0942544 1
18.8449 0.19 1.07722 0.0942544 1
18.8957 0.19 1.07722 0.0942544 1
18.9507 0.19461 1.09924 0.0963713 0
18.9465 0.19 1.07722 0.0942544 1
18.9972 0.19 1.07722 0.0942544 1
19.048 0.19 1.07722 0.0942544 1
19.0988 0.19 1.07722 0.0942544 1
19.1495 0.19 1.07722 0.0942544 1
19.2003 0.19 1.07722 0.0942544 1
19.251 0.19 1.07722 0.0942544 1
19.3018 0.19 1.07722 0.0942544 1
19.3526 0.19 1.07722 0.0942544 1
19.4033 0.19 1.07722 0.0942544 1
19.4083 0.146111 1.00757 0.0713713 0
19.4541 0.19 1.07722 0.0942544 1
19.5049 0.19 1.07722 0.0942544 1
19.5556 0.19 1.07722 0.0942544 1
19.6064 0.19 1.07722 0.0942544 1
19.6572 0.19 1.07722 0.0942544 1
19.7079 0.19 1.07722 0.0942544 1
19.7587 0.19 1.07722 0.0942544 1
19.8095 0.19 1.07722 0.0942544 1
19.8602 0.19 1.07722 0.0942544 1
19.8702 0.151 0.950755 0.0738713 0
19.911 0.19 1.07722 0.0942544 1
19.9618 0.19 1.07722 0.0942544 1
20.0125 0.19 1.07722 0.0942544 1
20.0633 0.19 1.07722 0.0942544 1
20.1141 0.19 1.07722 0.0942544 1
20.1648 0.19 1.07722 0.0942544 1
20.2156 0.19 1.07722 0.0942544 1
20.2664 0.19 1.07722 0.0942544 1
20.3171 0.19 1.07722 0.0942544 1
20.3321 0.155651 0.9132 0.0763713 0
20.3679 0.19 1.07722 0.0942544 1
20.4187 0.19 1.07722 0.0942544 1
20.4694 0.19 1.07722 0.0942544 1
20.5202 0.19 1.07722 0.0942544 1
20.571 0.19 1.07722 0.0942544 1
20.6217 0.19 1.07722 0.0942544 1
20.6725 0.19 1.07722 0.0942544 1
20.7233 0.19 1.07722 0.0942544 1
20.774 0.19 1.07722 0.0942544 1
20.794 0.160168 0.897376 0.0788713 0
20.8248 0.19 1.07722 0.0942544 1
20.8756 0.19 1.07722 0.0942544 1
20.9263 0.19 1.07722 0.0942544 1
20.9771 0.19 1.07722 0.0942544 1
21.0279 0.19 1.07722 0.0942544 1
21.0786 0.19 1.07722 0.0942544 1
21.1294 0.19 1.07722 0.0942544 1
21.1802 0.19 1.07722 0.0942544 1
21.2309 0.19 1.07722 0.0942544 1
21.2559 0.164659 0.902279 0.0813713 0
21.2817 0.19 1.07722 0.0942544 1
21.3325 0.19 1.07722 0.0942544 1
21.3832 0.19 1.07722 0.0942544 1
21.434 0.19 1.07722 0.0942544 1
21.4848 0.19 1.07722 0.0942544 1
21.5355 0.19 1.07722 0.0942544 1
21.5863 0.19 1.07722 0.0942544 1
21.6371 0.19 1.07722 0.0942544 1
21.6878 0.19 1.07722 0.0942544 1
21.7178 0.169219 0.924269 0.0838713 0
21.7386 0.19 1.07722 0.0942544 1
21.7894 0.19 1.07722 0.0942544 1
21.8401 0.19 1.07722 0.0942544 1
21.8909 0.19 1.07722 0.0942544 1
21.9417 0.19 1.07722 0.0942544 1
21.9924 0.19 1.07722 0.0942544 1
22.0432 0.19 1.07722 0.0942544 1
22.094 0.19 1.07722 0.0942544 1
22.1447 0.19 1.07722 0.0942544 1
22.1797 0.173921 0.958058 0.0863713 0
22.1955 0.19 1.07722 0.0942544 1
22.2463 0.19 1.07722 0.0942544 1
22.297 0.19 1.07722 0.0942544 1
22.3478 0.19 1.07722 0.0942544 1
22.3986 0.19 1.07722 0.0942544 1
22.4493 0.19 1.07722 0.0942544 1
22.5001 0.19 1.07722 0.0942544 1
22.5508 0.19 1.07722 0.0942544 1
22.6016 0.19 1.07722 0.0942544 1
22.6416 0.17881 0.997705 0.0888713 0
22.6524 0.19 1.07722 0.0942544 1
22.7031 0.19 1.07722 0.0942544 1
22.7539 0.19 1.07722 0.0942544 1
22.8047 0.19 1.07722 0.0942544 1
22.8554 0.19 1.07722 0.0942544 1
22.9062 0.19 1.07722 0.0942544 1
22.957 0.19 1.07722 0.0942544 1
23.0077 0.19 1.07722 0.0942544 1
23.0585 0.19 1.07722 0.0942544 1
23.1035 0.183899 1.03748 0.0913713 0
23.1093 0.19 1.07722 0.0942544 1
23.16 0.19 1.07722 0.0942544 1
23.2108 0.19 1.07722 0.0942544 1
23.2616 0.19 1.07722 0.0942544 1
23.3123 0.19 1.07722 0.0942544 1
23.3631 0.19 1.07722 0.0942544 1
23.4139 0.19 1.07722 0.0942544 1
23.4646 0.19 1.07722 0.0942544 1
23.5154 0.19 1.07722 0.0942544 1
23.5654 0.189176 1.07251 0.0938713 0
23.5662 0.19 1.07722 0.0942544 1
23.6169 0.19 1.07722 0.0942544 1
23.6677 0.19 1.07722 0.0942544 1
23.7185 0.19 1.07722 0.0942544 1
23.7692 0.19 1.07722 0.0942544 1
23.82 0.19 1.07722 0.0942544 1
23.8708 0.19 1.07722 0.0942544 1
23.9215 0.19 1.07722 0.0942544 1
23.9723 0.19 1.07722 0.0942544 1
24.0273 0.19461 1.09924 0.0963713 0
24.0231 0.19 1.07722 0.0942544 1
24.0738 0.19 1.07722 0.0942544 1
24.1246 0.19 1.07722 0.0942544 1
24.1754 0.19 1.07722 0.0942544 1
24.2261 0.19 1.07722 0.0942544 1
24.2769 0.19 1.07722 0.0942544 1
24.3277 0.19 1.07722 0.0942544 1
24.3784 0.19 1.07722 0.0942544 1
24.4292 0.19 1.07722 0.0942544 1
24.48 0.19 1.07722 0.0942544 1
24.485 0.146111 1.00757 0.0713713 0
24.5307 0.19 1.07722 0.0942544 1
24.5815 0.19 1.07722 0.0942544 1
24.6323 0.19 1.07722 0.0942544 1
24.683 0.19 1.07722 0.0942544 1
24.7338 0.19 1.07722 0.0942544 1
24.7846 0.19 1.07722 0.0942544 1
24.8353 0.19 1.07722 0.0942544 1
24.8861 0.19 1.07722 0.0942544 1
24.9369 0.19 1.07722 0.0942544 1
24.9469 0.151 0.950755 0.0738713 0
24.9876 0.19 1.07722 0.0942544 1
25.0384 0.19 1.07722 0.0942544 1
25.0892 0.19 1.07722 0.0942544 1
25.1399 0.19 1.07722 0.0942544 1
25.1907 0.19 1.07722 0.0942544 1
25.2415 0.19 1.07722 0.0942544 1
25.2922 0.19 1.07722 0.0942544 1
25.343 0.19 1.07722 0.0942544 1
25.3938 0.19 1.07722 0.0942544 1
25.4088 0.155651 0.9132 0.0763713 0
25.4445 0.19 1.07722 0.0942544 1
25.4953 0.19 1.07722 0.0942544 1
25.5461 0.19 1.07722 0.0942544 1
25.5968 0.19 1.07722 0.0942544 1
25.6476 0.19 1.07722 0.0942544 1
25.6984 0.19 1.07722 0.0942544 1
25.7491 0.19 1.07722 0.0942544 1
25.7999 0.19 1.07722 0.0942544 1
25.8506 0.19 1.07722 0.0942544 1
25.8706 0.160168 0.897376 0.0788713 0
25.9014 0.19 1.07722 0.0942544 1
25.9522 0.19 1.07722 0.0942544 1
26.0029 0.19 1.07722 0.0942544 1
26.0537 0.19 1.07722 0.0942544 1
26.1045 0.19 1.07722 0.0942544 1
26.1552 0.19 1.07722 0.0942544 1
26.206 0.19 1.07722 0.0942544 1
26.2568 0.19 1.07722 0.0942544 1
26.3075 0.19 1.07722 0.0942544 1
26.3325 0.164659 0.902279 0.0813713 0
26.3583 0.19 1.07722 0.0942544 1
26.4091 0.19 1.07722 0.0942544 1
26.4598 0.19 1.07722 0.0942544 1
26.5106 0.19 1.07722 0.0942544 1
26.5614 0.19 1.07722 0.0942544 1
26.6121 0.19 1.07722 0.0942544 1
26.6629 0.19 1.07722 0.0942544 1
26.7137 0.19 1.07722 0.0942544 1
26.7644 0.19 1.07722 0.0942544 1
26.7944 0.169219 0.924269 0.0838713 0
26.8152 0.19 1.07722 0.0942544 1
26.866 0.19 1.07722 0.0942544 1
26.9167 0.19 1.07722 0.0942544 1
26.9675 0.19 1.07722 0.0942544 1
27.0183 0.19 1.07722 0.0942544 1
27.069 0.19 1.07722 0.0942544 1
27.1198 0.19 1.07722 0.0942544 1
27.1706 0.19 1.07722 0.0942544 1
27.2213 0.19 1.07722 0.0942544 1
27.2563 0.173921 0.958058 0.0863713 0
27.2721 0.19 1.07722 0.0942544 1
27.3229 0.19 1.07722 0.0942544 1
27.3736 0.19 1.07722 0.0942544 1
27.4244 0.19 1.07722 0.0942544 1
27.4752 0.19 1.07722 0.0942544 1
27.5259 0.19 1.07722 0.0942544 1
27.5767 0.19 1.07722 0.0942544 1
27.6275 0.19 1.07722 0.0942544 1
27.6782 0.19 1.07722 0.0942544 1
27.7182 0.17881 0.997705 0.0888713 0
27.729 0.19 1.07722 0.0942544 1
27.7798 0.19 1.07722 0.0942544 1
27.8305 0.19 1.07722 0.0942544 1
27.8813 0.19 1.07722 0.0942544 1
27.9321 0.19 1.07722 0.0942544 1
27.9828 0.19 1.07722 0.0942544 1
28.0336 0.19 1.07722 0.0942544 1
28.0844 0.19 1.07722 0.0942544 1
28.1351 0.19 1.07722 0.0942544 1
28.1801 0.183899 1.03748 0.0913713 0
28.1859 0.19 1.07722 0.0942544 1
28.2367 0.19 1.07722 0.0942544 1
28.2874 0.19 1.07722 0.0942544 1
28.3382 0.19 1.07722 0.0942544 1
28.389 0.19 1.07722 0.0942544 1
28.4397 0.19 1.07722 0.0942544 1
28.4905 0.19 1.07722 0.0942544 1
28.5413 0.19 1.07722 0.0942544 1
28.592 0.19 1.07722 0.0942544 1
28.642 0.189176 1.07251 0.0938713 0
28.6428 0.19 1.07722 0.0942544 1
28.6936 0.19 1.07722 0.0942544 1
28.7443 0.19 1.07722 0.0942544 1
28.7951 0.19 1.07722 0.0942544 1
28.8459 0.19 1.07722 0.0942544 1
28.8966 0.19 1.07722 0.0942544 1
28.9474 0.19 1.07722 0.0942544 1
28.9982 0.19 1.07722 0.0942544 1
29.0489 0.19 1.07722 0.0942544 1
29.1039 0.19461 1.09924 0.0963713 0
29.0997 0.19 1.07722 0.0942544 1
29.1505 0.19 1.07722 0.0942544 1
29.2012 0.19 1.07722 0.0942544 1
29.252 0.19 1.07722 0.0942544 1
29.3027 0.19 1.07722 0.0942544 1
29.3535 0.19 1.07722 0.0942544 1
29.4043 0.19 1.07722 0.0942544 1
29.455 0.19 1.07722 0.0942544 1
29.5058 0.19 1.07722 0.0942544 1
29.5566 0.19 1.07722 0.0942544 1
29.5616 0.146111 1.00757 0.0713713 0
29.6073 0.19 1.07722 0.0942544 1
29.6581 0.19 1.07722 0.0942544 1
29.7089 0.19 1.07722 0.0942544 1
29.7596 0.19 1.07722 0.0942544 1
29.8104 0.19 1.07722 0.0942544 1
29.8612 0.19 1.07722 0.0942544 1
29.9119 0.19 1.07722 0.0942544 1
29.9627 0.19 1.07722 0.0942544 1
30.0135 0.19 1.07722 0.0942544 1
30.0235 0.151 0.950755 0.0738713 0
30.0642 0.19 1.07722 0.0942544 1
30.115 0.19 1.07722 0.0942544 1
30.1658 0.19 1.07722 0.0942544 1
30.2165 0.19 1.07722 0.0942544 1
30.2673 0.19 1.07722 0.0942544 1
30.3181 0.19 1.07722 0.0942544 1
30.3688 0.19 1.07722 0.0942544 1
30.4196 0.19 1.07722 0.0942544 1
30.4704 0.19 1.07722 0.0942544 1
30.4854 0.155651 0.9132 0.0763713 0
30.5211 0.19 1.07722 0.0942544 1
30.5719 0.19 1.07722 0.0942544 1
30.6227 0.19 1.07722 0.0942544 1
30.6734 0.19 1.07722 0.0942544 1
30.7242 0.19 1.07722 0.0942544 1
30.775 0.19 1.07722 0.0942544 1
30.8257 0.19 1.07722 0.0942544 1
30.8765 0.19 1.07722 0.0942544 1
30.9273 0.19 1.07722 0.0942544 1
30.9473 0.160168 0.897376 0.0788713 0
30.978 0.19 1.07722 0.0942544 1
31.0288 0.19 1.07722 0.0942544 1
31.0796 0.19 1.07722 0.0942544 1
31.1303 0.19 1.07722 0.0942544 1
31.1811 0.19 1.07722 0.0942544 1
31.2319 0.19 1.07722 0.0942544 1
31.2826 0.19 1.07722 0.0942544 1
31.3334 0.19 1.07722 0.0942544 1
31.3842 0.19 1.07722 0.0942544 1
31.4092 0.164659 0.902279 0.0813713 0
31.4349 0.19 1.07722 0.0942544 1
31.4857 0.19 1.07722 0.0942544 1
31.5365 0.19 1.07722 0.0942544 1
31.5872 0.19 1.07722 0.0942544 1
31.638 0.19 1.07722 0.0942544 1
31.6888 0.19 1.07722 0.0942544 1
31.7395 0.19 1.07722 0.0942544 1
31.7903 0.19 1.07722 0.0942544 1
31.8411 0.19 1.07722 0.0942544 1
31.8711 0.169219 0.924269 0.0838713 0
31.8918 0.19 1.07722 0.0942544 1
31.9426 0.19 1.07722 0.0942544 1
31.9934 0.19 1.07722 0.0942544 1
32.0441 0.19 1.07722 0.0942544 1
32.0949 0.19 1.07722 0.0942544 1
32.1457 0.19 1.07722 0.0942544 1
32.1964 0.19 1.07722 0.0942544 1
32.2472 0.19 1.07722 0.0942544 1
32.298 0.19 1.07722 0.0942544 1
32.333 0.173921 0.958058 0.0863713 0
32.3487 0.19 1.07722 0.0942544 1
32.3995 0.19 1.07722 0.0942544 1
32.4503 0.19 1.07722 0.0942544 1
32.501 0.19 1.07722 0.0942544 1
32.5518 0.19 1.07722 0.0942544 1
32.6025 0.19 1.07722 0.0942544 1
32.6533 0.19 1.07722 0.0942544 1
32.7041 0.19 1.07722 0.0942544 1
32.7548 0.19 1.07722 0.0942544 1
32.7948 0.17881 0.997705 0.0888713 0
32.8056 0.19 1.07722 0.0942544 1
32.8564 0.19 1.07722 0.0942544 1
32.9071 0.19 1.07722 0.0942544 1
32.9579 0.19 1.07722 0.0942544 1
33.0087 0.19 1.07722 0.0942544 1
33.0594 0.19 1.07722 0.0942544 1
33.1102 0.19 1.07722 0.0942544 1
33.161 0.19 1.07722 0.0942544 1
33.2117 0.19 1.07722 0.0942544 1
33.2567 0.183899 1.03748 0.0913713 0
33.2625 0.19 1.07722 0.0942544 1
33.3133 0.19 1.07722 0.0942544 1
33.364 0.19 1.07722 0.0942544 1
33.4148 0.19 1.07722 0.0942544 1
33.4656 0.19 1.07722 0.0942544 1
33.5163 0.19 1.07722 0.0942544 1
33.5671 0.19 1.07722 0.0942544 1
33.6179 0.19 1.07722 0.0942544 1
33.6686 0.19 1.07722 0.0942544 1
33.7186 0.189176 1.07251 0.0938713 0
33.7194 0.19 1.07722 0.0942544 1
33.7702 0.19 1.07722 0.0942544 1
33.8209 0.19 1.07722 0.0942544 1
33.8717 0.19 1.07722 0.0942544 1
33.9225 0.19 1.07722 0.0942544 1
33.9732 0.19 1.07722 0.0942544 1
34.024 0.19 1.07722 0.0942544 1
34.0748 0.19 1.07722 0.0942544 1
34.1255 0.19 1.07722 0.0942544 1
34.1805 0.19461 1.09924 0.0963713 0
34.1763 0.19 1.07722 0.0942544 1
34.2271 0.19 1.07722 0.0942544 1
34.2778 0.19 1.07722 0.0942544 1
34.3286 0.19 1.07722 0.0942544 1
34.3794 0.19 1.07722 0.0942544 1
34.4301 0.19 1.07722 0.0942544 1
34.4809 0.19 1.07722 0.0942544 1
34.5317 0.19 1.07722 0.0942544 1
34.5824 0.19 1.07722 0.0942544 1
34.6332 0.19 1.07722 0.0942544 1
34.6382 0.146111 1.00757 0.0713713 0
34.684 0.19 1.07722 0.0942544 1
34.7347 0.19 1.07722 0.0942544 1
34.7855 0.19 1.07722 0.0942544 1
34.8363 0.19 1.07722 0.0942544 1
34.887 0.19 1.07722 0.0942544 1
34.9378 0.19 1.07722 0.0942544 1
34.9886 0.19 1.07722 0.0942544 1
35.0393 0.19 1.07722 0.0942544 1
35.0901 0.19 1.07722 0.0942544 1
35.1001 0.151 0.950755 0.0738713 0
35.1409 0.19 1.07722 0.0942544 1
35.1916 0.19 1.07722 0.0942544 1
35.2424 0.19 1.07722 0.0942544 1
35.2932 0.19 1.07722 0.0942544 1
35.3439 0.19 1.07722 0.0942544 1
35.3947 0.19 1.07722 0.0942544 1
35.4455 0.19 1.07722 0.0942544 1
35.4962 0.19 1.07722 0.0942544 1
35.547 0.19 1.07722 0.0942544 1
35.562 0.155651 0.9132 0.0763713 0
35.5978 0.19 1.07722 0.0942544 1
35.6485 0.19 1.07722 0.0942544 1
35.6993 0.19 1.07722 0.0942544 1
35.7501 0.19 1.07722 0.0942544 1
35.8008 0.19 1.07722 0.0942544 1
35.8516 0.19 1.07722 0.0942544 1
35.9024 0.19 1.07722 0.0942544 1
35.9531 0.19 1.07722 0.0942544 1
36.0039 0.19 1.07722 0.0942544 1
36.0239 0.160168 0.897376 0.0788713 0
36.0546 0.19 1.07722 0.0942544 1
36.1054 0.19 1.07722 0.0942544 1
36.1562 0.19 1.07722 0.0942544 1
36.2069 0.19 1.07722 0.0942544 1
36.2577 0.19 1.07722 0.0942544 1
36.3085 0.19 1.07722 0.0942544 1
36.3592 0.19 1.07722 0.0942544 1
36.41 0.19 1.07722 0.0942544 1
36.4608 0.19 1.07722 0.0942544 1
36.4858 0.164659 0.902279 0.0813713 0
36.5115 0.19 1.07722 0.0942544 1
36.5623 0.19 1.07722 0.0942544 1
36.6131 0.19 1.07722 0.0942544 1
36.6638 0.19 1.07722 0.0942544 1
36.7146 0.19 1.07722 0.0942544 1
36.7654 0.19 1.07722 0.0942544 1
36.8161 0.19 1.07722 0.0942544 1
36.8669 0.19 1.07722 0.0942544 1
36.9177 0.19 1.07722 0.0942544 1
36.9477 0.169219 0.924269 0.0838713 0
36.9684 0.19 1.07722 0.0942544 1
37.0192 0.19 1.07722 0.0942544 1
37.07 0.19 1.07722 0.0942544 1
37.1207 0.19 1.07722 0.0942544 1
37.1715 0.19 1.07722 0.0942544 1
37.2223 0.19 1.07722 0.0942544 1
37.273 0.19 1.07722 0.0942544 1
37.3238 0.19 1.07722 0.0942544 1
37.3746 0.19 1.07722 0.0942544 1
37.4096 0.173921 0.958058 0.0863713 0
37.4253 0.19 1.07722 0.0942544 1
37.4761 0.19 1.07722 0.0942544 1
37.5269 0.19 1.07722 0.0942544 1
37.5776 0.19 1.07722 0.0942544 1
37.6284 0.19 1.07722 0.0942544 1
37.6792 0.19 1.07722 0.0942544 1
37.7299 0.19 1.07722 0.0942544 1
37.7807 0.19 1.07722 0.0942544 1
37.8315 0.19 1.07722 0.0942544 1
37.8715 0.17881 0.997705 0.0888713 0
37.8822 0.19 1.07722 0.0942544 1
37.933 0.19 1.07722 0.0942544 1
37.9838 0.19 1.07722 0.0942544 1
38.0345 0.19 1.07722 0.0942544 1
38.0853 0.19 1.07722 0.0942544 1
38.1361 0.19 1.07722 0.0942544 1
38.1868 0.19 1.07722 0.0942544 1
38.2376 0.19 1.07722 0.0942544 1
38.2884 0.19 1.07722 0.0942544 1
38.3334 0.183899 1.03748 0.0913713 0
38.3391 0.19 1.07722 0.0942544 1
38.3899 0.19 1.07722 0.0942544 1
38.4407 0.19 1.07722 0.0942544 1
38.4914 0.19 1.07722 0.0942544 1
38.5422 0.19 1.07722 0.0942544 1
38.593 0.19 1.07722 0.0942544 1
38.6437 0.19 1.07722 0.0942544 1
38.6945 0.19 1.07722 0.0942544 1
38.7453 0.19 1.07722 0.0942544 1
38.7953 0.189176 1.07251 0.0938713 0
38.796 0.19 1.07722 0.0942544 1
38.8468 0.19 1.07722 0.0942544 1
38.8976 0.19 1.07722 0.0942544 1
38.9483 0.19 1.07722 0.0942544 1
38.9991 0.19 1.07722 0.0942544 1
39.0499 0.19 1.07722 0.0942544 1
39.1006 0.19 1.07722 0.0942544 1
39.1514 0.19 1.07722 0.0942544 1
39.2022 0.19 1.07722 0.0942544 1
39.2572 0.19461 1.09924 0.0963713 0
39.2529 0.19 1.07722 0.0942544 1
39.3037 0.19 1.07722 0.0942544 1
39.3544 0.19 1.07722 0.0942544 1
39.4052 0.19 1.07722 0.0942544 1
39.456 0.19 1.07722 0.0942544 1
39.5067 0.19 1.07722 0.0942544 1
39.5575 0.19 1.07722 0.0942544 1
39.6083 0.19 1.07722 0.0942544 1
39.659 0.19 1.07722 0.0942544 1
39.7098 0.19 1.07722 0.0942544 1
39.7148 0.146111 1.00757 0.0713713 0
39.7606 0.19 1.07722 0.0942544 1
39.8113 0.19 1.07722 0.0942544 1
39.8621 0.19 1.07722 0.0942544 1
39.9129 0.19 1.07722 0.0942544 1
39.9636 0.19 1.07722 0.0942544 1
40.0144 0.19 1.07722 0.0942544 1
40.0652 0.19 1.07722 0.0942544 1
40.1159 0.19 1.07722 0.0942544 1
40.1667 0.19 1.07722 0.0942544 1
40.1767 0.151 0.950755 0.0738713 0
40.2175 0.19 1.07722 0.0942544 1
40.2682 0.19 1.07722 0.0942544 1
40.319 0.19 1.07722 0.0942544 1
40.3698 0.19 1.07722 0.0942544 1
40.4205 0.19 1.07722 0.0942544 1
40.4713 0.19 1.07722 0.0942544 1
40.5221 0.19 1.07722 0.0942544 1
40.5728 0.19 1.07722 0.0942544 1
40.6236 0.19 1.07722 0.0942544 1
40.6386 0.155651 0.9132 0.0763713 0
40.6744 0.19 1.07722 0.0942544 1
40.7251 0.19 1.07722 0.0942544 1
40.7759 0.19 1.07722 0.0942544 1
40.8267 0.19 1.07722 0.0942544 1
40.8774 0.19 1.07722 0.0942544 1
40.9282 0.19 1.07722 0.0942544 1
40.979 0.19 1.07722 0.0942544 1
41.0297 0.19 1.07722 0.0942544 1
41.0805 0.19 1.07722 0.0942544 1
41.1005 0.160168 0.897376 0.0788713 0
41.1313 0.19 1.07722 0.0942544 1
41.182 0.19 1.07722 0.0942544 1
41.2328 0.19 1.07722 0.0942544 1
41.2836 0.19 1.07722 0.0942544 1
41.3343 0.19 1.07722 0.0942544 1
41.3851 0.19 1.07722 0.0942544 1
41.4359 0.19 1.07722 0.0942544 1
41.4866 0.19 1.07722 0.0942544 1
41.5374 0.19 1.07722 0.0942544 1
41.5624 0.164659 0.902279 0.0813713 0
41.5882 0.19 1.07722 0.0942544 1
41.6389 0.19 1.07722 0.0942544 1
41.6897 0.19 1.07722 0.0942544 1
41.7405 0.19 1.07722 0.0942544 1
41.7912 0.19 1.07722 0.0942544 1
41.842 0.19 1.07722 0.0942544 1
41.8928 0.19 1.07722 0.0942544 1
41.9435 0.19 1.07722 0.0942544 1
41.9943 0.19 1.07722 0.0942544 1
42.0243 0.169219 0.924269 0.0838713 0
42.0451 0.19 1.07722 0.0942544 1
42.0958 0.19 1.07722 0.0942544 1
42.1466 0.19 1.07722 0.0942544 1
42.1974 0.19 1.07722 0.0942544 1
42.2481 0.19 1.07722 0.0942544 1
42.2989 0.19 1.07722 0.0942544 1
42.3497 0.19 1.07722 0.0942544 1
42.4004 0.19 1.07722 0.0942544 1
42.4512 0.19 1.07722 0.0942544 1
42.4862 0.173921 0.958058 0.0863713 0
42.502 0.19 1.07722 0.0942544 1
42.5527 0.19 1.07722 0.0942544 1
42.6035 0.19 1.07722 0.0942544 1
42.6543 0.19 1.07722 0.0942544 1
42.705 0.19 1.07722 0.0942544 1
42.7558 0.19 1.07722 0.0942544 1
42.8065 0.19 1.07722 0.0942544 1
42.8573 0.19 1.07722 0.0942544 1
42.9081 0.19 1.07722 0.0942544 1
42.9481 0.17881 0.997705 0.0888713 0
42.9588 0.19 1.07722 0.0942544 1
43.0096 0.19 1.07722 0.0942544 1
43.0604 0.19 1.07722 0.0942544 1
43.1111 0.19 1.07722 0.0942544 1
43.1619 0.19 1.07722 0.0942544 1
43.2127 0.19 1.07722 0.0942544 1
43.2634 0.19 1.07722 0.0942544 1
43.3142 0.19 1.07722 0.0942544 1
43.365 0.19 1.07722 0.0942544 1
43.41 0.183899 1.03748 0.0913713 0
43.4157 0.19 1.07722 0.0942544 1
43.4665 0.19 1.07722 0.0942544 1
43.5173 0.19 1.07722 0.0942544 1
43.568 0.19 1.07722 0.0942544 1
43.6188 0.19 1.07722 0.0942544 1
43.6696 0.19 1.07722 0.0942544 1
43.7203 0.19 1.07722 0.0942544 1
43.7711 0.19 1.07722 0.0942544 1
43.8219 0.19 1.07722 0.0942544 1
43.8719 0.189176 1.07251 0.0938713 0
43.8726 0.19 1.07722 0.0942544 1
43.9234 0.19 1.07722 0.0942544 1
43.9742 0.19 1.07722 0.0942544 1
44.0249 0.19 1.07722 0.0942544 1
44.0757 0.19 1.07722 0.0942544 1
44.1265 0.19 1.07722 0.0942544 1
44.1772 0.19 1.07722 0.0942544 1
44.228 0.19 1.07722 0.0942544 1
44.2788 0.19 1.07722 0.0942544 1
44.3338 0.19461 1.09924 0.0963713 0
44.3295 0.19 1.07722 0.0942544 1
44.3803 0.19 1.07722 0.0942544 1
44.4311 0.19 1.07722 0.0942544 1
44.4818 0.19 1.07722 0.0942544 1
44.5326 0.19 1.07722 0.0942544 1
44.5834 0.19 1.07722 0.0942544 1
44.6341 0.19 1.07722 0.0942544 1
44.6849 0.19 1.07722 0.0942544 1
44.7357 0.19 1.07722 0.0942544 1
44.7864 0.19 1.07722 0.0942544 1
44.7914 0.146111 1.00757 0.0713713 0
44.8372 0.19 1.07722 0.0942544 1
44.888 0.19 1.07722 0.0942544 1
44.9387 0.19 1.07722 0.0942544 1
44.9895 0.19 1.07722 0.0942544 1
45.0403 0.19 1.07722 0.0942544 1
45.091 0.19 1.07722 0.0942544 1
45.1418 0.19 1.07722 0.0942544 1
45.1926 0.19 1.07722 0.0942544 1
45.2433 0.19 1.07722 0.0942544 1
45.2533 0.151 0.950755 0.0738713 0
45.2941 0.19 1.07722 0.0942544 1
45.3449 0.19 1.07722 0.0942544 1
45.3956 0.19 1.07722 0.0942544 1
45.4464 0.19 1.07722 0.0942544 1
45.4972 0.19 1.07722 0.0942544 1
45.5479 0.19 1.07722 0.0942544 1
45.5987 0.19 1.07722 0.0942544 1
45.6495 0.19 1.07722 0.0942544 1
45.7002 0.19 1.07722 0.0942544 1
45.7152 0.155651 0.9132 0.0763713 0
45.751 0.19 1.07722 0.0942544 1
45.8018 0.19 1.07722 0.0942544 1
45.8525 0.19 1.07722 0.0942544 1
45.9033 0.19 1.07722 0.0942544 1
45.9541 0.19 1.07722 0.0942544 1
46.0048 0.19 1.07722 0.0942544 1
46.0556 0.19 1.07722 0.0942544 1
46.1063 0.19 1.07722 0.0942544 1
46.1571 0.19 1.07722 0.0942544 1
46.1771 0.160168 0.897376 0.0788713 0
46.2079 0.19 1.07722 0.0942544 1
46.2586 0.19 1.07722 0.0942544 1
46.3094 0.19 1.07722 0.0942544 1
46.3602 0.19 1.07722 0.0942544 1
46.4109 0.19 1.07722 0.0942544 1
46.4617 0.19 1.07722 0.0942544 1
46.5125 0.19 1.07722 0.0942544 1
46.5632 0.19 1.07722 0.0942544 1
46.614 0.19 1.07722 0.0942544 1
46.639 0.164659 0.902279 0.0813713 0
46.6648 0.19 1.07722 0.0942544 1
46.7155 0.19 1.07722 0.0942544 1
46.7663 0.19 1.07722 0.0942544 1
46.8171 0.19 1.07722 0.0942544 1
46.8678 0.19 1.07722 0.0942544 1
46.9186 0.19 1.07722 0.0942544 1
46.9694 0.19 1.07722 0.0942544 1
47.0201 0.19 1.07722 0.0942544 1
47.0709 0.19 1.07722 0.0942544 1
47.1009 0.169219 0.924269 0.0838713 0
47.1217 0.19 1.07722 0.0942544 1
47.1724 0.19 1.07722 0.0942544 1
47.2232 0.19 1.07722 0.0942544 1
47.274 0.19 1.07722 0.0942544 1
47.3247 0.19 1.07722 0.0942544 1
47.3755 0.19 1.07722 0.0942544 1
47.4263 0.19 1.07722 0.0942544 1
47.477 0.19 1.07722 0.0942544 1
47.5278 0.19 1.07722 0.0942544 1
47.5628 0.173921 0.958058 0.0863713 0
47.5786 0.19 1.07722 0.0942544 1
47.6293 0.19 1.07722 0.0942544 1
47.6801 0.19 1.07722 0.0942544 1
47.7309 0.19 1.07722 0.0942544 1
47.7816 0.19 1.07722 0.0942544 1
47.8324 0.19 1.07722 0.0942544 1
47.8832 0.19 1.07722 0.0942544 1
47.9339 0.19 1.07722 0.0942544 1
47.9847 0.19 1.07722 0.0942544 1
48.0247 0.17881 0.997705 0.0888713 0
48.0355 0.19 1.07722 0.0942544 1
48.0862 0.19 1.07722 0.0942544 1
48.137 0.19 1.07722 0.0942544 1
48.1878 0.19 1.07722 0.0942544 1
48.2385 0.19 1.07722 0.0942544 1
48.2893 0.19 1.07722 0.0942544 1
48.3401 0.19 1.07722 0.0942544 1
48.3908 0.19 1.07722 0.0942544 1
48.4416 0.19 1.07722 0.0942544 1
48.4866 0.183899 1.03748 0.0913713 0
48.4924 0.19 1.07722 0.0942544 1
48.5431 0.19 1.07722 0.0942544 1
48.5939 0.19 1.07722 0.0942544 1
48.6447 0.19 1.07722 0.0942544 1
48.6954 0.19 1.07722 0.0942544 1
48.7462 0.19 1.07722 0.0942544 1
48.797 0.19 1.07722 0.0942544 1
48.8477 0.19 1.07722 0.0942544 1
48.8985 0.19 1.07722 0.0942544 1
48.9485 0.189176 1.07251 0.0938713 0
48.9493 0.19 1.07722 0.0942544 1
49 0.19 1.07722 0.0942544 1
49.0508 0.19 1.07722 0.0942544 1
49.1016 0.19 1.07722 0.0942544 1
49.1523 0.19 1.07722 0.0942544 1
49.2031 0.19 1.07722 0.0942544 1
49.2539 0.19 1.07722 0.0942544 1
49.3046 0.19 1.07722 0.0942544 1
49.3554 0.19 1.07722 0.0942544 1
49.4104 0.19461 1.09924 0.0963713 0
49.4061 0.19 1.07722 0.0942544 1
49.4569 0.19 1.07722 0.0942544 1
49.5077 0.19 1.07722 0.0942544 1
49.5584 0.19 1.07722 0.0942544 1
49.6092 0.19 1.07722 0.0942544 1
49.66 0.19 1.07722 0.0942544 1
49.7107 0.19 1.07722 0.0942544 1
49.7615 0.19 1.07722 0.0942544 1
49.8123 0.19 1.07722 0.0942544 1
49.863 0.19 1.07722 0.0942544 1
49.868 0.146111 1.00757 0.0713713 0
49.9138 0.19 1.07722 0.0942544 1
49.9646 0.19 1.07722 0.0942544 1
0.5 0.5 0.5 0.5 0.5
