t x v M dripped?
0 0 0 0.01 0
0.166119 0.19 0.950784 0.093558 1
0.213128 0.19 1.17329 0.0949652 1
0.266488 0.19 0.984903 0.0939499 1
0.313896 0.19 1.14071 0.0946628 1
0.366333 0.19 1.02439 0.0940434 1
0.415092 0.19 1.12123 0.094485 1
0.467016 0.19 1.0472 0.0941177 1
0.482016 0.156866 0.872646 0.0770226 0
0.51654 0.19 1.10725 0.0943883 1
0.568044 0.19 1.06107 0.094167 1
0.618037 0.19 1.098 0.0943338 1
0.66925 0.19 1.06943 0.0941993 1
0.719524 0.19 1.09209 0.0943022 1
0.770547 0.19 1.07448 0.0942201 1
0.82099 0.19 1.08838 0.0942835 1
0.871892 0.19 1.07754 0.0942333 1
0.922437 0.19 1.08607 0.0942723 1
0.952437 0.169045 0.933884 0.0837656 0
0.973264 0.19 1.07941 0.0942415 1
1.02387 0.19 1.08465 0.0942655 1
1.07465 0.19 1.08055 0.0942466 1
1.1253 0.19 1.08377 0.0942614 1
1.17605 0.19 1.08125 0.0942498 1
1.22671 0.19 1.08322 0.0942588 1
1.27745 0.19 1.08168 0.0942517 1
1.32813 0.19 1.08289 0.0942573 1
1.37885 0.19 1.08194 0.0942529 1
1.41385 0.173893 0.966012 0.0863639 0
1.42954 0.19 1.08268 0.0942564 1
1.48026 0.19 1.0821 0.0942537 1
1.53095 0.19 1.08256 0.0942558 1
1.58166 0.19 1.0822 0.0942541 1
1.63236 0.19 1.08248 0.0942554 1
1.68307 0.19 1.08226 0.0942544 1
1.73377 0.19 1.08243 0.0942552 1
1.78448 0.19 1.0823 0.0942546 1
1.83518 0.19 1.0824 0.0942551 1
1.87518 0.178807 1.00483 0.0888695 0
1.88589 0.19 1.08232 0.0942547 1
1.93659 0.19 1.08239 0.094255 1
1.9873 0.19 1.08234 0.0942547 1
2.038 0.19 1.08238 0.0942549 1
2.08871 0.19 1.08234 0.0942548 1
2.13941 0.19 1.08237 0.0942549 1
2.19012 0.19 1.08235 0.0942548 1
2.24082 0.19 1.08236 0.0942549 1
2.29152 0.19 1.08235 0.0942548 1
2.33652 0.183931 1.04383 0.0913856 0
2.34223 0.19 1.08236 0.0942549 1
2.39293 0.19 1.08235 0.0942548 1
2.44364 0.19 1.08236 0.0942549 1
2.49434 0.19 1.08236 0.0942548 1
2.54505 0.19 1.08236 0.0942549 1
2.59575 0.19 1.08236 0.0942548 1
2.64646 0.19 1.08236 0.0942549 1
2.69716 0.19 1.08236 0.0942548 1
2.74787 0.19 1.08236 0.0942548 1
2.79787 0.189239 1.07812 0.0939005 0
2.79857 0.19 1.08236 0.0942548 1
2.84927 0.19 1.08236 0.0942548 1
2.89998 0.19 1.08236 0.0942548 1
2.95068 0.19 1.08236 0.0942548 1
3.00139 0.19 1.08236 0.0942548 1
3.05209 0.19 1.08236 0.0942548 1
3.1028 0.19 1.08236 0.0942548 1
3.1535 0.19 1.08236 0.0942548 1
3.20421 0.19 1.08236 0.0942548 1
3.25921 0.194699 1.10425 0.0964155 0
3.25491 0.19 1.08236 0.0942548 1
3.30561 0.19 1.08236 0.0942548 1
3.35632 0.19 1.08236 0.0942548 1
3.40702 0.19 1.08236 0.0942548 1
3.45773 0.19 1.08236 0.0942548 1
3.50843 0.19 1.08236 0.0942548 1
3.55914 0.19 1.08236 0.0942548 1
3.60984 0.19 1.08236 0.0942548 1
3.66055 0.19 1.08236 0.0942548 1
3.71125 0.19 1.08236 0.0942548 1
3.71625 0.145827 1.01395 0.0712655 0
3.76195 0.19 1.08236 0.0942548 1
3.81266 0.19 1.08236 0.0942548 1
3.86336 0.19 1.08236 0.0942548 1
3.91407 0.19 1.08236 0.0942548 1
3.96477 0.19 1.08236 0.0942548 1
4.01548 0.19 1.08236 0.0942548 1
4.06618 0.19 1.08236 0.0942548 1
4.11689 0.19 1.08236 0.0942548 1
4.16759 0.19 1.08236 0.0942548 1
4.17759 0.15075 0.958241 0.0737805 0
4.2183 0.19 1.08236 0.0942548 1
4.269 0.19 1.08236 0.0942548 1
4.3197 0.19 1.08236 0.0942548 1
4.37041 0.19 1.08236 0.0942548 1
4.42111 0.19 1.08236 0.0942548 1
4.47182 0.19 1.08236 0.0942548 1
4.52252 0.19 1.08236 0.0942548 1
4.57323 0.19 1.08236 0.0942548 1
4.62393 0.19 1.08236 0.0942548 1
4.63893 0.155441 0.921493 0.0762955 0
4.67464 0.19 1.08236 0.0942548 1
4.72534 0.19 1.08236 0.0942548 1
4.77604 0.19 1.08236 0.0942548 1
4.82675 0.19 1.08236 0.0942548 1
4.87745 0.19 1.08236 0.0942548 1
4.92816 0.19 1.08236 0.0942548 1
4.97886 0.19 1.08236 0.0942548 1
5.02957 0.19 1.08236 0.0942548 1
5.08027 0.19 1.08236 0.0942548 1
5.10027 0.160001 0.906102 0.0788105 0
5.13098 0.19 1.08236 0.0942548 1
5.18168 0.19 1.08236 0.0942548 1
5.23239 0.19 1.08236 0.0942548 1
5.28309 0.19 1.08236 0.0942548 1
5.33379 0.19 1.08236 0.0942548 1
5.3845 0.19 1.08236 0.0942548 1
5.4352 0.19 1.08236 0.0942548 1
5.48591 0.19 1.08236 0.0942548 1
5.53661 0.19 1.08236 0.0942548 1
5.56161 0.164536 0.911051 0.0813255 0
5.58732 0.19 1.08236 0.0942548 1
5.63802 0.19 1.08236 0.0942548 1
5.68873 0.19 1.08236 0.0942548 1
5.73943 0.19 1.08236 0.0942548 1
5.79013 0.19 1.08236 0.0942548 1
5.84084 0.19 1.08236 0.0942548 1
5.89154 0.19 1.08236 0.0942548 1
5.94225 0.19 1.08236 0.0942548 1
5.99295 0.19 1.08236 0.0942548 1
6.02295 0.16914 0.932735 0.0838405 0
6.04366 0.19 1.08236 0.0942548 1
6.09436 0.19 1.08236 0.0942548 1
6.14507 0.19 1.08236 0.0942548 1
6.19577 0.19 1.08236 0.0942548 1
6.24648 0.19 1.08236 0.0942548 1
6.29718 0.19 1.08236 0.0942548 1
6.34788 0.19 1.08236 0.0942548 1
6.39859 0.19 1.08236 0.0942548 1
6.44929 0.19 1.08236 0.0942548 1
6.48429 0.173883 0.965947 0.0863555 0
6.5 0.19 1.08236 0.0942548 1
6.5507 0.19 1.08236 0.0942548 1
6.60141 0.19 1.08236 0.0942548 1
6.65211 0.19 1.08236 0.0942548 1
6.70282 0.19 1.08236 0.0942548 1
6.75352 0.19 1.08236 0.0942548 1
6.80422 0.19 1.08236 0.0942548 1
6.85493 0.19 1.08236 0.0942548 1
6.90563 0.19 1.08236 0.0942548 1
6.94563 0.178809 1.00485 0.0888705 0
6.95634 0.19 1.08236 0.0942548 1
7.00704 0.19 1.08236 0.0942548 1
7.05775 0.19 1.08236 0.0942548 1
7.10845 0.19 1.08236 0.0942548 1
7.15916 0.19 1.08236 0.0942548 1
7.20986 0.19 1.08236 0.0942548 1
7.26057 0.19 1.08236 0.0942548 1
7.31127 0.19 1.08236 0.0942548 1
7.36197 0.19 1.08236 0.0942548 1
7.40697 0.183931 1.04383 0.0913855 0
7.41268 0.19 1.08236 0.0942548 1
7.46338 0.19 1.08236 0.0942548 1
7.51409 0.19 1.08236 0.0942548 1
7.56479 0.19 1.08236 0.0942548 1
7.6155 0.19 1.08236 0.0942548 1
7.6662 0.19 1.08236 0.0942548 1
7.71691 0.19 1.08236 0.0942548 1
7.76761 0.19 1.08236 0.0942548 1
7.81831 0.19 1.08236 0.0942548 1
7.86831 0.189239 1.07812 0.0939005 0
7.86902 0.19 1.08236 0.0942548 1
7.91972 0.19 1.08236 0.0942548 1
7.97043 0.19 1.08236 0.0942548 1
8.02113 0.19 1.08236 0.0942548 1
8.07184 0.19 1.08236 0.0942548 1
8.12254 0.19 1.08236 0.0942548 1
8.17325 0.19 1.08236 0.0942548 1
8.22395 0.19 1.08236 0.0942548 1
8.27466 0.19 1.08236 0.0942548 1
8.32966 0.194699 1.10425 0.0964155 0
8.32536 0.19 1.08236 0.0942548 1
8.37606 0.19 1.08236 0.0942548 1
8.42677 0.19 1.08236 0.0942548 1
8.47747 0.19 1.08236 0.0942548 1
8.52818 0.19 1.08236 0.0942548 1
8.57888 0.19 1.08236 0.0942548 1
8.62959 0.19 1.08236 0.0942548 1
8.68029 0.19 1.08236 0.0942548 1
8.731 0.19 1.08236 0.0942548 1
8.7817 0.19 1.08236 0.0942548 1
8.7867 0.145827 1.01395 0.0712655 0
8.8324 0.19 1.08236 0.0942548 1
8.88311 0.19 1.08236 0.0942548 1
8.93381 0.19 1.08236 0.0942548 1
8.98452 0.19 1.08236 0.0942548 1
9.03522 0.19 1.08236 0.0942548 1
9.08593 0.19 1.08236 0.0942548 1
9.13663 0.19 1.08236 0.0942548 1
9.18734 0.19 1.08236 0.0942548 1
9.23804 0.19 1.08236 0.0942548 1
9.24804 0.15075 0.958241 0.0737805 0
9.28875 0.19 1.08236 0.0942548 1
9.33945 0.19 1.08236 0.0942548 1
9.39015 0.19 1.08236 0.0942548 1
9.44086 0.19 1.08236 0.0942548 1
9.49156 0.19 1.08236 0.0942548 1
9.54227 0.19 1.08236 0.0942548 1
9.59297 0.19 1.08236 0.0942548 1
9.64368 0.19 1.08236 0.0942548 1
9.69438 0.19 1.08236 0.0942548 1
9.70938 0.155441 0.921493 0.0762955 0
9.74509 0.19 1.08236 0.0942548 1
9.79579 0.19 1.08236 0.0942548 1
9.84649 0.19 1.08236 0.0942548 1
9.8972 0.19 1.08236 0.0942548 1
9.9479 0.19 1.08236 0.0942548 1
9.99861 0.19 1.08236 0.0942548 1
10.0493 0.19 1.08236 0.0942548 1
10.1 0.19 1.08236 0.0942548 1
10.1507 0.19 1.08236 0.0942548 1
10.1707 0.160001 0.906102 0.0788105 0
10.2014 0.19 1.08236 0.0942548 1
10.2521 0.19 1.08236 0.0942548 1
10.3028 0.19 1.08236 0.0942548 1
10.3535 0.19 1.08236 0.0942548 1
10.4042 0.19 1.08236 0.0942548 1
10.4549 0.19 1.08236 0.0942548 1
10.5057 0.19 1.08236 0.0942548 1
10.5564 0.19 1.08236 0.0942548 1
10.6071 0.19 1.08236 0.0942548 1
10.6321 0.164536 0.911051 0.0813255 0
10.6578 0.19 1.08236 0.0942548 1
10.7085 0.19 1.08236 0.0942548 1
10.7592 0.19 1.08236 0.0942548 1
10.8099 0.19 1.08236 0.0942548 1
10.8606 0.19 1.08236 0.0942548 1
10.9113 0.19 1.08236 0.0942548 1
10.962 0.19 1.08236 0.0942548 1
11.0127 0.19 1.08236 0.0942548 1
11.0634 0.19 1.08236 0.0942548 1
11.0934 0.16914 0.932735 0.0838405 0
11.1141 0.19 1.08236 0.0942548 1
11.1648 0.19 1.08236 0.0942548 1
11.2155 0.19 1.08236 0.0942548 1
11.2662 0.19 1.08236 0.0942548 1
11.3169 0.19 1.08236 0.0942548 1
11.3676 0.19 1.08236 0.0942548 1
11.4183 0.19 1.08236 0.0942548 1
11.469 0.19 1.08236 0.0942548 1
11.5197 0.19 1.08236 0.0942548 1
11.5547 0.173883 0.965947 0.0863555 0
11.5704 0.19 1.08236 0.0942548 1
11.6212 0.19 1.08236 0.0942548 1
11.6719 0.19 1.08236 0.0942548 1
11.7226 0.19 1.08236 0.0942548 1
11.7733 0.19 1.08236 0.0942548 1
11.824 0.19 1.08236 0.0942548 1
11.8747 0.19 1.08236 0.0942548 1
11.9254 0.19 1.08236 0.0942548 1
11.9761 0.19 1.08236 0.0942548 1
12.0161 0.178809 1.00485 0.0888705 0
12.0268 0.19 1.08236 0.0942548 1
12.0775 0.19 1.08236 0.0942548 1
12.1282 0.19 1.08236 0.0942548 1
12.1789 0.19 1.08236 0.0942548 1
12.2296 0.19 1.08236 0.0942548 1
12.2803 0.19 1.08236 0.0942548 1
12.331 0.19 1.08236 0.0942548 1
12.3817 0.19 1.08236 0.0942548 1
12.4324 0.19 1.08236 0.0942548 1
12.4774 0.183931 1.04383 0.0913855 0
12.4831 0.19 1.08236 0.0942548 1
12.5338 0.19 1.08236 0.0942548 1
12.5845 0.19 1.08236 0.0942548 1
12.6352 0.19 1.08236 0.0942548 1
12.6859 0.19 1.08236 0.0942548 1
12.7367 0.19 1.08236 0.0942548 1
12.7874 0.19 1.08236 0.0942548 1
12.8381 0.19 1.08236 0.0942548 1
12.8888 0.19 1.08236 0.0942548 1
12.9388 0.189239 1.07812 0.0939005 0
12.9395 0.19 1.08236 0.0942548 1
12.9902 0.19 1.08236 0.0942548 1
13.0409 0.19 1.08236 0.0942548 1
13.0916 0.19 1.08236 0.0942548 1
13.1423 0.19 1.08236 0.0942548 1
13.193 0.19 1.08236 0.0942548 1
13.2437 0.19 1.08236 0.0942548 1
13.2944 0.19 1.08236 0.0942548 1
13.3451 0.19 1.08236 0.0942548 1
13.4001 0.194699 1.10425 0.0964155 0
13.3958 0.19 1.08236 0.0942548 1
13.4465 0.19 1.08236 0.0942548 1
13.4972 0.19 1.08236 0.0942548 1
13.5479 0.19 1.08236 0.0942548 1
13.5986 0.19 1.08236 0.0942548 1
13.6493 0.19 1.08236 0.0942548 1
13.7 0.19 1.08236 0.0942548 1
13.7507 0.19 1.08236 0.0942548 1
13.8014 0.19 1.08236 0.0942548 1
13.8521 0.19 1.08236 0.0942548 1
13.8571 0.145827 1.01395 0.0712655 0
13.9029 0.19 1.08236 0.0942548 1
13.9536 0.19 1.08236 0.0942548 1
14.0043 0.19 1.08236 0.0942548 1
14.055 0.19 1.08236 0.0942548 1
14.1057 0.19 1.08236 0.0942548 1
14.1564 0.19 1.08236 0.0942548 1
14.2071 0.19 1.08236 0.0942548 1
14.2578 0.19 1.08236 0.0942548 1
14.3085 0.19 1.08236 0.0942548 1
14.3185 0.15075 0.958241 0.0737805 0
14.3592 0.19 1.08236 0.0942548 1
14.4099 0.19 1.08236 0.0942548 1
14.4606 0.19 1.08236 0.0942548 1
14.5113 0.19 1.08236 0.0942548 1
14.562 0.19 1.08236 0.0942548 1
14.6127 0.19 1.08236 0.0942548 1
14.6634 0.19 1.08236 0.0942548 1
14.7141 0.19 1.08236 0.0942548 1
14.7648 0.19 1.08236 0.0942548 1
14.7798 0.155441 0.921493 0.0762955 0
14.8155 0.19 1.08236 0.0942548 1
14.8662 0.19 1.08236 0.0942548 1
14.9169 0.19 1.08236 0.0942548 1
14.9676 0.19 1.08236 0.0942548 1
15.0184 0.19 1.08236 0.0942548 1
15.0691 0.19 1.08236 0.0942548 1
15.1198 0.19 1.08236 0.0942548 1
15.1705 0.19 1.08236 0.0942548 1
15.2212 0.19 1.08236 0.0942548 1
15.2412 0.160001 0.906102 0.0788105 0
15.2719 0.19 1.08236 0.0942548 1
15.3226 0.19 1.08236 0.0942548 1
15.3733 0.19 1.08236 0.0942548 1
15.424 0.19 1.08236 0.0942548 1
15.4747 0.19 1.08236 0.0942548 1
15.5254 0.19 1.08236 0.0942548 1
15.5761 0.19 1.08236 0.0942548 1
15.6268 0.19 1.08236 0.0942548 1
15.6775 0.19 1.08236 0.0942548 1
15.7025 0.164536 0.911051 0.0813255 0
15.7282 0.19 1.08236 0.0942548 1
15.7789 0.19 1.08236 0.0942548 1
15.8296 0.19 1.08236 0.0942548 1
15.8803 0.19 1.08236 0.0942548 1
15.931 0.19 1.08236 0.0942548 1
15.9817 0.19 1.08236 0.0942548 1
16.0324 0.19 1.08236 0.0942548 1
16.0831 0.19 1.08236 0.0942548 1
16.1339 0.19 1.08236 0.0942548 1
16.1639 0.16914 0.932735 0.0838405 0
16.1846 0.19 1.08236 0.0942548 1
16.2353 0.19 1.08236 0.0942548 1
16.286 0.19 1.08236 0.0942548 1
16.3367 0.19 1.08236 0.0942548 1
16.3874 0.19 1.08236 0.0942548 1
16.4381 0.19 1.08236 0.0942548 1
16.4888 0.19 1.08236 0.0942548 1
16.5395 0.19 1.08236 0.0942548 1
16.5902 0.19 1.08236 0.0942548 1
16.6252 0.173883 0.965947 0.0863555 0
16.6409 0.19 1.08236 0.0942548 1
16.6916 0.19 1.08236 0.0942548 1
16.7423 0.19 1.08236 0.0942548 1
16.793 0.19 1.08236 0.0942548 1
16.8437 0.19 1.08236 0.0942548 1
16.8944 0.19 1.08236 0.0942548 1
16.9451 0.19 1.08236 0.0942548 1
16.9958 0.19 1.08236 0.0942548 1
17.0465 0.19 1.08236 0.0942548 1
17.0865 0.178809 1.00485 0.0888705 0
17.0972 0.19 1.08236 0.0942548 1
17.1479 0.19 1.08236 0.0942548 1
17.1986 0.19 1.08236 0.0942548 1
17.2494 0.19 1.08236 0.0942548 1
17.3001 0.19 1.08236 0.0942548 1
17.3508 0.19 1.08236 0.0942548 1
17.4015 0.19 1.08236 0.0942548 1
17.4522 0.19 1.08236 0.0942548 1
17.5029 0.19 1.08236 0.0942548 1
17.5479 0.183931 1.04383 0.0913855 0
17.5536 0.19 1.08236 0.0942548 1
17.6043 0.19 1.08236 0.0942548 1
17.655 0.19 1.08236 0.0942548 1
17.7057 0.19 1.08236 0.0942548 1
17.7564 0.19 1.08236 0.0942548 1
17.8071 0.19 1.08236 0.0942548 1
17.8578 0.19 1.08236 0.0942548 1
17.9085 0.19 1.08236 0.0942548 1
17.9592 0.19 1.08236 0.0942548 1
18.0092 0.189239 1.07812 0.0939005 0
18.0099 0.19 1.08236 0.0942548 1
18.0606 0.19 1.08236 0.0942548 1
18.1113 0.19 1.08236 0.0942548 1
18.162 0.19 1.08236 0.0942548 1
18.2127 0.19 1.08236 0.0942548 1
18.2634 0.19 1.08236 0.0942548 1
18.3141 0.19 1.08236 0.0942548 1
18.3648 0.19 1.08236 0.0942548 1
18.4156 0.19 1.08236 0.0942548 1
18.4706 0.194699 1.10425 0.0964155 0
18.4663 0.19 1.08236 0.0942548 1
18.517 0.19 1.08236 0.0942548 1
18.5677 0.19 1.08236 0.0942548 1
18.6184 0.19 1.08236 0.0942548 1
18.6691 0.19 1.08236 0.0942548 1
18.7198 0.19 1.08236 0.0942548 1
18.7705 0.19 1.08236 0.0942548 1
18.8212 0.19 1.08236 0.0942548 1
18.8719 0.19 1.08236 0.0942548 1
18.9226 0.19 1.08236 0.0942548 1
18.9276 0.145827 1.01395 0.0712655 0
18.9733 0.19 1.08236 0.0942548 1
19.024 0.19 1.08236 0.0942548 1
19.0747 0.19 1.08236 0.0942548 1
19.1254 0.19 1.08236 0.0942548 1
19.1761 0.19 1.08236 0.0942548 1
19.2268 0.19 1.08236 0.0942548 1
19.2775 0.19 1.08236 0.0942548 1
19.3282 0.19 1.08236 0.0942548 1
19.3789 0.19 1.08236 0.0942548 1
19.3889 0.15075 0.958241 0.0737805 0
19.4296 0.19 1.08236 0.0942548 1
19.4803 0.19 1.08236 0.0942548 1
19.5311 0.19 1.08236 0.0942548 1
19.5818 0.19 1.08236 0.0942548 1
19.6325 0.19 1.08236 0.0942548 1
19.6832 0.19 1.08236 0.0942548 1
19.7339 0.19 1.08236 0.0942548 1
19.7846 0.19 1.08236 0.0942548 1
19.8353 0.19 1.08236 0.0942548 1
19.8503 0.155441 0.921493 0.0762955 0
19.886 0.19 1.08236 0.0942548 1
19.9367 0.19 1.08236 0.0942548 1
19.9874 0.19 1.08236 0.0942548 1
20.0381 0.19 1.08236 0.0942548 1
20.0888 0.19 1.08236 0.0942548 1
20.1395 0.19 1.08236 0.0942548 1
20.1902 0.19 1.08236 0.0942548 1
20.2409 0.19 1.08236 0.0942548 1
20.2916 0.19 1.08236 0.0942548 1
20.3116 0.160001 0.906102 0.0788105 0
20.3423 0.19 1.08236 0.0942548 1
20.393 0.19 1.08236 0.0942548 1
20.4437 0.19 1.08236 0.0942548 1
20.4944 0.19 1.08236 0.0942548 1
20.5451 0.19 1.08236 0.0942548 1
20.5958 0.19 1.08236 0.0942548 1
20.6466 0.19 1.08236 0.0942548 1
20.6973 0.19 1.08236 0.0942548 1
20.748 0.19 1.08236 0.0942548 1
20.773 0.164536 0.911051 0.0813255 0
20.7987 0.19 1.08236 0.0942548 1
20.8494 0.19 1.08236 0.0942548 1
20.9001 0.19 1.08236 0.0942548 1
20.9508 0.19 1.08236 0.0942548 1
21.0015 0.19 1.08236 0.0942548 1
21.0522 0.19 1.08236 0.0942548 1
21.1029 0.19 1.08236 0.0942548 1
21.1536 0.19 1.08236 0.0942548 1
21.2043 0.19 1.08236 0.0942548 1
21.2343 0.16914 0.932735 0.0838405 0
21.255 0.19 1.08236 0.0942548 1
21.3057 0.19 1.08236 0.0942548 1
21.3564 0.19 1.08236 0.0942548 1
21.4071 0.19 1.08236 0.0942548 1
21.4578 0.19 1.08236 0.0942548 1
21.5085 0.19 1.08236 0.0942548 1
21.5592 0.19 1.08236 0.0942548 1
21.6099 0.19 1.08236 0.0942548 1
21.6606 0.19 1.08236 0.0942548 1
21.6956 0.173883 0.965947 0.0863555 0
21.7113 0.19 1.08236 0.0942548 1
21.7621 0.19 1.08236 0.0942548 1
21.8128 0.19 1.08236 0.0942548 1
21.8635 0.19 1.08236 0.0942548 1
21.9142 0.19 1.08236 0.0942548 1
21.9649 0.19 1.08236 0.0942548 1
22.0156 0.19 1.08236 0.0942548 1
22.0663 0.19 1.08236 0.0942548 1
22.117 0.19 1.08236 0.0942548 1
22.157 0.178809 1.00485 0.0888705 0
22.1677 0.19 1.08236 0.0942548 1
22.2184 0.19 1.08236 0.0942548 1
22.2691 0.19 1.08236 0.0942548 1
22.3198 0.19 1.08236 0.0942548 1
22.3705 0.19 1.08236 0.0942548 1
22.4212 0.19 1.08236 0.0942548 1
22.4719 0.19 1.08236 0.0942548 1
22.5226 0.19 1.08236 0.0942548 1
22.5733 0.19 1.08236 0.0942548 1
22.6183 0.183931 1.04383 0.0913855 0
22.624 0.19 1.08236 0.0942548 1
22.6747 0.19 1.08236 0.0942548 1
22.7254 0.19 1.08236 0.0942548 1
22.7761 0.19 1.08236 0.0942548 1
22.8268 0.19 1.08236 0.0942548 1
22.8775 0.19 1.08236 0.0942548 1
22.9283 0.19 1.08236 0.0942548 1
22.979 0.19 1.08236 0.0942548 1
23.0297 0.19 1.08236 0.0942548 1
23.0797 0.189239 1.07812 0.0939005 0
23.0804 0.19 1.08236 0.0942548 1
23.1311 0.19 1.08236 0.0942548 1
23.1818 0.19 1.08236 0.0942548 1
23.2325 0.19 1.08236 0.0942548 1
23.2832 0.19 1.08236 0.0942548 1
23.3339 0.19 1.08236 0.0942548 1
23.3846 0.19 1.08236 0.0942548 1
23.4353 0.19 1.08236 0.0942548 1
23.486 0.19 1.08236 0.0942548 1
23.541 0.194699 1.10425 0.0964155 0
23.5367 0.19 1.08236 0.0942548 1
23.5874 0.19 1.08236 0.0942548 1
23.6381 0.19 1.08236 0.0942548 1
23.6888 0.19 1.08236 0.0942548 1
23.7395 0.19 1.08236 0.0942548 1
23.7902 0.19 1.08236 0.0942548 1
23.8409 0.19 1.08236 0.0942548 1
23.8916 0.19 1.08236 0.0942548 1
23.9423 0.19 1.08236 0.0942548 1
23.993 0.19 1.08236 0.0942548 1
23.998 0.145827 1.01395 0.0712655 0
24.0438 0.19 1.08236 0.0942548 1
24.0945 0.19 1.08236 0.0942548 1
24.1452 0.19 1.08236 0.0942548 1
24.1959 0.19 1.08236 0.0942548 1
24.2466 0.19 1.08236 0.0942548 1
24.2973 0.19 1.08236 0.0942548 1
24.348 0.19 1.08236 0.0942548 1
24.3987 0.19 1.08236 0.0942548 1
24.4494 0.19 1.08236 0.0942548 1
24.4594 0.15075 0.958241 0.0737805 0
24.5001 0.19 1.08236 0.0942548 1
24.5508 0.19 1.08236 0.0942548 1
24.6015 0.19 1.08236 0.0942548 1
24.6522 0.19 1.08236 0.0942548 1
24.7029 0.19 1.08236 0.0942548 1
24.7536 0.19 1.08236 0.0942548 1
24.8043 0.19 1.08236 0.0942548 1
24.855 0.19 1.08236 0.0942548 1
24.9057 0.19 1.08236 0.0942548 1
24.9207 0.155441 0.921493 0.0762955 0
24.9564 0.19 1.08236 0.0942548 1
25.0071 0.19 1.08236 0.0942548 1
25.0578 0.19 1.08236 0.0942548 1
25.1085 0.19 1.08236 0.0942548 1
25.1593 0.19 1.08236 0.0942548 1
25.21 0.19 1.08236 0.0942548 1
25.2607 0.19 1.08236 0.0942548 1
25.3114 0.19 1.08236 0.0942548 1
25.3621 0.19 1.08236 0.0942548 1
25.3821 0.160001 0.906102 0.0788105 0
25.4128 0.19 1.08236 0.0942548 1
25.4635 0.19 1.08236 0.0942548 1
25.5142 0.19 1.08236 0.0942548 1
25.5649 0.19 1.08236 0.0942548 1
25.6156 0.19 1.08236 0.0942548 1
25.6663 0.19 1.08236 0.0942548 1
25.717 0.19 1.08236 0.0942548 1
25.7677 0.19 1.08236 0.0942548 1
25.8184 0.19 1.08236 0.0942548 1
25.8434 0.164536 0.911051 0.0813255 0
25.8691 0.19 1.08236 0.0942548 1
25.9198 0.19 1.08236 0.0942548 1
25.9705 0.19 1.08236 0.0942548 1
26.0212 0.19 1.08236 0.0942548 1
26.0719 0.19 1.08236 0.0942548 1
26.1226 0.19 1.08236 0.0942548 1
26.1733 0.19 1.08236 0.0942548 1
26.224 0.19 1.08236 0.0942548 1
26.2748 0.19 1.08236 0.0942548 1
26.3048 0.16914 0.932735 0.0838405 0
26.3255 0.19 1.08236 0.0942548 1
26.3762 0.19 1.08236 0.0942548 1
26.4269 0.19 1.08236 0.0942548 1
26.4776 0.19 1.08236 0.0942548 1
26.5283 0.19 1.08236 0.0942548 1
26.579 0.19 1.08236 0.0942548 1
26.6297 0.19 1.08236 0.0942548 1
26.6804 0.19 1.08236 0.0942548 1
26.7311 0.19 1.08236 0.0942548 1
26.7661 0.173883 0.965947 0.0863555 0
26.7818 0.19 1.08236 0.0942548 1
26.8325 0.19 1.08236 0.0942548 1
26.8832 0.19 1.08236 0.0942548 1
26.9339 0.19 1.08236 0.0942548 1
26.9846 0.19 1.08236 0.0942548 1
27.0353 0.19 1.08236 0.0942548 1
27.086 0.19 1.08236 0.0942548 1
27.1367 0.19 1.08236 0.0942548 1
27.1874 0.19 1.08236 0.0942548 1
27.2274 0.178809 1.00485 0.0888705 0
27.2381 0.19 1.08236 0.0942548 1
27.2888 0.19 1.08236 0.0942548 1
27.3395 0.19 1.08236 0.0942548 1
27.3903 0.19 1.08236 0.0942548 1
27.441 0.19 1.08236 0.0942548 1
27.4917 0.19 1.08236 0.0942548 1
27.5424 0.19 1.08236 0.0942548 1
27.5931 0.19 1.08236 0.0942548 1
27.6438 0.19 1.08236 0.0942548 1
27.6888 0.183931 1.04383 0.0913855 0
27.6945 0.19 1.08236 0.0942548 1
27.7452 0.19 1.08236 0.0942548 1
27.7959 0.19 1.08236 0.0942548 1
27.8466 0.19 1.08236 0.0942548 1
27.8973 0.19 1.08236 0.0942548 1
27.948 0.19 1.08236 0.0942548 1
27.9987 0.19 1.08236 0.0942548 1
28.0494 0.19 1.08236 0.0942548 1
28.1001 0.19 1.08236 0.0942548 1
28.1501 0.189239 1.07812 0.0939005 0
28.1508 0.19 1.08236 0.0942548 1
28.2015 0.19 1.08236 0.0942548 1
28.2522 0.19 1.08236 0.0942548 1
28.3029 0.19 1.08236 0.0942548 1
28.3536 0.19 1.08236 0.0942548 1
28.4043 0.19 1.08236 0.0942548 1
28.455 0.19 1.08236 0.0942548 1
28.5057 0.19 1.08236 0.0942548 1
28.5565 0.19 1.08236 0.0942548 1
28.6115 0.194699 1.10425 0.0964155 0
28.6072 0.19 1.08236 0.0942548 1
28.6579 0.19 1.08236 0.0942548 1
28.7086 0.19 1.08236 0.0942548 1
28.7593 0.19 1.08236 0.0942548 1
28.81 0.19 1.08236 0.0942548 1
28.8607 0.19 1.08236 0.0942548 1
28.9114 0.19 1.08236 0.0942548 1
28.9621 0.19 1.08236 0.0942548 1
29.0128 0.19 1.08236 0.0942548 1
29.0635 0.19 1.08236 0.0942548 1
29.0685 0.145827 1.01395 0.0712655 0
29.1142 0.19 1.08236 0.0942548 1
29.1649 0.19 1.08236 0.0942548 1
29.2156 0.19 1.08236 0.0942548 1
29.2663 0.19 1.08236 0.0942548 1
29.317 0.19 1.08236 0.0942548 1
29.3677 0.19 1.08236 0.0942548 1
29.4184 0.19 1.08236 0.0942548 1
29.4691 0.19 1.08236 0.0942548 1
29.5198 0.19 1.08236 0.0942548 1
29.5298 0.15075 0.958241 0.0737805 0
29.5705 0.19 1.08236 0.0942548 1
29.6212 0.19 1.08236 0.0942548 1
29.672 0.19 1.08236 0.0942548 1
29.7227 0.19 1.08236 0.0942548 1
29.7734 0.19 1.08236 0.0942548 1
29.8241 0.19 1.08236 0.0942548 1
29.8748 0.19 1.08236 0.0942548 1
29.9255 0.19 1.08236 0.0942548 1
29.9762 0.19 1.08236 0.0942548 1
29.9912 0.155441 0.921493 0.0762955 0
30.0269 0.19 1.08236 0.0942548 1
30.0776 0.19 1.08236 0.0942548 1
30.1283 0.19 1.08236 0.0942548 1
30.179 0.19 1.08236 0.0942548 1
30.2297 0.19 1.08236 0.0942548 1
30.2804 0.19 1.08236 0.0942548 1
30.3311 0.19 1.08236 0.0942548 1
30.3818 0.19 1.08236 0.0942548 1
30.4325 0.19 1.08236 0.0942548 1
30.4525 0.160001 0.906102 0.0788105 0
30.4832 0.19 1.08236 0.0942548 1
30.5339 0.19 1.08236 0.0942548 1
30.5846 0.19 1.08236 0.0942548 1
30.6353 0.19 1.08236 0.0942548 1
30.686 0.19 1.08236 0.0942548 1
30.7367 0.19 1.08236 0.0942548 1
30.7875 0.19 1.08236 0.0942548 1
30.8382 0.19 1.08236 0.0942548 1
30.8889 0.19 1.08236 0.0942548 1
30.9139 0.164536 0.911051 0.0813255 0
30.9396 0.19 1.08236 0.0942548 1
30.9903 0.19 1.08236 0.0942548 1
31.041 0.19 1.08236 0.0942548 1
31.0917 0.19 1.08236 0.0942548 1
31.1424 0.19 1.08236 0.0942548 1
31.1931 0.19 1.08236 0.0942548 1
31.2438 0.19 1.08236 0.0942548 1
31.2945 0.19 1.08236 0.0942548 1
31.3452 0.19 1.08236 0.0942548 1
31.3752 0.16914 0.932735 0.0838405 0
31.3959 0.19 1.08236 0.0942548 1
31.4466 0.19 1.08236 0.0942548 1
31.4973 0.19 1.08236 0.0942548 1
31.548 0.19 1.08236 0.0942548 1
31.5987 0.19 1.08236 0.0942548 1
31.6494 0.19 1.08236 0.0942548 1
31.7001 0.19 1.08236 0.0942548 1
31.7508 0.19 1.08236 0.0942548 1
31.8015 0.19 1.08236 0.0942548 1
31.8365 0.173883 0.965947 0.0863555 0
31.8522 0.19 1.08236 0.0942548 1
31.903 0.19 1.08236 0.0942548 1
31.9537 0.19 1.08236 0.0942548 1
32.0044 0.19 1.08236 0.0942548 1
32.0551 0.19 1.08236 0.0942548 1
32.1058 0.19 1.08236 0.0942548 1
32.1565 0.19 1.08236 0.0942548 1
32.2072 0.19 1.08236 0.0942548 1
32.2579 0.19 1.08236 0.0942548 1
32.2979 0.178809 1.00485 0.0888705 0
32.3086 0.19 1.08236 0.0942548 1
32.3593 0.19 1.08236 0.0942548 1
32.41 0.19 1.08236 0.0942548 1
32.4607 0.19 1.08236 0.0942548 1
32.5114 0.19 1.08236 0.0942548 1
32.5621 0.19 1.08236 0.0942548 1
32.6128 0.19 1.08236 0.0942548 1
32.6635 0.19 1.08236 0.0942548 1
32.7142 0.19 1.08236 0.0942548 1
32.7592 0.183931 1.04383 0.0913855 0
32.7649 0.19 1.08236 0.0942548 1
32.8156 0.19 1.08236 0.0942548 1
32.8663 0.19 1.08236 0.0942548 1
32.917 0.19 1.08236 0.0942548 1
32.9677 0.19 1.08236 0.0942548 1
33.0184 0.19 1.08236 0.0942548 1
33.0692 0.19 1.08236 0.0942548 1
33.1199 0.19 1.08236 0.0942548 1
33.1706 0.19 1.08236 0.0942548 1
33.2206 0.189239 1.07812 0.0939005 0
33.2213 0.19 1.08236 0.0942548 1
33.272 0.19 1.08236 0.0942548 1
33.3227 0.19 1.08236 0.0942548 1
33.3734 0.19 1.08236 0.0942548 1
33.4241 0.19 1.08236 0.0942548 1
33.4748 0.19 1.08236 0.0942548 1
33.5255 0.19 1.08236 0.0942548 1
33.5762 0.19 1.08236 0.0942548 1
33.6269 0.19 1.08236 0.0942548 1
33.6819 0.194699 1.10425 0.0964155 0
33.6776 0.19 1.08236 0.0942548 1
33.7283 0.19 1.08236 0.0942548 1
33.779 0.19 1.08236 0.0942548 1
33.8297 0.19 1.08236 0.0942548 1
33.8804 0.19 1.08236 0.0942548 1
33.9311 0.19 1.08236 0.0942548 1
33.9818 0.19 1.08236 0.0942548 1
34.0325 0.19 1.08236 0.0942548 1
34.0832 0.19 1.08236 0.0942548 1
34.1339 0.19 1.08236 0.0942548 1
34.1389 0.145827 1.01395 0.0712655 0
34.1847 0.19 1.08236 0.0942548 1
34.2354 0.19 1.08236 0.0942548 1
34.2861 0.19 1.08236 0.0942548 1
34.3368 0.19 1.08236 0.0942548 1
34.3875 0.19 1.08236 0.0942548 1
34.4382 0.19 1.08236 0.0942548 1
34.4889 0.19 1.08236 0.0942548 1
34.5396 0.19 1.08236 0.0942548 1
34.5903 0.19 1.08236 0.0942548 1
34.6003 0.15075 0.958241 0.0737805 0
34.641 0.19 1.08236 0.0942548 1
34.6917 0.19 1.08236 0.0942548 1
34.7424 0.19 1.08236 0.0942548 1
34.7931 0.19 1.08236 0.0942548 1
34.8438 0.19 1.08236 0.0942548 1
34.8945 0.19 1.08236 0.0942548 1
34.9452 0.19 1.08236 0.0942548 1
34.9959 0.19 1.08236 0.0942548 1
35.0466 0.19 1.08236 0.0942548 1
35.0616 0.155441 0.921493 0.0762955 0
35.0973 0.19 1.08236 0.0942548 1
35.148 0.19 1.08236 0.0942548 1
35.1987 0.19 1.08236 0.0942548 1
35.2494 0.19 1.08236 0.0942548 1
35.3002 0.19 1.08236 0.0942548 1
35.3509 0.19 1.08236 0.0942548 1
35.4016 0.19 1.08236 0.0942548 1
35.4523 0.19 1.08236 0.0942548 1
35.503 0.19 1.08236 0.0942548 1
35.523 0.160001 0.906102 0.0788105 0
35.5537 0.19 1.08236 0.0942548 1
35.6044 0.19 1.08236 0.0942548 1
35.6551 0.19 1.08236 0.0942548 1
35.7058 0.19 1.08236 0.0942548 1
35.7565 0.19 1.08236 0.0942548 1
35.8072 0.19 1.08236 0.0942548 1
35.8579 0.19 1.08236 0.0942548 1
35.9086 0.19 1.08236 0.0942548 1
35.9593 0.19 1.08236 0.0942548 1
35.9843 0.164536 0.911051 0.0813255 0
36.01 0.19 1.08236 0.0942548 1
36.0607 0.19 1.08236 0.0942548 1
36.1114 0.19 1.08236 0.0942548 1
36.1621 0.19 1.08236 0.0942548 1
36.2128 0.19 1.08236 0.0942548 1
36.2635 0.19 1.08236 0.0942548 1
36.3142 0.19 1.08236 0.0942548 1
36.3649 0.19 1.08236 0.0942548 1
36.4157 0.19 1.08236 0.0942548 1
36.4457 0.16914 0.932735 0.0838405 0
36.4664 0.19 1.08236 0.0942548 1
36.5171 0.19 1.08236 0.0942548 1
36.5678 0.19 1.08236 0.0942548 1
36.6185 0.19 1.08236 0.0942548 1
36.6692 0.19 1.08236 0.0942548 1
36.7199 0.19 1.08236 0.0942548 1
36.7706 0.19 1.08236 0.0942548 1
36.8213 0.19 1.08236 0.0942548 1
36.872 0.19 1.08236 0.0942548 1
36.907 0.173883 0.965947 0.0863555 0
36.9227 0.19 1.08236 0.0942548 1
36.9734 0.19 1.08236 0.0942548 1
37.0241 0.19 1.08236 0.0942548 1
37.0748 0.19 1.08236 0.0942548 1
37.1255 0.19 1.08236 0.0942548 1
37.1762 0.19 1.08236 0.0942548 1
37.2269 0.19 1.08236 0.0942548 1
37.2776 0.19 1.08236 0.0942548 1
37.3283 0.19 1.08236 0.0942548 1
37.3683 0.178809 1.00485 0.0888705 0
37.379 0.19 1.08236 0.0942548 1
37.4297 0.19 1.08236 0.0942548 1
37.4804 0.19 1.08236 0.0942548 1
37.5311 0.19 1.08236 0.0942548 1
37.5819 0.19 1.08236 0.0942548 1
37.6326 0.19 1.08236 0.0942548 1
37.6833 0.19 1.08236 0.0942548 1
37.734 0.19 1.08236 0.0942548 1
37.7847 0.19 1.08236 0.0942548 1
37.8297 0.183931 1.04383 0.0913855 0
37.8354 0.19 1.08236 0.0942548 1
37.8861 0.19 1.08236 0.0942548 1
37.9368 0.19 1.08236 0.0942548 1
37.9875 0.19 1.08236 0.0942548 1
38.0382 0.19 1.08236 0.0942548 1
38.0889 0.19 1.08236 0.0942548 1
38.1396 0.19 1.08236 0.0942548 1
38.1903 0.19 1.08236 0.0942548 1
38.241 0.19 1.08236 0.0942548 1
38.291 0.189239 1.07812 0.0939005 0
38.2917 0.19 1.08236 0.0942548 1
38.3424 0.19 1.08236 0.0942548 1
38.3931 0.19 1.08236 0.0942548 1
38.4438 0.19 1.08236 0.0942548 1
38.4945 0.19 1.08236 0.0942548 1
38.5452 0.19 1.08236 0.0942548 1
38.5959 0.19 1.08236 0.0942548 1
38.6466 0.19 1.08236 0.0942548 1
38.6974 0.19 1.08236 0.0942548 1
38.7524 0.194699 1.10425 0.0964155 0
38.7481 0.19 1.08236 0.0942548 1
38.7988 0.19 1.08236 0.0942548 1
38.8495 0.19 1.08236 0.0942548 1
38.9002 0.19 1.08236 0.0942548 1
38.9509 0.19 1.08236 0.0942548 1
39.0016 0.19 1.08236 0.0942548 1
39.0523 0.19 1.08236 0.0942548 1
39.103 0.19 1.08236 0.0942548 1
39.1537 0.19 1.08236 0.0942548 1
39.2044 0.19 1.08236 0.0942548 1
39.2094 0.145827 1.01395 0.0712655 0
39.2551 0.19 1.08236 0.0942548 1
39.3058 0.19 1.08236 0.0942548 1
39.3565 0.19 1.08236 0.0942548 1
39.4072 0.19 1.08236 0.0942548 1
39.4579 0.19 1.08236 0.0942548 1
39.5086 0.19 1.08236 0.0942548 1
39.5593 0.19 1.08236 0.0942548 1
39.61 0.19 1.08236 0.0942548 1
39.6607 0.19 1.08236 0.0942548 1
39.6707 0.15075 0.958241 0.0737805 0
39.7114 0.19 1.08236 0.0942548 1
39.7621 0.19 1.08236 0.0942548 1
39.8129 0.19 1.08236 0.0942548 1
39.8636 0.19 1.08236 0.0942548 1
39.9143 0.19 1.08236 0.0942548 1
39.965 0.19 1.08236 0.0942548 1
40.0157 0.19 1.08236 0.0942548 1
40.0664 0.19 1.08236 0.0942548 1
40.1171 0.19 1.08236 0.0942548 1
40.1321 0.155441 0.921493 0.0762955 0
40.1678 0.19 1.08236 0.0942548 1
40.2185 0.19 1.08236 0.0942548 1
40.2692 0.19 1.08236 0.0942548 1
40.3199 0.19 1.08236 0.0942548 1
40.3706 0.19 1.08236 0.0942548 1
40.4213 0.19 1.08236 0.0942548 1
40.472 0.19 1.08236 0.0942548 1
40.5227 0.19 1.08236 0.0942548 1
40.5734 0.19 1.08236 0.0942548 1
40.5934 0.160001 0.906102 0.0788105 0
40.6241 0.19 1.08236 0.0942548 1
40.6748 0.19 1.08236 0.0942548 1
40.7255 0.19 1.08236 0.0942548 1
40.7762 0.19 1.08236 0.0942548 1
40.8269 0.19 1.08236 0.0942548 1
40.8776 0.19 1.08236 0.0942548 1
40.9284 0.19 1.08236 0.0942548 1
40.9791 0.19 1.08236 0.0942548 1
41.0298 0.19 1.08236 0.0942548 1
41.0548 0.164536 0.911051 0.0813255 0
41.0805 0.19 1.08236 0.0942548 1
41.1312 0.19 1.08236 0.0942548 1
41.1819 0.19 1.08236 0.0942548 1
41.2326 0.19 1.08236 0.0942548 1
41.2833 0.19 1.08236 0.0942548 1
41.334 0.19 1.08236 0.0942548 1
41.3847 0.19 1.08236 0.0942548 1
41.4354 0.19 1.08236 0.0942548 1
41.4861 0.19 1.08236 0.0942548 1
41.5161 0.16914 0.932735 0.0838405 0
41.5368 0.19 1.08236 0.0942548 1
41.5875 0.19 1.08236 0.0942548 1
41.6382 0.19 1.08236 0.0942548 1
41.6889 0.19 1.08236 0.0942548 1
41.7396 0.19 1.08236 0.0942548 1
41.7903 0.19 1.08236 0.0942548 1
41.841 0.19 1.08236 0.0942548 1
41.8917 0.19 1.08236 0.0942548 1
41.9424 0.19 1.08236 0.0942548 1
41.9774 0.173883 0.965947 0.0863555 0
41.9931 0.19 1.08236 0.0942548 1
42.0438 0.19 1.08236 0.0942548 1
42.0946 0.19 1.08236 0.0942548 1
42.1453 0.19 1.08236 0.0942548 1
42.196 0.19 1.08236 0.0942548 1
42.2467 0.19 1.08236 0.0942548 1
42.2974 0.19 1.08236 0.0942548 1
42.3481 0.19 1.08236 0.0942548 1
42.3988 0.19 1.08236 0.0942548 1
42.4388 0.178809 1.00485 0.0888705 0
42.4495 0.19 1.08236 0.0942548 1
42.5002 0.19 1.08236 0.0942548 1
42.5509 0.19 1.08236 0.0942548 1
42.6016 0.19 1.08236 0.0942548 1
42.6523 0.19 1.08236 0.0942548 1
42.703 0.19 1.08236 0.0942548 1
42.7537 0.19 1.08236 0.0942548 1
42.8044 0.19 1.08236 0.0942548 1
42.8551 0.19 1.08236 0.0942548 1
42.9001 0.183931 1.04383 0.0913855 0
42.9058 0.19 1.08236 0.0942548 1
42.9565 0.19 1.08236 0.0942548 1
43.0072 0.19 1.08236 0.0942548 1
43.0579 0.19 1.08236 0.0942548 1
43.1086 0.19 1.08236 0.0942548 1
43.1593 0.19 1.08236 0.0942548 1
43.2101 0.19 1.08236 0.0942548 1
43.2608 0.19 1.08236 0.0942548 1
43.3115 0.19 1.08236 0.0942548 1
43.3615 0.189239 1.07812 0.0939005 0
43.3622 0.19 1.08236 0.0942548 1
43.4129 0.19 1.08236 0.0942548 1
43.4636 0.19 1.08236 0.0942548 1
43.5143 0.19 1.08236 0.0942548 1
43.565 0.19 1.08236 0.0942548 1
43.6157 0.19 1.08236 0.0942548 1
43.6664 0.19 1.08236 0.0942548 1
43.7171 0.19 1.08236 0.0942548 1
43.7678 0.19 1.08236 0.0942548 1
43.8228 0.194699 1.10425 0.0964155 0
43.8185 0.19 1.08236 0.0942548 1
43.8692 0.19 1.08236 0.0942548 1
43.9199 0.19 1.08236 0.0942548 1
43.9706 0.19 1.08236 0.0942548 1
44.0213 0.19 1.08236 0.0942548 1
44.072 0.19 1.08236 0.0942548 1
44.1227 0.19 1.08236 0.0942548 1
44.1734 0.19 1.08236 0.0942548 1
44.2241 0.19 1.08236 0.0942548 1
44.2748 0.19 1.08236 0.0942548 1
44.2798 0.145827 1.01395 0.0712655 0
44.3256 0.19 1.08236 0.0942548 1
44.3763 0.19 1.08236 0.0942548 1
44.427 0.19 1.08236 0.0942548 1
44.4777 0.19 1.08236 0.0942548 1
44.5284 0.19 1.08236 0.0942548 1
44.5791 0.19 1.08236 0.0942548 1
44.6298 0.19 1.08236 0.0942548 1
44.6805 0.19 1.08236 0.0942548 1
44.7312 0.19 1.08236 0.0942548 1
44.7412 0.15075 0.958241 0.0737805 0
44.7819 0.19 1.08236 0.0942548 1
44.8326 0.19 1.08236 0.0942548 1
44.8833 0.19 1.08236 0.0942548 1
44.934 0.19 1.08236 0.0942548 1
44.9847 0.19 1.08236 0.0942548 1
45.0354 0.19 1.08236 0.0942548 1
45.0861 0.19 1.08236 0.0942548 1
45.1368 0.19 1.08236 0.0942548 1
45.1875 0.19 1.08236 0.0942548 1
45.2025 0.155441 0.921493 0.0762955 0
45.2382 0.19 1.08236 0.0942548 1
45.2889 0.19 1.08236 0.0942548 1
45.3396 0.19 1.08236 0.0942548 1
45.3903 0.19 1.08236 0.0942548 1
45.4411 0.19 1.08236 0.0942548 1
45.4918 0.19 1.08236 0.0942548 1
45.5425 0.19 1.08236 0.0942548 1
45.5932 0.19 1.08236 0.0942548 1
45.6439 0.19 1.08236 0.0942548 1
45.6639 0.160001 0.906102 0.0788105 0
45.6946 0.19 1.08236 0.0942548 1
45.7453 0.19 1.08236 0.0942548 1
45.796 0.19 1.08236 0.0942548 1
45.8467 0.19 1.08236 0.0942548 1
45.8974 0.19 1.08236 0.0942548 1
45.9481 0.19 1.08236 0.0942548 1
45.9988 0.19 1.08236 0.0942548 1
46.0495 0.19 1.08236 0.0942548 1
46.1002 0.19 1.08236 0.0942548 1
46.1252 0.164536 0.911051 0.0813255 0
46.1509 0.19 1.08236 0.0942548 1
46.2016 0.19 1.08236 0.0942548 1
46.2523 0.19 1.08236 0.0942548 1
46.303 0.19 1.08236 0.0942548 1
46.3537 0.19 1.08236 0.0942548 1
46.4044 0.19 1.08236 0.0942548 1
46.4551 0.19 1.08236 0.0942548 1
46.5058 0.19 1.08236 0.0942548 1
46.5565 0.19 1.08236 0.0942548 1
46.5865 0.16914 0.932735 0.0838405 0
46.6073 0.19 1.08236 0.0942548 1
46.658 0.19 1.08236 0.0942548 1
46.7087 0.19 1.08236 0.0942548 1
46.7594 0.19 1.08236 0.0942548 1
46.8101 0.19 1.08236 0.0942548 1
46.8608 0.19 1.08236 0.0942548 1
46.9115 0.19 1.08236 0.0942548 1
46.9622 0.19 1.08236 0.0942548 1
47.0129 0.19 1.08236 0.0942548 1
47.0479 0.173883 0.965947 0.0863555 0
47.0636 0.19 1.08236 0.0942548 1
47.1143 0.19 1.08236 0.0942548 1
47.165 0.19 1.08236 0.0942548 1
47.2157 0.19 1.08236 0.0942548 1
47.2664 0.19 1.08236 0.0942548 1
47.3171 0.19 1.08236 0.0942548 1
47.3678 0.19 1.08236 0.0942548 1
47.4185 0.19 1.08236 0.0942548 1
47.4692 0.19 1.08236 0.0942548 1
47.5092 0.178809 1.00485 0.0888705 0
47.5199 0.19 1.08236 0.0942548 1
47.5706 0.19 1.08236 0.0942548 1
47.6213 0.19 1.08236 0.0942548 1
47.672 0.19 1.08236 0.0942548 1
47.7228 0.19 1.08236 0.0942548 1
47.7735 0.19 1.08236 0.0942548 1
47.8242 0.19 1.08236 0.0942548 1
47.8749 0.19 1.08236 0.0942548 1
47.9256 0.19 1.08236 0.0942548 1
47.9706 0.183931 1.04383 0.0913855 0
47.9763 0.19 1.08236 0.0942548 1
48.027 0.19 1.08236 0.0942548 1
48.0777 0.19 1.08236 0.0942548 1
48.1284 0.19 1.08236 0.0942548 1
48.1791 0.19 1.08236 0.0942548 1
48.2298 0.19 1.08236 0.0942548 1
48.2805 0.19 1.08236 0.0942548 1
48.3312 0.19 1.08236 0.0942548 1
48.3819 0.19 1.08236 0.0942548 1
48.4319 0.189239 1.07812 0.0939005 0
48.4326 0.19 1.08236 0.0942548 1
48.4833 0.19 1.08236 0.0942548 1
48.534 0.19 1.08236 0.0942548 1
48.5847 0.19 1.08236 0.0942548 1
48.6354 0.19 1.08236 0.0942548 1
48.6861 0.19 1.08236 0.0942548 1
48.7368 0.19 1.08236 0.0942548 1
48.7875 0.19 1.08236 0.0942548 1
48.8383 0.19 1.08236 0.0942548 1
48.8933 0.194699 1.10425 0.0964155 0
48.889 0.19 1.08236 0.0942548 1
48.9397 0.19 1.08236 0.0942548 1
48.9904 0.19 1.08236 0.0942548 1
49.0411 0.19 1.08236 0.0942548 1
49.0918 0.19 1.08236 0.0942548 1
49.1425 0.19 1.08236 0.0942548 1
49.1932 0.19 1.08236 0.0942548 1
49.2439 0.19 1.08236 0.0942548 1
49.2946 0.19 1.08236 0.0942548 1
49.3453 0.19 1.08236 0.0942548 1
49.3503 0.145827 1.01395 0.0712655 0
49.396 0.19 1.08236 0.0942548 1
49.4467 0.19 1.08236 0.0942548 1
49.4974 0.19 1.08236 0.0942548 1
49.5481 0.19 1.08236 0.0942548 1
49.5988 0.19 1.08236 0.0942548 1
49.6495 0.19 1.08236 0.0942548 1
49.7002 0.19 1.08236 0.0942548 1
49.7509 0.19 1.08236 0.0942548 1
49.8016 0.19 1.08236 0.0942548 1
49.8116 0.15075 0.958241 0.0737805 0
49.8523 0.19 1.08236 0.0942548 1
49.903 0.19 1.08236 0.0942548 1
49.9538 0.19 1.08236 0.0942548 1
0.503 0.503 0.503 0.503 0.503
