t x v M dripped?
0 0 0 0.01 0
0.166635 0.19 0.948531 0.0935843 1
0.213605 0.19 1.16884 0.0949525 1
0.266927 0.19 0.984785 0.0939528 1
0.314435 0.19 1.13709 0.0946516 1
0.366873 0.19 1.02359 0.0940481 1
0.415709 0.19 1.11772 0.0944772 1
0.46763 0.19 1.04603 0.0941216 1
0.48263 0.156913 0.870467 0.0770321 0
0.517221 0.19 1.10395 0.0943829 1
0.568728 0.19 1.05956 0.09417 1
0.618777 0.19 1.09493 0.09433 1
0.669998 0.19 1.06765 0.0942016 1
0.72032 0.19 1.0892 0.0942995 1
0.771357 0.19 1.07251 0.0942217 1
0.821842 0.19 1.08564 0.0942816 1
0.872763 0.19 1.07544 0.0942344 1
0.923346 0.19 1.08344 0.094271 1
0.948346 0.164495 0.90968 0.0812768 0
0.974194 0.19 1.07721 0.0942422 1
1.02484 0.19 1.08208 0.0942645 1
1.07564 0.19 1.07829 0.094247 1
1.12632 0.19 1.08126 0.0942607 1
1.17709 0.19 1.07894 0.09425 1
1.22779 0.19 1.08075 0.0942583 1
1.27855 0.19 1.07934 0.0942518 1
1.32926 0.19 1.08044 0.0942569 1
1.38001 0.19 1.07958 0.0942529 1
1.41001 0.169187 0.92867 0.0838625 0
1.43073 0.19 1.08025 0.094256 1
1.48148 0.19 1.07973 0.0942536 1
1.5322 0.19 1.08014 0.0942555 1
1.58294 0.19 1.07982 0.094254 1
1.63367 0.19 1.08007 0.0942551 1
1.68441 0.19 1.07987 0.0942542 1
1.73514 0.19 1.08002 0.0942549 1
1.78587 0.19 1.07991 0.0942544 1
1.8366 0.19 1.08 0.0942548 1
1.8716 0.1739 0.96226 0.0863621 0
1.88734 0.19 1.07993 0.0942545 1
1.93807 0.19 1.07998 0.0942548 1
1.9888 0.19 1.07994 0.0942545 1
2.03954 0.19 1.07997 0.0942547 1
2.09027 0.19 1.07995 0.0942546 1
2.141 0.19 1.07997 0.0942547 1
2.19174 0.19 1.07995 0.0942546 1
2.24247 0.19 1.07996 0.0942547 1
2.2932 0.19 1.07995 0.0942546 1
2.3332 0.178809 1.00152 0.088871 0
2.34394 0.19 1.07996 0.0942547 1
2.39467 0.19 1.07995 0.0942546 1
2.4454 0.19 1.07996 0.0942546 1
2.49614 0.19 1.07996 0.0942546 1
2.54687 0.19 1.07996 0.0942546 1
2.5976 0.19 1.07996 0.0942546 1
2.64834 0.19 1.07996 0.0942546 1
2.69907 0.19 1.07996 0.0942546 1
2.7498 0.19 1.07996 0.0942546 1
2.7948 0.183916 1.04086 0.0913789 0
2.80053 0.19 1.07996 0.0942546 1
2.85127 0.19 1.07996 0.0942546 1
2.902 0.19 1.07996 0.0942546 1
2.95273 0.19 1.07996 0.0942546 1
3.00347 0.19 1.07996 0.0942546 1
3.0542 0.19 1.07996 0.0942546 1
3.10493 0.19 1.07996 0.0942546 1
3.15567 0.19 1.07996 0.0942546 1
3.2064 0.19 1.07996 0.0942546 1
3.2564 0.18921 1.0755 0.0938869 0
3.25713 0.19 1.07996 0.0942546 1
3.30787 0.19 1.07996 0.0942546 1
3.3586 0.19 1.07996 0.0942546 1
3.40933 0.19 1.07996 0.0942546 1
3.46007 0.19 1.07996 0.0942546 1
3.5108 0.19 1.07996 0.0942546 1
3.56153 0.19 1.07996 0.0942546 1
3.61227 0.19 1.07996 0.0942546 1
3.663 0.19 1.07996 0.0942546 1
3.718 0.194657 1.10191 0.0963949 0
3.71373 0.19 1.07996 0.0942546 1
3.76446 0.19 1.07996 0.0942546 1
3.8152 0.19 1.07996 0.0942546 1
3.86593 0.19 1.07996 0.0942546 1
3.91666 0.19 1.07996 0.0942546 1
3.9674 0.19 1.07996 0.0942546 1
4.01813 0.19 1.07996 0.0942546 1
4.06886 0.19 1.07996 0.0942546 1
4.1196 0.19 1.07996 0.0942546 1
4.17033 0.19 1.07996 0.0942546 1
4.17533 0.145959 1.01097 0.0713149 0
4.22106 0.19 1.07996 0.0942546 1
4.2718 0.19 1.07996 0.0942546 1
4.32253 0.19 1.07996 0.0942546 1
4.37326 0.19 1.07996 0.0942546 1
4.424 0.19 1.07996 0.0942546 1
4.47473 0.19 1.07996 0.0942546 1
4.52546 0.19 1.07996 0.0942546 1
4.5762 0.19 1.07996 0.0942546 1
4.62693 0.19 1.07996 0.0942546 1
4.63693 0.150867 0.954744 0.0738229 0
4.67766 0.19 1.07996 0.0942546 1
4.72839 0.19 1.07996 0.0942546 1
4.77913 0.19 1.07996 0.0942546 1
4.82986 0.19 1.07996 0.0942546 1
4.88059 0.19 1.07996 0.0942546 1
4.93133 0.19 1.07996 0.0942546 1
4.98206 0.19 1.07996 0.0942546 1
5.03279 0.19 1.07996 0.0942546 1
5.08353 0.19 1.07996 0.0942546 1
5.09853 0.155539 0.91762 0.0763309 0
5.13426 0.19 1.07996 0.0942546 1
5.18499 0.19 1.07996 0.0942546 1
5.23573 0.19 1.07996 0.0942546 1
5.28646 0.19 1.07996 0.0942546 1
5.33719 0.19 1.07996 0.0942546 1
5.38793 0.19 1.07996 0.0942546 1
5.43866 0.19 1.07996 0.0942546 1
5.48939 0.19 1.07996 0.0942546 1
5.54013 0.19 1.07996 0.0942546 1
5.56013 0.160079 0.902027 0.0788389 0
5.59086 0.19 1.07996 0.0942546 1
5.64159 0.19 1.07996 0.0942546 1
5.69232 0.19 1.07996 0.0942546 1
5.74306 0.19 1.07996 0.0942546 1
5.79379 0.19 1.07996 0.0942546 1
5.84452 0.19 1.07996 0.0942546 1
5.89526 0.19 1.07996 0.0942546 1
5.94599 0.19 1.07996 0.0942546 1
5.99672 0.19 1.07996 0.0942546 1
6.02172 0.164594 0.906956 0.0813469 0
6.04746 0.19 1.07996 0.0942546 1
6.09819 0.19 1.07996 0.0942546 1
6.14892 0.19 1.07996 0.0942546 1
6.19966 0.19 1.07996 0.0942546 1
6.25039 0.19 1.07996 0.0942546 1
6.30112 0.19 1.07996 0.0942546 1
6.35186 0.19 1.07996 0.0942546 1
6.40259 0.19 1.07996 0.0942546 1
6.45332 0.19 1.07996 0.0942546 1
6.48332 0.169177 0.928784 0.0838549 0
6.50406 0.19 1.07996 0.0942546 1
6.55479 0.19 1.07996 0.0942546 1
6.60552 0.19 1.07996 0.0942546 1
6.65625 0.19 1.07996 0.0942546 1
6.70699 0.19 1.07996 0.0942546 1
6.75772 0.19 1.07996 0.0942546 1
6.80845 0.19 1.07996 0.0942546 1
6.85919 0.19 1.07996 0.0942546 1
6.90992 0.19 1.07996 0.0942546 1
6.94492 0.173901 0.962266 0.0863629 0
6.96065 0.19 1.07996 0.0942546 1
7.01139 0.19 1.07996 0.0942546 1
7.06212 0.19 1.07996 0.0942546 1
7.11285 0.19 1.07996 0.0942546 1
7.16359 0.19 1.07996 0.0942546 1
7.21432 0.19 1.07996 0.0942546 1
7.26505 0.19 1.07996 0.0942546 1
7.31579 0.19 1.07996 0.0942546 1
7.36652 0.19 1.07996 0.0942546 1
7.40652 0.178809 1.00152 0.0888709 0
7.41725 0.19 1.07996 0.0942546 1
7.46799 0.19 1.07996 0.0942546 1
7.51872 0.19 1.07996 0.0942546 1
7.56945 0.19 1.07996 0.0942546 1
7.62018 0.19 1.07996 0.0942546 1
7.67092 0.19 1.07996 0.0942546 1
7.72165 0.19 1.07996 0.0942546 1
7.77238 0.19 1.07996 0.0942546 1
7.82312 0.19 1.07996 0.0942546 1
7.86812 0.183916 1.04087 0.0913789 0
7.87385 0.19 1.07996 0.0942546 1
7.92458 0.19 1.07996 0.0942546 1
7.97532 0.19 1.07996 0.0942546 1
8.02605 0.19 1.07996 0.0942546 1
8.07678 0.19 1.07996 0.0942546 1
8.12752 0.19 1.07996 0.0942546 1
8.17825 0.19 1.07996 0.0942546 1
8.22898 0.19 1.07996 0.0942546 1
8.27972 0.19 1.07996 0.0942546 1
8.32972 0.18921 1.0755 0.0938869 0
8.33045 0.19 1.07996 0.0942546 1
8.38118 0.19 1.07996 0.0942546 1
8.43192 0.19 1.07996 0.0942546 1
8.48265 0.19 1.07996 0.0942546 1
8.53338 0.19 1.07996 0.0942546 1
8.58412 0.19 1.07996 0.0942546 1
8.63485 0.19 1.07996 0.0942546 1
8.68558 0.19 1.07996 0.0942546 1
8.73631 0.19 1.07996 0.0942546 1
8.79131 0.194657 1.10191 0.0963949 0
8.78705 0.19 1.07996 0.0942546 1
8.83778 0.19 1.07996 0.0942546 1
8.88851 0.19 1.07996 0.0942546 1
8.93925 0.19 1.07996 0.0942546 1
8.98998 0.19 1.07996 0.0942546 1
9.04071 0.19 1.07996 0.0942546 1
9.09145 0.19 1.07996 0.0942546 1
9.14218 0.19 1.07996 0.0942546 1
9.19291 0.19 1.07996 0.0942546 1
9.24365 0.19 1.07996 0.0942546 1
9.24865 0.145959 1.01097 0.0713149 0
9.29438 0.19 1.07996 0.0942546 1
9.34511 0.19 1.07996 0.0942546 1
9.39585 0.19 1.07996 0.0942546 1
9.44658 0.19 1.07996 0.0942546 1
9.49731 0.19 1.07996 0.0942546 1
9.54805 0.19 1.07996 0.0942546 1
9.59878 0.19 1.07996 0.0942546 1
9.64951 0.19 1.07996 0.0942546 1
9.70024 0.19 1.07996 0.0942546 1
9.71024 0.150867 0.954744 0.0738229 0
9.75098 0.19 1.07996 0.0942546 1
9.80171 0.19 1.07996 0.0942546 1
9.85244 0.19 1.07996 0.0942546 1
9.90318 0.19 1.07996 0.0942546 1
9.95391 0.19 1.07996 0.0942546 1
10.0046 0.19 1.07996 0.0942546 1
10.0554 0.19 1.07996 0.0942546 1
10.1061 0.19 1.07996 0.0942546 1
10.1568 0.19 1.07996 0.0942546 1
10.1718 0.155539 0.91762 0.0763309 0
10.2076 0.19 1.07996 0.0942546 1
10.2583 0.19 1.07996 0.0942546 1
10.309 0.19 1.07996 0.0942546 1
10.3598 0.19 1.07996 0.0942546 1
10.4105 0.19 1.07996 0.0942546 1
10.4612 0.19 1.07996 0.0942546 1
10.512 0.19 1.07996 0.0942546 1
10.5627 0.19 1.07996 0.0942546 1
10.6134 0.19 1.07996 0.0942546 1
10.6334 0.160079 0.902027 0.0788389 0
10.6642 0.19 1.07996 0.0942546 1
10.7149 0.19 1.07996 0.0942546 1
10.7656 0.19 1.07996 0.0942546 1
10.8164 0.19 1.07996 0.0942546 1
10.8671 0.19 1.07996 0.0942546 1
10.9178 0.19 1.07996 0.0942546 1
10.9686 0.19 1.07996 0.0942546 1
11.0193 0.19 1.07996 0.0942546 1
11.07 0.19 1.07996 0.0942546 1
11.095 0.164594 0.906956 0.0813469 0
11.1208 0.19 1.07996 0.0942546 1
11.1715 0.19 1.07996 0.0942546 1
11.2222 0.19 1.07996 0.0942546 1
11.273 0.19 1.07996 0.0942546 1
11.3237 0.19 1.07996 0.0942546 1
11.3744 0.19 1.07996 0.0942546 1
11.4252 0.19 1.07996 0.0942546 1
11.4759 0.19 1.07996 0.0942546 1
11.5266 0.19 1.07996 0.0942546 1
11.5566 0.169177 0.928784 0.0838549 0
11.5774 0.19 1.07996 0.0942546 1
11.6281 0.19 1.07996 0.0942546 1
11.6788 0.19 1.07996 0.0942546 1
11.7296 0.19 1.07996 0.0942546 1
11.7803 0.19 1.07996 0.0942546 1
11.831 0.19 1.07996 0.0942546 1
11.8818 0.19 1.07996 0.0942546 1
11.9325 0.19 1.07996 0.0942546 1
11.9832 0.19 1.07996 0.0942546 1
12.0182 0.173901 0.962266 0.0863629 0
12.034 0.19 1.07996 0.0942546 1
12.0847 0.19 1.07996 0.0942546 1
12.1354 0.19 1.07996 0.0942546 1
12.1862 0.19 1.07996 0.0942546 1
12.2369 0.19 1.07996 0.0942546 1
12.2876 0.19 1.07996 0.0942546 1
12.3384 0.19 1.07996 0.0942546 1
12.3891 0.19 1.07996 0.0942546 1
12.4398 0.19 1.07996 0.0942546 1
12.4798 0.178809 1.00152 0.0888709 0
12.4906 0.19 1.07996 0.0942546 1
12.5413 0.19 1.07996 0.0942546 1
12.592 0.19 1.07996 0.0942546 1
12.6428 0.19 1.07996 0.0942546 1
12.6935 0.19 1.07996 0.0942546 1
12.7442 0.19 1.07996 0.0942546 1
12.795 0.19 1.07996 0.0942546 1
12.8457 0.19 1.07996 0.0942546 1
12.8964 0.19 1.07996 0.0942546 1
12.9414 0.183916 1.04087 0.0913789 0
12.9472 0.19 1.07996 0.0942546 1
12.9979 0.19 1.07996 0.0942546 1
13.0486 0.19 1.07996 0.0942546 1
13.0994 0.19 1.07996 0.0942546 1
13.1501 0.19 1.07996 0.0942546 1
13.2008 0.19 1.07996 0.0942546 1
13.2516 0.19 1.07996 0.0942546 1
13.3023 0.19 1.07996 0.0942546 1
13.353 0.19 1.07996 0.0942546 1
13.403 0.18921 1.0755 0.0938869 0
13.4038 0.19 1.07996 0.0942546 1
13.4545 0.19 1.07996 0.0942546 1
13.5052 0.19 1.07996 0.0942546 1
13.556 0.19 1.07996 0.0942546 1
13.6067 0.19 1.07996 0.0942546 1
13.6574 0.19 1.07996 0.0942546 1
13.7082 0.19 1.07996 0.0942546 1
13.7589 0.19 1.07996 0.0942546 1
13.8096 0.19 1.07996 0.0942546 1
13.8646 0.194657 1.10191 0.0963949 0
13.8604 0.19 1.07996 0.0942546 1
13.9111 0.19 1.07996 0.0942546 1
13.9618 0.19 1.07996 0.0942546 1
14.0126 0.19 1.07996 0.0942546 1
14.0633 0.19 1.07996 0.0942546 1
14.114 0.19 1.07996 0.0942546 1
14.1648 0.19 1.07996 0.0942546 1
14.2155 0.19 1.07996 0.0942546 1
14.2662 0.19 1.07996 0.0942546 1
14.317 0.19 1.07996 0.0942546 1
14.322 0.145959 1.01097 0.0713149 0
14.3677 0.19 1.07996 0.0942546 1
14.4184 0.19 1.07996 0.0942546 1
14.4692 0.19 1.07996 0.0942546 1
14.5199 0.19 1.07996 0.0942546 1
14.5706 0.19 1.07996 0.0942546 1
14.6214 0.19 1.07996 0.0942546 1
14.6721 0.19 1.07996 0.0942546 1
14.7228 0.19 1.07996 0.0942546 1
14.7736 0.19 1.07996 0.0942546 1
14.7836 0.150867 0.954744 0.0738229 0
14.8243 0.19 1.07996 0.0942546 1
14.875 0.19 1.07996 0.0942546 1
14.9258 0.19 1.07996 0.0942546 1
14.9765 0.19 1.07996 0.0942546 1
15.0272 0.19 1.07996 0.0942546 1
15.078 0.19 1.07996 0.0942546 1
15.1287 0.19 1.07996 0.0942546 1
15.1794 0.19 1.07996 0.0942546 1
15.2302 0.19 1.07996 0.0942546 1
15.2452 0.155539 0.91762 0.0763309 0
15.2809 0.19 1.07996 0.0942546 1
15.3316 0.19 1.07996 0.0942546 1
15.3824 0.19 1.07996 0.0942546 1
15.4331 0.19 1.07996 0.0942546 1
15.4838 0.19 1.07996 0.0942546 1
15.5346 0.19 1.07996 0.0942546 1
15.5853 0.19 1.07996 0.0942546 1
15.636 0.19 1.07996 0.0942546 1
15.6868 0.19 1.07996 0.0942546 1
15.7068 0.160079 0.902027 0.0788389 0
15.7375 0.19 1.07996 0.0942546 1
15.7882 0.19 1.07996 0.0942546 1
15.839 0.19 1.07996 0.0942546 1
15.8897 0.19 1.07996 0.0942546 1
15.9404 0.19 1.07996 0.0942546 1
15.9912 0.19 1.07996 0.0942546 1
16.0419 0.19 1.07996 0.0942546 1
16.0926 0.19 1.07996 0.0942546 1
16.1434 0.19 1.07996 0.0942546 1
16.1684 0.164594 0.906956 0.0813469 0
16.1941 0.19 1.07996 0.0942546 1
16.2448 0.19 1.07996 0.0942546 1
16.2956 0.19 1.07996 0.0942546 1
16.3463 0.19 1.07996 0.0942546 1
16.397 0.19 1.07996 0.0942546 1
16.4478 0.19 1.07996 0.0942546 1
16.4985 0.19 1.07996 0.0942546 1
16.5492 0.19 1.07996 0.0942546 1
16.6 0.19 1.07996 0.0942546 1
16.63 0.169177 0.928784 0.0838549 0
16.6507 0.19 1.07996 0.0942546 1
16.7014 0.19 1.07996 0.0942546 1
16.7522 0.19 1.07996 0.0942546 1
16.8029 0.19 1.07996 0.0942546 1
16.8536 0.19 1.07996 0.0942546 1
16.9044 0.19 1.07996 0.0942546 1
16.9551 0.19 1.07996 0.0942546 1
17.0058 0.19 1.07996 0.0942546 1
17.0566 0.19 1.07996 0.0942546 1
17.0916 0.173901 0.962266 0.0863629 0
17.1073 0.19 1.07996 0.0942546 1
17.158 0.19 1.07996 0.0942546 1
17.2088 0.19 1.07996 0.0942546 1
17.2595 0.19 1.07996 0.0942546 1
17.3102 0.19 1.07996 0.0942546 1
17.361 0.19 1.07996 0.0942546 1
17.4117 0.19 1.07996 0.0942546 1
17.4624 0.19 1.07996 0.0942546 1
17.5132 0.19 1.07996 0.0942546 1
17.5532 0.178809 1.00152 0.0888709 0
17.5639 0.19 1.07996 0.0942546 1
17.6146 0.19 1.07996 0.0942546 1
17.6654 0.19 1.07996 0.0942546 1
17.7161 0.19 1.07996 0.0942546 1
17.7668 0.19 1.07996 0.0942546 1
17.8176 0.19 1.07996 0.0942546 1
17.8683 0.19 1.07996 0.0942546 1
17.919 0.19 1.07996 0.0942546 1
17.9697 0.19 1.07996 0.0942546 1
18.0147 0.183916 1.04087 0.0913789 0
18.0205 0.19 1.07996 0.0942546 1
18.0712 0.19 1.07996 0.0942546 1
18.1219 0.19 1.07996 0.0942546 1
18.1727 0.19 1.07996 0.0942546 1
18.2234 0.19 1.07996 0.0942546 1
18.2741 0.19 1.07996 0.0942546 1
18.3249 0.19 1.07996 0.0942546 1
18.3756 0.19 1.07996 0.0942546 1
18.4263 0.19 1.07996 0.0942546 1
18.4763 0.18921 1.0755 0.0938869 0
18.4771 0.19 1.07996 0.0942546 1
18.5278 0.19 1.07996 0.0942546 1
18.5785 0.19 1.07996 0.0942546 1
18.6293 0.19 1.07996 0.0942546 1
18.68 0.19 1.07996 0.0942546 1
18.7307 0.19 1.07996 0.0942546 1
18.7815 0.19 1.07996 0.0942546 1
18.8322 0.19 1.07996 0.0942546 1
18.8829 0.19 1.07996 0.0942546 1
18.9379 0.194657 1.10191 0.0963949 0
18.9337 0.19 1.07996 0.0942546 1
18.9844 0.19 1.07996 0.0942546 1
19.0351 0.19 1.07996 0.0942546 1
19.0859 0.19 1.07996 0.0942546 1
19.1366 0.19 1.07996 0.0942546 1
19.1873 0.19 1.07996 0.0942546 1
19.2381 0.19 1.07996 0.0942546 1
19.2888 0.19 1.07996 0.0942546 1
19.3395 0.19 1.07996 0.0942546 1
19.3903 0.19 1.07996 0.0942546 1
19.3953 0.145959 1.01097 0.0713149 0
19.441 0.19 1.07996 0.0942546 1
19.4917 0.19 1.07996 0.0942546 1
19.5425 0.19 1.07996 0.0942546 1
19.5932 0.19 1.07996 0.0942546 1
19.6439 0.19 1.07996 0.0942546 1
19.6947 0.19 1.07996 0.0942546 1
19.7454 0.19 1.07996 0.0942546 1
19.7961 0.19 1.07996 0.0942546 1
19.8469 0.19 1.07996 0.0942546 1
19.8569 0.150867 0.954744 0.0738229 0
19.8976 0.19 1.07996 0.0942546 1
19.9483 0.19 1.07996 0.0942546 1
19.9991 0.19 1.07996 0.0942546 1
20.0498 0.19 1.07996 0.0942546 1
20.1005 0.19 1.07996 0.0942546 1
20.1513 0.19 1.07996 0.0942546 1
20.202 0.19 1.07996 0.0942546 1
20.2527 0.19 1.07996 0.0942546 1
20.3035 0.19 1.07996 0.0942546 1
20.3185 0.155539 0.91762 0.0763309 0
20.3542 0.19 1.07996 0.0942546 1
20.4049 0.19 1.07996 0.0942546 1
20.4557 0.19 1.07996 0.0942546 1
20.5064 0.19 1.07996 0.0942546 1
20.5571 0.19 1.07996 0.0942546 1
20.6079 0.19 1.07996 0.0942546 1
20.6586 0.19 1.07996 0.0942546 1
20.7093 0.19 1.07996 0.0942546 1
20.7601 0.19 1.07996 0.0942546 1
20.7801 0.160079 0.902027 0.0788389 0
20.8108 0.19 1.07996 0.0942546 1
20.8615 0.19 1.07996 0.0942546 1
20.9123 0.19 1.07996 0.0942546 1
20.963 0.19 1.07996 0.0942546 1
21.0137 0.19 1.07996 0.0942546 1
21.0645 0.19 1.07996 0.0942546 1
21.1152 0.19 1.07996 0.0942546 1
21.1659 0.19 1.07996 0.0942546 1
21.2167 0.19 1.07996 0.0942546 1
21.2417 0.164594 0.906956 0.0813469 0
21.2674 0.19 1.07996 0.0942546 1
21.3181 0.19 1.07996 0.0942546 1
21.3689 0.19 1.07996 0.0942546 1
21.4196 0.19 1.07996 0.0942546 1
21.4703 0.19 1.07996 0.0942546 1
21.5211 0.19 1.07996 0.0942546 1
21.5718 0.19 1.07996 0.0942546 1
21.6225 0.19 1.07996 0.0942546 1
21.6733 0.19 1.07996 0.0942546 1
21.7033 0.169177 0.928784 0.0838549 0
21.724 0.19 1.07996 0.0942546 1
21.7747 0.19 1.07996 0.0942546 1
21.8255 0.19 1.07996 0.0942546 1
21.8762 0.19 1.07996 0.0942546 1
21.9269 0.19 1.07996 0.0942546 1
21.9777 0.19 1.07996 0.0942546 1
22.0284 0.19 1.07996 0.0942546 1
22.0791 0.19 1.07996 0.0942546 1
22.1299 0.19 1.07996 0.0942546 1
22.1649 0.173901 0.962266 0.0863629 0
22.1806 0.19 1.07996 0.0942546 1
22.2313 0.19 1.07996 0.0942546 1
22.2821 0.19 1.07996 0.0942546 1
22.3328 0.19 1.07996 0.0942546 1
22.3835 0.19 1.07996 0.0942546 1
22.4343 0.19 1.07996 0.0942546 1
22.485 0.19 1.07996 0.0942546 1
22.5357 0.19 1.07996 0.0942546 1
22.5865 0.19 1.07996 0.0942546 1
22.6265 0.178809 1.00152 0.0888709 0
22.6372 0.19 1.07996 0.0942546 1
22.6879 0.19 1.07996 0.0942546 1
22.7387 0.19 1.07996 0.0942546 1
22.7894 0.19 1.07996 0.0942546 1
22.8401 0.19 1.07996 0.0942546 1
22.8909 0.19 1.07996 0.0942546 1
22.9416 0.19 1.07996 0.0942546 1
22.9923 0.19 1.07996 0.0942546 1
23.0431 0.19 1.07996 0.0942546 1
23.0881 0.183916 1.04087 0.0913789 0
23.0938 0.19 1.07996 0.0942546 1
23.1445 0.19 1.07996 0.0942546 1
23.1953 0.19 1.07996 0.0942546 1
23.246 0.19 1.07996 0.0942546 1
23.2967 0.19 1.07996 0.0942546 1
23.3475 0.19 1.07996 0.0942546 1
23.3982 0.19 1.07996 0.0942546 1
23.4489 0.19 1.07996 0.0942546 1
23.4997 0.19 1.07996 0.0942546 1
23.5497 0.18921 1.0755 0.0938869 0
23.5504 0.19 1.07996 0.0942546 1
23.6011 0.19 1.07996 0.0942546 1
23.6519 0.19 1.07996 0.0942546 1
23.7026 0.19 1.07996 0.0942546 1
23.7533 0.19 1.07996 0.0942546 1
23.8041 0.19 1.07996 0.0942546 1
23.8548 0.19 1.07996 0.0942546 1
23.9055 0.19 1.07996 0.0942546 1
23.9563 0.19 1.07996 0.0942546 1
24.0113 0.194657 1.10191 0.0963949 0
24.007 0.19 1.07996 0.0942546 1
24.0577 0.19 1.07996 0.0942546 1
24.1085 0.19 1.07996 0.0942546 1
24.1592 0.19 1.07996 0.0942546 1
24.2099 0.19 1.07996 0.0942546 1
24.2607 0.19 1.07996 0.0942546 1
24.3114 0.19 1.07996 0.0942546 1
24.3621 0.19 1.07996 0.0942546 1
24.4129 0.19 1.07996 0.0942546 1
24.4636 0.19 1.07996 0.0942546 1
24.4686 0.145959 1.01097 0.0713149 0
24.5143 0.19 1.07996 0.0942546 1
24.5651 0.19 1.07996 0.0942546 1
24.6158 0.19 1.07996 0.0942546 1
24.6665 0.19 1.07996 0.0942546 1
24.7173 0.19 1.07996 0.0942546 1
24.768 0.19 1.07996 0.0942546 1
24.8187 0.19 1.07996 0.0942546 1
24.8695 0.19 1.07996 0.0942546 1
24.9202 0.19 1.07996 0.0942546 1
24.9302 0.150867 0.954744 0.0738229 0
24.9709 0.19 1.07996 0.0942546 1
25.0217 0.19 1.07996 0.0942546 1
25.0724 0.19 1.07996 0.0942546 1
25.1231 0.19 1.07996 0.0942546 1
25.1739 0.19 1.07996 0.0942546 1
25.2246 0.19 1.07996 0.0942546 1
25.2753 0.19 1.07996 0.0942546 1
25.3261 0.19 1.07996 0.0942546 1
25.3768 0.19 1.07996 0.0942546 1
25.3918 0.155539 0.91762 0.0763309 0
25.4275 0.19 1.07996 0.0942546 1
25.4783 0.19 1.07996 0.0942546 1
25.529 0.19 1.07996 0.0942546 1
25.5797 0.19 1.07996 0.0942546 1
25.6305 0.19 1.07996 0.0942546 1
25.6812 0.19 1.07996 0.0942546 1
25.7319 0.19 1.07996 0.0942546 1
25.7827 0.19 1.07996 0.0942546 1
25.8334 0.19 1.07996 0.0942546 1
25.8534 0.160079 0.902027 0.0788389 0
25.8841 0.19 1.07996 0.0942546 1
25.9349 0.19 1.07996 0.0942546 1
25.9856 0.19 1.07996 0.0942546 1
26.0363 0.19 1.07996 0.0942546 1
26.0871 0.19 1.07996 0.0942546 1
26.1378 0.19 1.07996 0.0942546 1
26.1885 0.19 1.07996 0.0942546 1
26.2393 0.19 1.07996 0.0942546 1
26.29 0.19 1.07996 0.0942546 1
26.315 0.164594 0.906956 0.0813469 0
26.3407 0.19 1.07996 0.0942546 1
26.3915 0.19 1.07996 0.0942546 1
26.4422 0.19 1.07996 0.0942546 1
26.4929 0.19 1.07996 0.0942546 1
26.5437 0.19 1.07996 0.0942546 1
26.5944 0.19 1.07996 0.0942546 1
26.6451 0.19 1.07996 0.0942546 1
26.6959 0.19 1.07996 0.0942546 1
26.7466 0.19 1.07996 0.0942546 1
26.7766 0.169177 0.928784 0.0838549 0
26.7973 0.19 1.07996 0.0942546 1
26.8481 0.19 1.07996 0.0942546 1
26.8988 0.19 1.07996 0.0942546 1
26.9495 0.19 1.07996 0.0942546 1
27.0003 0.19 1.07996 0.0942546 1
27.051 0.19 1.07996 0.0942546 1
27.1017 0.19 1.07996 0.0942546 1
27.1525 0.19 1.07996 0.0942546 1
27.2032 0.19 1.07996 0.0942546 1
27.2382 0.173901 0.962266 0.0863629 0
27.2539 0.19 1.07996 0.0942546 1
27.3047 0.19 1.07996 0.0942546 1
27.3554 0.19 1.07996 0.0942546 1
27.4061 0.19 1.07996 0.0942546 1
27.4569 0.19 1.07996 0.0942546 1
27.5076 0.19 1.07996 0.0942546 1
27.5583 0.19 1.07996 0.0942546 1
27.609 0.19 1.07996 0.0942546 1
27.6598 0.19 1.07996 0.0942546 1
27.6998 0.178809 1.00152 0.0888709 0
27.7105 0.19 1.07996 0.0942546 1
27.7612 0.19 1.07996 0.0942546 1
27.812 0.19 1.07996 0.0942546 1
27.8627 0.19 1.07996 0.0942546 1
27.9134 0.19 1.07996 0.0942546 1
27.9642 0.19 1.07996 0.0942546 1
28.0149 0.19 1.07996 0.0942546 1
28.0656 0.19 1.07996 0.0942546 1
28.1164 0.19 1.07996 0.0942546 1
28.1614 0.183916 1.04087 0.0913789 0
28.1671 0.19 1.07996 0.0942546 1
28.2178 0.19 1.07996 0.0942546 1
28.2686 0.19 1.07996 0.0942546 1
28.3193 0.19 1.07996 0.0942546 1
28.37 0.19 1.07996 0.0942546 1
28.4208 0.19 1.07996 0.0942546 1
28.4715 0.19 1.07996 0.0942546 1
28.5222 0.19 1.07996 0.0942546 1
28.573 0.19 1.07996 0.0942546 1
28.623 0.18921 1.0755 0.0938869 0
28.6237 0.19 1.07996 0.0942546 1
28.6744 0.19 1.07996 0.0942546 1
28.7252 0.19 1.07996 0.0942546 1
28.7759 0.19 1.07996 0.0942546 1
28.8266 0.19 1.07996 0.0942546 1
28.8774 0.19 1.07996 0.0942546 1
28.9281 0.19 1.07996 0.0942546 1
28.9788 0.19 1.07996 0.0942546 1
29.0296 0.19 1.07996 0.0942546 1
29.0846 0.194657 1.10191 0.0963949 0
29.0803 0.19 1.07996 0.0942546 1
29.131 0.19 1.07996 0.0942546 1
29.1818 0.19 1.07996 0.0942546 1
29.2325 0.19 1.07996 0.0942546 1
29.2832 0.19 1.07996 0.0942546 1
29.334 0.19 1.07996 0.0942546 1
29.3847 0.19 1.07996 0.0942546 1
29.4354 0.19 1.07996 0.0942546 1
29.4862 0.19 1.07996 0.0942546 1
29.5369 0.19 1.07996 0.0942546 1
29.5419 0.145959 1.01097 0.0713149 0
29.5876 0.19 1.07996 0.0942546 1
29.6384 0.19 1.07996 0.0942546 1
29.6891 0.19 1.07996 0.0942546 1
29.7398 0.19 1.07996 0.0942546 1
29.7906 0.19 1.07996 0.0942546 1
29.8413 0.19 1.07996 0.0942546 1
29.892 0.19 1.07996 0.0942546 1
29.9428 0.19 1.07996 0.0942546 1
29.9935 0.19 1.07996 0.0942546 1
30.0035 0.150867 0.954744 0.0738229 0
30.0442 0.19 1.07996 0.0942546 1
30.095 0.19 1.07996 0.0942546 1
30.1457 0.19 1.07996 0.0942546 1
30.1964 0.19 1.07996 0.0942546 1
30.2472 0.19 1.07996 0.0942546 1
30.2979 0.19 1.07996 0.0942546 1
30.3486 0.19 1.07996 0.0942546 1
30.3994 0.19 1.07996 0.0942546 1
30.4501 0.19 1.07996 0.0942546 1
30.4651 0.155539 0.91762 0.0763309 0
30.5008 0.19 1.07996 0.0942546 1
30.5516 0.19 1.07996 0.0942546 1
30.6023 0.19 1.07996 0.0942546 1
30.653 0.19 1.07996 0.0942546 1
30.7038 0.19 1.07996 0.0942546 1
30.7545 0.19 1.07996 0.0942546 1
30.8052 0.19 1.07996 0.0942546 1
30.856 0.19 1.07996 0.0942546 1
30.9067 0.19 1.07996 0.0942546 1
30.9267 0.160079 0.902027 0.0788389 0
30.9574 0.19 1.07996 0.0942546 1
31.0082 0.19 1.07996 0.0942546 1
31.0589 0.19 1.07996 0.0942546 1
31.1096 0.19 1.07996 0.0942546 1
31.1604 0.19 1.07996 0.0942546 1
31.2111 0.19 1.07996 0.0942546 1
31.2618 0.19 1.07996 0.0942546 1
31.3126 0.19 1.07996 0.0942546 1
31.3633 0.19 1.07996 0.0942546 1
31.3883 0.164594 0.906956 0.0813469 0
31.414 0.19 1.07996 0.0942546 1
31.4648 0.19 1.07996 0.0942546 1
31.5155 0.19 1.07996 0.0942546 1
31.5662 0.19 1.07996 0.0942546 1
31.617 0.19 1.07996 0.0942546 1
31.6677 0.19 1.07996 0.0942546 1
31.7184 0.19 1.07996 0.0942546 1
31.7692 0.19 1.07996 0.0942546 1
31.8199 0.19 1.07996 0.0942546 1
31.8499 0.169177 0.928784 0.0838549 0
31.8706 0.19 1.07996 0.0942546 1
31.9214 0.19 1.07996 0.0942546 1
31.9721 0.19 1.07996 0.0942546 1
32.0228 0.19 1.07996 0.0942546 1
32.0736 0.19 1.07996 0.0942546 1
32.1243 0.19 1.07996 0.0942546 1
32.175 0.19 1.07996 0.0942546 1
32.2258 0.19 1.07996 0.0942546 1
32.2765 0.19 1.07996 0.0942546 1
32.3115 0.173901 0.962266 0.0863629 0
32.3272 0.19 1.07996 0.0942546 1
32.378 0.19 1.07996 0.0942546 1
32.4287 0.19 1.07996 0.0942546 1
32.4794 0.19 1.07996 0.0942546 1
32.5302 0.19 1.07996 0.0942546 1
32.5809 0.19 1.07996 0.0942546 1
32.6316 0.19 1.07996 0.0942546 1
32.6824 0.19 1.07996 0.0942546 1
32.7331 0.19 1.07996 0.0942546 1
32.7731 0.178809 1.00152 0.0888709 0
32.7838 0.19 1.07996 0.0942546 1
32.8346 0.19 1.07996 0.0942546 1
32.8853 0.19 1.07996 0.0942546 1
32.936 0.19 1.07996 0.0942546 1
32.9868 0.19 1.07996 0.0942546 1
33.0375 0.19 1.07996 0.0942546 1
33.0882 0.19 1.07996 0.0942546 1
33.139 0.19 1.07996 0.0942546 1
33.1897 0.19 1.07996 0.0942546 1
33.2347 0.183916 1.04087 0.0913789 0
33.2404 0.19 1.07996 0.0942546 1
33.2912 0.19 1.07996 0.0942546 1
33.3419 0.19 1.07996 0.0942546 1
33.3926 0.19 1.07996 0.0942546 1
33.4434 0.19 1.07996 0.0942546 1
33.4941 0.19 1.07996 0.0942546 1
33.5448 0.19 1.07996 0.0942546 1
33.5956 0.19 1.07996 0.0942546 1
33.6463 0.19 1.07996 0.0942546 1
33.6963 0.18921 1.0755 0.0938869 0
33.697 0.19 1.07996 0.0942546 1
33.7478 0.19 1.07996 0.0942546 1
33.7985 0.19 1.07996 0.0942546 1
33.8492 0.19 1.07996 0.0942546 1
33.9 0.19 1.07996 0.0942546 1
33.9507 0.19 1.07996 0.0942546 1
34.0014 0.19 1.07996 0.0942546 1
34.0522 0.19 1.07996 0.0942546 1
34.1029 0.19 1.07996 0.0942546 1
34.1579 0.194657 1.10191 0.0963949 0
34.1536 0.19 1.07996 0.0942546 1
34.2044 0.19 1.07996 0.0942546 1
34.2551 0.19 1.07996 0.0942546 1
34.3058 0.19 1.07996 0.0942546 1
34.3566 0.19 1.07996 0.0942546 1
34.4073 0.19 1.07996 0.0942546 1
34.458 0.19 1.07996 0.0942546 1
34.5088 0.19 1.07996 0.0942546 1
34.5595 0.19 1.07996 0.0942546 1
34.6102 0.19 1.07996 0.0942546 1
34.6152 0.145959 1.01097 0.0713149 0
34.661 0.19 1.07996 0.0942546 1
34.7117 0.19 1.07996 0.0942546 1
34.7624 0.19 1.07996 0.0942546 1
34.8132 0.19 1.07996 0.0942546 1
34.8639 0.19 1.07996 0.0942546 1
34.9146 0.19 1.07996 0.0942546 1
34.9654 0.19 1.07996 0.0942546 1
35.0161 0.19 1.07996 0.0942546 1
35.0668 0.19 1.07996 0.0942546 1
35.0768 0.150867 0.954744 0.0738229 0
35.1176 0.19 1.07996 0.0942546 1
35.1683 0.19 1.07996 0.0942546 1
35.219 0.19 1.07996 0.0942546 1
35.2698 0.19 1.07996 0.0942546 1
35.3205 0.19 1.07996 0.0942546 1
35.3712 0.19 1.07996 0.0942546 1
35.422 0.19 1.07996 0.0942546 1
35.4727 0.19 1.07996 0.0942546 1
35.5234 0.19 1.07996 0.0942546 1
35.5384 0.155539 0.91762 0.0763309 0
35.5742 0.19 1.07996 0.0942546 1
35.6249 0.19 1.07996 0.0942546 1
35.6756 0.19 1.07996 0.0942546 1
35.7264 0.19 1.07996 0.0942546 1
35.7771 0.19 1.07996 0.0942546 1
35.8278 0.19 1.07996 0.0942546 1
35.8786 0.19 1.07996 0.0942546 1
35.9293 0.19 1.07996 0.0942546 1
35.98 0.19 1.07996 0.0942546 1
36 0.160079 0.902027 0.0788389 0
36.0308 0.19 1.07996 0.0942546 1
36.0815 0.19 1.07996 0.0942546 1
36.1322 0.19 1.07996 0.0942546 1
36.183 0.19 1.07996 0.0942546 1
36.2337 0.19 1.07996 0.0942546 1
36.2844 0.19 1.07996 0.0942546 1
36.3352 0.19 1.07996 0.0942546 1
36.3859 0.19 1.07996 0.0942546 1
36.4366 0.19 1.07996 0.0942546 1
36.4616 0.164594 0.906956 0.0813469 0
36.4874 0.19 1.07996 0.0942546 1
36.5381 0.19 1.07996 0.0942546 1
36.5888 0.19 1.07996 0.0942546 1
36.6396 0.19 1.07996 0.0942546 1
36.6903 0.19 1.07996 0.0942546 1
36.741 0.19 1.07996 0.0942546 1
36.7918 0.19 1.07996 0.0942546 1
36.8425 0.19 1.07996 0.0942546 1
36.8932 0.19 1.07996 0.0942546 1
36.9232 0.169177 0.928784 0.0838549 0
36.944 0.19 1.07996 0.0942546 1
36.9947 0.19 1.07996 0.0942546 1
37.0454 0.19 1.07996 0.0942546 1
37.0962 0.19 1.07996 0.0942546 1
37.1469 0.19 1.07996 0.0942546 1
37.1976 0.19 1.07996 0.0942546 1
37.2484 0.19 1.07996 0.0942546 1
37.2991 0.19 1.07996 0.0942546 1
37.3498 0.19 1.07996 0.0942546 1
37.3848 0.173901 0.962266 0.0863629 0
37.4005 0.19 1.07996 0.0942546 1
37.4513 0.19 1.07996 0.0942546 1
37.502 0.19 1.07996 0.0942546 1
37.5527 0.19 1.07996 0.0942546 1
37.6035 0.19 1.07996 0.0942546 1
37.6542 0.19 1.07996 0.0942546 1
37.7049 0.19 1.07996 0.0942546 1
37.7557 0.19 1.07996 0.0942546 1
37.8064 0.19 1.07996 0.0942546 1
37.8464 0.178809 1.00152 0.0888709 0
37.8571 0.19 1.07996 0.0942546 1
37.9079 0.19 1.07996 0.0942546 1
37.9586 0.19 1.07996 0.0942546 1
38.0093 0.19 1.07996 0.0942546 1
38.0601 0.19 1.07996 0.0942546 1
38.1108 0.19 1.07996 0.0942546 1
38.1615 0.19 1.07996 0.0942546 1
38.2123 0.19 1.07996 0.0942546 1
38.263 0.19 1.07996 0.0942546 1
38.308 0.183916 1.04087 0.0913789 0
38.3137 0.19 1.07996 0.0942546 1
38.3645 0.19 1.07996 0.0942546 1
38.4152 0.19 1.07996 0.0942546 1
38.4659 0.19 1.07996 0.0942546 1
38.5167 0.19 1.07996 0.0942546 1
38.5674 0.19 1.07996 0.0942546 1
38.6181 0.19 1.07996 0.0942546 1
38.6689 0.19 1.07996 0.0942546 1
38.7196 0.19 1.07996 0.0942546 1
38.7696 0.18921 1.0755 0.0938869 0
38.7703 0.19 1.07996 0.0942546 1
38.8211 0.19 1.07996 0.0942546 1
38.8718 0.19 1.07996 0.0942546 1
38.9225 0.19 1.07996 0.0942546 1
38.9733 0.19 1.07996 0.0942546 1
39.024 0.19 1.07996 0.0942546 1
39.0747 0.19 1.07996 0.0942546 1
39.1255 0.19 1.07996 0.0942546 1
39.1762 0.19 1.07996 0.0942546 1
39.2312 0.194657 1.10191 0.0963949 0
39.2269 0.19 1.07996 0.0942546 1
39.2777 0.19 1.07996 0.0942546 1
39.3284 0.19 1.07996 0.0942546 1
39.3791 0.19 1.07996 0.0942546 1
39.4299 0.19 1.07996 0.0942546 1
39.4806 0.19 1.07996 0.0942546 1
39.5313 0.19 1.07996 0.0942546 1
39.5821 0.19 1.07996 0.0942546 1
39.6328 0.19 1.07996 0.0942546 1
39.6835 0.19 1.07996 0.0942546 1
39.6885 0.145959 1.01097 0.0713149 0
39.7343 0.19 1.07996 0.0942546 1
39.785 0.19 1.07996 0.0942546 1
39.8357 0.19 1.07996 0.0942546 1
39.8865 0.19 1.07996 0.0942546 1
39.9372 0.19 1.07996 0.0942546 1
39.9879 0.19 1.07996 0.0942546 1
40.0387 0.19 1.07996 0.0942546 1
40.0894 0.19 1.07996 0.0942546 1
40.1401 0.19 1.07996 0.0942546 1
40.1501 0.150867 0.954744 0.0738229 0
40.1909 0.19 1.07996 0.0942546 1
40.2416 0.19 1.07996 0.0942546 1
40.2923 0.19 1.07996 0.0942546 1
40.3431 0.19 1.07996 0.0942546 1
40.3938 0.19 1.07996 0.0942546 1
40.4445 0.19 1.07996 0.0942546 1
40.4953 0.19 1.07996 0.0942546 1
40.546 0.19 1.07996 0.0942546 1
40.5967 0.19 1.07996 0.0942546 1
40.6117 0.155539 0.91762 0.0763309 0
40.6475 0.19 1.07996 0.0942546 1
40.6982 0.19 1.07996 0.0942546 1
40.7489 0.19 1.07996 0.0942546 1
40.7997 0.19 1.07996 0.0942546 1
40.8504 0.19 1.07996 0.0942546 1
40.9011 0.19 1.07996 0.0942546 1
40.9519 0.19 1.07996 0.0942546 1
41.0026 0.19 1.07996 0.0942546 1
41.0533 0.19 1.07996 0.0942546 1
41.0733 0.160079 0.902027 0.0788389 0
41.1041 0.19 1.07996 0.0942546 1
41.1548 0.19 1.07996 0.0942546 1
41.2055 0.19 1.07996 0.0942546 1
41.2563 0.19 1.07996 0.0942546 1
41.307 0.19 1.07996 0.0942546 1
41.3577 0.19 1.07996 0.0942546 1
41.4085 0.19 1.07996 0.0942546 1
41.4592 0.19 1.07996 0.0942546 1
41.5099 0.19 1.07996 0.0942546 1
41.5349 0.164594 0.906956 0.0813469 0
41.5607 0.19 1.07996 0.0942546 1
41.6114 0.19 1.07996 0.0942546 1
41.6621 0.19 1.07996 0.0942546 1
41.7129 0.19 1.07996 0.0942546 1
41.7636 0.19 1.07996 0.0942546 1
41.8143 0.19 1.07996 0.0942546 1
41.8651 0.19 1.07996 0.0942546 1
41.9158 0.19 1.07996 0.0942546 1
41.9665 0.19 1.07996 0.0942546 1
41.9965 0.169177 0.928784 0.0838549 0
42.0173 0.19 1.07996 0.0942546 1
42.068 0.19 1.07996 0.0942546 1
42.1187 0.19 1.07996 0.0942546 1
42.1695 0.19 1.07996 0.0942546 1
42.2202 0.19 1.07996 0.0942546 1
42.2709 0.19 1.07996 0.0942546 1
42.3217 0.19 1.07996 0.0942546 1
42.3724 0.19 1.07996 0.0942546 1
42.4231 0.19 1.07996 0.0942546 1
42.4581 0.173901 0.962266 0.0863629 0
42.4739 0.19 1.07996 0.0942546 1
42.5246 0.19 1.07996 0.0942546 1
42.5753 0.19 1.07996 0.0942546 1
42.6261 0.19 1.07996 0.0942546 1
42.6768 0.19 1.07996 0.0942546 1
42.7275 0.19 1.07996 0.0942546 1
42.7783 0.19 1.07996 0.0942546 1
42.829 0.19 1.07996 0.0942546 1
42.8797 0.19 1.07996 0.0942546 1
42.9197 0.178809 1.00152 0.0888709 0
42.9305 0.19 1.07996 0.0942546 1
42.9812 0.19 1.07996 0.0942546 1
43.0319 0.19 1.07996 0.0942546 1
43.0827 0.19 1.07996 0.0942546 1
43.1334 0.19 1.07996 0.0942546 1
43.1841 0.19 1.07996 0.0942546 1
43.2349 0.19 1.07996 0.0942546 1
43.2856 0.19 1.07996 0.0942546 1
43.3363 0.19 1.07996 0.0942546 1
43.3813 0.183916 1.04087 0.0913789 0
43.3871 0.19 1.07996 0.0942546 1
43.4378 0.19 1.07996 0.0942546 1
43.4885 0.19 1.07996 0.0942546 1
43.5393 0.19 1.07996 0.0942546 1
43.59 0.19 1.07996 0.0942546 1
43.6407 0.19 1.07996 0.0942546 1
43.6915 0.19 1.07996 0.0942546 1
43.7422 0.19 1.07996 0.0942546 1
43.7929 0.19 1.07996 0.0942546 1
43.8429 0.18921 1.0755 0.0938869 0
43.8437 0.19 1.07996 0.0942546 1
43.8944 0.19 1.07996 0.0942546 1
43.9451 0.19 1.07996 0.0942546 1
43.9959 0.19 1.07996 0.0942546 1
44.0466 0.19 1.07996 0.0942546 1
44.0973 0.19 1.07996 0.0942546 1
44.1481 0.19 1.07996 0.0942546 1
44.1988 0.19 1.07996 0.0942546 1
44.2495 0.19 1.07996 0.0942546 1
44.3045 0.194657 1.10191 0.0963949 0
44.3003 0.19 1.07996 0.0942546 1
44.351 0.19 1.07996 0.0942546 1
44.4017 0.19 1.07996 0.0942546 1
44.4525 0.19 1.07996 0.0942546 1
44.5032 0.19 1.07996 0.0942546 1
44.5539 0.19 1.07996 0.0942546 1
44.6047 0.19 1.07996 0.0942546 1
44.6554 0.19 1.07996 0.0942546 1
44.7061 0.19 1.07996 0.0942546 1
44.7569 0.19 1.07996 0.0942546 1
44.7619 0.145959 1.01097 0.0713149 0
44.8076 0.19 1.07996 0.0942546 1
44.8583 0.19 1.07996 0.0942546 1
44.9091 0.19 1.07996 0.0942546 1
44.9598 0.19 1.07996 0.0942546 1
45.0105 0.19 1.07996 0.0942546 1
45.0613 0.19 1.07996 0.0942546 1
45.112 0.19 1.07996 0.0942546 1
45.1627 0.19 1.07996 0.0942546 1
45.2135 0.19 1.07996 0.0942546 1
45.2235 0.150867 0.954744 0.0738229 0
45.2642 0.19 1.07996 0.0942546 1
45.3149 0.19 1.07996 0.0942546 1
45.3657 0.19 1.07996 0.0942546 1
45.4164 0.19 1.07996 0.0942546 1
45.4671 0.19 1.07996 0.0942546 1
45.5179 0.19 1.07996 0.0942546 1
45.5686 0.19 1.07996 0.0942546 1
45.6193 0.19 1.07996 0.0942546 1
45.6701 0.19 1.07996 0.0942546 1
45.6851 0.155539 0.91762 0.0763309 0
45.7208 0.19 1.07996 0.0942546 1
45.7715 0.19 1.07996 0.0942546 1
45.8223 0.19 1.07996 0.0942546 1
45.873 0.19 1.07996 0.0942546 1
45.9237 0.19 1.07996 0.0942546 1
45.9745 0.19 1.07996 0.0942546 1
46.0252 0.19 1.07996 0.0942546 1
46.0759 0.19 1.07996 0.0942546 1
46.1267 0.19 1.07996 0.0942546 1
46.1467 0.160079 0.902027 0.0788389 0
46.1774 0.19 1.07996 0.0942546 1
46.2281 0.19 1.07996 0.0942546 1
46.2789 0.19 1.07996 0.0942546 1
46.3296 0.19 1.07996 0.0942546 1
46.3803 0.19 1.07996 0.0942546 1
46.4311 0.19 1.07996 0.0942546 1
46.4818 0.19 1.07996 0.0942546 1
46.5325 0.19 1.07996 0.0942546 1
46.5833 0.19 1.07996 0.0942546 1
46.6083 0.164594 0.906956 0.0813469 0
46.634 0.19 1.07996 0.0942546 1
46.6847 0.19 1.07996 0.0942546 1
46.7355 0.19 1.07996 0.0942546 1
46.7862 0.19 1.07996 0.0942546 1
46.8369 0.19 1.07996 0.0942546 1
46.8877 0.19 1.07996 0.0942546 1
46.9384 0.19 1.07996 0.0942546 1
46.9891 0.19 1.07996 0.0942546 1
47.0399 0.19 1.07996 0.0942546 1
47.0699 0.169177 0.928784 0.0838549 0
47.0906 0.19 1.07996 0.0942546 1
47.1413 0.19 1.07996 0.0942546 1
47.192 0.19 1.07996 0.0942546 1
47.2428 0.19 1.07996 0.0942546 1
47.2935 0.19 1.07996 0.0942546 1
47.3442 0.19 1.07996 0.0942546 1
47.395 0.19 1.07996 0.0942546 1
47.4457 0.19 1.07996 0.0942546 1
47.4964 0.19 1.07996 0.0942546 1
47.5314 0.173901 0.962266 0.0863629 0
47.5472 0.19 1.07996 0.0942546 1
47.5979 0.19 1.07996 0.0942546 1
47.6486 0.19 1.07996 0.0942546 1
47.6994 0.19 1.07996 0.0942546 1
47.7501 0.19 1.07996 0.0942546 1
47.8008 0.19 1.07996 0.0942546 1
47.8516 0.19 1.07996 0.0942546 1
47.9023 0.19 1.07996 0.0942546 1
47.953 0.19 1.07996 0.0942546 1
47.993 0.178809 1.00152 0.0888709 0
48.0038 0.19 1.07996 0.0942546 1
48.0545 0.19 1.07996 0.0942546 1
48.1052 0.19 1.07996 0.0942546 1
48.156 0.19 1.07996 0.0942546 1
48.2067 0.19 1.07996 0.0942546 1
48.2574 0.19 1.07996 0.0942546 1
48.3082 0.19 1.07996 0.0942546 1
48.3589 0.19 1.07996 0.0942546 1
48.4096 0.19 1.07996 0.0942546 1
48.4546 0.183916 1.04087 0.0913789 0
48.4604 0.19 1.07996 0.0942546 1
48.5111 0.19 1.07996 0.0942546 1
48.5618 0.19 1.07996 0.0942546 1
48.6126 0.19 1.07996 0.0942546 1
48.6633 0.19 1.07996 0.0942546 1
48.714 0.19 1.07996 0.0942546 1
48.7648 0.19 1.07996 0.0942546 1
48.8155 0.19 1.07996 0.0942546 1
48.8662 0.19 1.07996 0.0942546 1
48.9162 0.18921 1.0755 0.0938869 0
48.917 0.19 1.07996 0.0942546 1
48.9677 0.19 1.07996 0.0942546 1
49.0184 0.19 1.07996 0.0942546 1
49.0692 0.19 1.07996 0.0942546 1
49.1199 0.19 1.07996 0.0942546 1
49.1706 0.19 1.07996 0.0942546 1
49.2214 0.19 1.07996 0.0942546 1
49.2721 0.19 1.07996 0.0942546 1
49.3228 0.19 1.07996 0.0942546 1
49.3778 0.194657 1.10191 0.0963949 0
49.3736 0.19 1.07996 0.0942546 1
49.4243 0.19 1.07996 0.0942546 1
49.475 0.19 1.07996 0.0942546 1
49.5258 0.19 1.07996 0.0942546 1
49.5765 0.19 1.07996 0.0942546 1
49.6272 0.19 1.07996 0.0942546 1
49.678 0.19 1.07996 0.0942546 1
49.7287 0.19 1.07996 0.0942546 1
49.7794 0.19 1.07996 0.0942546 1
49.8302 0.19 1.07996 0.0942546 1
49.8352 0.145959 1.01097 0.0713149 0
49.8809 0.19 1.07996 0.0942546 1
49.9316 0.19 1.07996 0.0942546 1
49.9824 0.19 1.07996 0.0942546 1
0.5016 0.5016 0.5016 0.5016 0.5016
