t x v M dripped?
0 0 0 0.01 0
0.167154 0.19 0.946529 0.0936104 1
0.214094 0.19 1.16435 0.0949386 1
0.267379 0.19 0.984757 0.0939563 1
0.314989 0.19 1.13342 0.0946399 1
0.367428 0.19 1.02284 0.094053 1
0.416341 0.19 1.11417 0.0944692 1
0.46826 0.19 1.04487 0.0941255 1
0.48326 0.15696 0.868314 0.0770413 0
0.517919 0.19 1.10065 0.0943774 1
0.569428 0.19 1.05804 0.0941731 1
0.619533 0.19 1.09186 0.0943262 1
0.670763 0.19 1.06587 0.0942038 1
0.721134 0.19 1.08632 0.0942969 1
0.772185 0.19 1.07053 0.0942233 1
0.822712 0.19 1.0829 0.0942798 1
0.873651 0.19 1.07332 0.0942354 1
0.924272 0.19 1.08081 0.0942697 1
0.949272 0.164559 0.905403 0.0813028 0
0.975141 0.19 1.075 0.0942428 1
1.02582 0.19 1.07953 0.0942636 1
1.07665 0.19 1.07601 0.0942474 1
1.12736 0.19 1.07875 0.09426 1
1.17816 0.19 1.07662 0.0942501 1
1.22889 0.19 1.07828 0.0942578 1
1.27968 0.19 1.07699 0.0942518 1
1.33042 0.19 1.078 0.0942564 1
1.38119 0.19 1.07722 0.0942528 1
1.41119 0.169223 0.924731 0.0838762 0
1.43195 0.19 1.07782 0.0942556 1
1.48272 0.19 1.07735 0.0942535 1
1.53347 0.19 1.07772 0.0942552 1
1.58424 0.19 1.07743 0.0942538 1
1.635 0.19 1.07766 0.0942549 1
1.68576 0.19 1.07748 0.0942541 1
1.73652 0.19 1.07762 0.0942547 1
1.78729 0.19 1.07751 0.0942542 1
1.83805 0.19 1.07759 0.0942546 1
1.87305 0.173918 0.958579 0.0863695 0
1.88881 0.19 1.07753 0.0942543 1
1.93957 0.19 1.07758 0.0942545 1
1.99033 0.19 1.07754 0.0942543 1
2.04109 0.19 1.07757 0.0942545 1
2.09186 0.19 1.07755 0.0942544 1
2.14262 0.19 1.07757 0.0942544 1
2.19338 0.19 1.07755 0.0942544 1
2.24414 0.19 1.07756 0.0942544 1
2.29491 0.19 1.07755 0.0942544 1
2.33491 0.17881 0.998183 0.0888713 0
2.34567 0.19 1.07756 0.0942544 1
2.39643 0.19 1.07756 0.0942544 1
2.44719 0.19 1.07756 0.0942544 1
2.49795 0.19 1.07756 0.0942544 1
2.54872 0.19 1.07756 0.0942544 1
2.59948 0.19 1.07756 0.0942544 1
2.65024 0.19 1.07756 0.0942544 1
2.701 0.19 1.07756 0.0942544 1
2.75176 0.19 1.07756 0.0942544 1
2.79676 0.183901 1.0379 0.0913722 0
2.80253 0.19 1.07756 0.0942544 1
2.85329 0.19 1.07756 0.0942544 1
2.90405 0.19 1.07756 0.0942544 1
2.95481 0.19 1.07756 0.0942544 1
3.00557 0.19 1.07756 0.0942544 1
3.05634 0.19 1.07756 0.0942544 1
3.1071 0.19 1.07756 0.0942544 1
3.15786 0.19 1.07756 0.0942544 1
3.20862 0.19 1.07756 0.0942544 1
3.25862 0.189181 1.07289 0.0938732 0
3.25938 0.19 1.07756 0.0942544 1
3.31015 0.19 1.07756 0.0942544 1
3.36091 0.19 1.07756 0.0942544 1
3.41167 0.19 1.07756 0.0942544 1
3.46243 0.19 1.07756 0.0942544 1
3.51319 0.19 1.07756 0.0942544 1
3.56396 0.19 1.07756 0.0942544 1
3.61472 0.19 1.07756 0.0942544 1
3.66548 0.19 1.07756 0.0942544 1
3.72048 0.194616 1.09958 0.0963742 0
3.71624 0.19 1.07756 0.0942544 1
3.767 0.19 1.07756 0.0942544 1
3.81777 0.19 1.07756 0.0942544 1
3.86853 0.19 1.07756 0.0942544 1
3.91929 0.19 1.07756 0.0942544 1
3.97005 0.19 1.07756 0.0942544 1
4.02081 0.19 1.07756 0.0942544 1
4.07158 0.19 1.07756 0.0942544 1
4.12234 0.19 1.07756 0.0942544 1
4.1731 0.19 1.07756 0.0942544 1
4.1781 0.146092 1.00799 0.0713642 0
4.22386 0.19 1.07756 0.0942544 1
4.27462 0.19 1.07756 0.0942544 1
4.32539 0.19 1.07756 0.0942544 1
4.37615 0.19 1.07756 0.0942544 1
4.42691 0.19 1.07756 0.0942544 1
4.47767 0.19 1.07756 0.0942544 1
4.52843 0.19 1.07756 0.0942544 1
4.5792 0.19 1.07756 0.0942544 1
4.62996 0.19 1.07756 0.0942544 1
4.63996 0.150983 0.951253 0.0738652 0
4.68072 0.19 1.07756 0.0942544 1
4.73148 0.19 1.07756 0.0942544 1
4.78224 0.19 1.07756 0.0942544 1
4.83301 0.19 1.07756 0.0942544 1
4.88377 0.19 1.07756 0.0942544 1
4.93453 0.19 1.07756 0.0942544 1
4.98529 0.19 1.07756 0.0942544 1
5.03605 0.19 1.07756 0.0942544 1
5.08682 0.19 1.07756 0.0942544 1
5.10182 0.155637 0.913752 0.0763662 0
5.13758 0.19 1.07756 0.0942544 1
5.18834 0.19 1.07756 0.0942544 1
5.2391 0.19 1.07756 0.0942544 1
5.28986 0.19 1.07756 0.0942544 1
5.34063 0.19 1.07756 0.0942544 1
5.39139 0.19 1.07756 0.0942544 1
5.44215 0.19 1.07756 0.0942544 1
5.49291 0.19 1.07756 0.0942544 1
5.54367 0.19 1.07756 0.0942544 1
5.56367 0.160157 0.897957 0.0788672 0
5.59444 0.19 1.07756 0.0942544 1
5.6452 0.19 1.07756 0.0942544 1
5.69596 0.19 1.07756 0.0942544 1
5.74672 0.19 1.07756 0.0942544 1
5.79748 0.19 1.07756 0.0942544 1
5.84825 0.19 1.07756 0.0942544 1
5.89901 0.19 1.07756 0.0942544 1
5.94977 0.19 1.07756 0.0942544 1
6.00053 0.19 1.07756 0.0942544 1
6.02553 0.164651 0.902864 0.0813682 0
6.05129 0.19 1.07756 0.0942544 1
6.10206 0.19 1.07756 0.0942544 1
6.15282 0.19 1.07756 0.0942544 1
6.20358 0.19 1.07756 0.0942544 1
6.25434 0.19 1.07756 0.0942544 1
6.3051 0.19 1.07756 0.0942544 1
6.35587 0.19 1.07756 0.0942544 1
6.40663 0.19 1.07756 0.0942544 1
6.45739 0.19 1.07756 0.0942544 1
6.48739 0.169214 0.924833 0.0838692 0
6.50815 0.19 1.07756 0.0942544 1
6.55891 0.19 1.07756 0.0942544 1
6.60968 0.19 1.07756 0.0942544 1
6.66044 0.19 1.07756 0.0942544 1
6.7112 0.19 1.07756 0.0942544 1
6.76196 0.19 1.07756 0.0942544 1
6.81273 0.19 1.07756 0.0942544 1
6.86349 0.19 1.07756 0.0942544 1
6.91425 0.19 1.07756 0.0942544 1
6.94925 0.173919 0.958584 0.0863702 0
6.96501 0.19 1.07756 0.0942544 1
7.01577 0.19 1.07756 0.0942544 1
7.06654 0.19 1.07756 0.0942544 1
7.1173 0.19 1.07756 0.0942544 1
7.16806 0.19 1.07756 0.0942544 1
7.21882 0.19 1.07756 0.0942544 1
7.26958 0.19 1.07756 0.0942544 1
7.32035 0.19 1.07756 0.0942544 1
7.37111 0.19 1.07756 0.0942544 1
7.41111 0.17881 0.998181 0.0888712 0
7.42187 0.19 1.07756 0.0942544 1
7.47263 0.19 1.07756 0.0942544 1
7.52339 0.19 1.07756 0.0942544 1
7.57416 0.19 1.07756 0.0942544 1
7.62492 0.19 1.07756 0.0942544 1
7.67568 0.19 1.07756 0.0942544 1
7.72644 0.19 1.07756 0.0942544 1
7.7772 0.19 1.07756 0.0942544 1
7.82797 0.19 1.07756 0.0942544 1
7.87297 0.183901 1.0379 0.0913722 0
7.87873 0.19 1.07756 0.0942544 1
7.92949 0.19 1.07756 0.0942544 1
7.98025 0.19 1.07756 0.0942544 1
8.03101 0.19 1.07756 0.0942544 1
8.08178 0.19 1.07756 0.0942544 1
8.13254 0.19 1.07756 0.0942544 1
8.1833 0.19 1.07756 0.0942544 1
8.23406 0.19 1.07756 0.0942544 1
8.28482 0.19 1.07756 0.0942544 1
8.33482 0.189181 1.07289 0.0938732 0
8.33559 0.19 1.07756 0.0942544 1
8.38635 0.19 1.07756 0.0942544 1
8.43711 0.19 1.07756 0.0942544 1
8.48787 0.19 1.07756 0.0942544 1
8.53863 0.19 1.07756 0.0942544 1
8.5894 0.19 1.07756 0.0942544 1
8.64016 0.19 1.07756 0.0942544 1
8.69092 0.19 1.07756 0.0942544 1
8.74168 0.19 1.07756 0.0942544 1
8.79668 0.194616 1.09958 0.0963742 0
8.79244 0.19 1.07756 0.0942544 1
8.84321 0.19 1.07756 0.0942544 1
8.89397 0.19 1.07756 0.0942544 1
8.94473 0.19 1.07756 0.0942544 1
8.99549 0.19 1.07756 0.0942544 1
9.04625 0.19 1.07756 0.0942544 1
9.09702 0.19 1.07756 0.0942544 1
9.14778 0.19 1.07756 0.0942544 1
9.19854 0.19 1.07756 0.0942544 1
9.2493 0.19 1.07756 0.0942544 1
9.2543 0.146092 1.00799 0.0713642 0
9.30006 0.19 1.07756 0.0942544 1
9.35083 0.19 1.07756 0.0942544 1
9.40159 0.19 1.07756 0.0942544 1
9.45235 0.19 1.07756 0.0942544 1
9.50311 0.19 1.07756 0.0942544 1
9.55387 0.19 1.07756 0.0942544 1
9.60464 0.19 1.07756 0.0942544 1
9.6554 0.19 1.07756 0.0942544 1
9.70616 0.19 1.07756 0.0942544 1
9.71616 0.150983 0.951253 0.0738652 0
9.75692 0.19 1.07756 0.0942544 1
9.80768 0.19 1.07756 0.0942544 1
9.85845 0.19 1.07756 0.0942544 1
9.90921 0.19 1.07756 0.0942544 1
9.95997 0.19 1.07756 0.0942544 1
10.0107 0.19 1.07756 0.0942544 1
10.0615 0.19 1.07756 0.0942544 1
10.1123 0.19 1.07756 0.0942544 1
10.163 0.19 1.07756 0.0942544 1
10.178 0.155637 0.913752 0.0763662 0
10.2138 0.19 1.07756 0.0942544 1
10.2645 0.19 1.07756 0.0942544 1
10.3153 0.19 1.07756 0.0942544 1
10.3661 0.19 1.07756 0.0942544 1
10.4168 0.19 1.07756 0.0942544 1
10.4676 0.19 1.07756 0.0942544 1
10.5184 0.19 1.07756 0.0942544 1
10.5691 0.19 1.07756 0.0942544 1
10.6199 0.19 1.07756 0.0942544 1
10.6399 0.160157 0.897957 0.0788672 0
10.6706 0.19 1.07756 0.0942544 1
10.7214 0.19 1.07756 0.0942544 1
10.7722 0.19 1.07756 0.0942544 1
10.8229 0.19 1.07756 0.0942544 1
10.8737 0.19 1.07756 0.0942544 1
10.9244 0.19 1.07756 0.0942544 1
10.9752 0.19 1.07756 0.0942544 1
11.026 0.19 1.07756 0.0942544 1
11.0767 0.19 1.07756 0.0942544 1
11.1017 0.164651 0.902864 0.0813682 0
11.1275 0.19 1.07756 0.0942544 1
11.1783 0.19 1.07756 0.0942544 1
11.229 0.19 1.07756 0.0942544 1
11.2798 0.19 1.07756 0.0942544 1
11.3305 0.19 1.07756 0.0942544 1
11.3813 0.19 1.07756 0.0942544 1
11.4321 0.19 1.07756 0.0942544 1
11.4828 0.19 1.07756 0.0942544 1
11.5336 0.19 1.07756 0.0942544 1
11.5636 0.169214 0.924833 0.0838692 0
11.5844 0.19 1.07756 0.0942544 1
11.6351 0.19 1.07756 0.0942544 1
11.6859 0.19 1.07756 0.0942544 1
11.7366 0.19 1.07756 0.0942544 1
11.7874 0.19 1.07756 0.0942544 1
11.8382 0.19 1.07756 0.0942544 1
11.8889 0.19 1.07756 0.0942544 1
11.9397 0.19 1.07756 0.0942544 1
11.9905 0.19 1.07756 0.0942544 1
12.0255 0.173919 0.958584 0.0863702 0
12.0412 0.19 1.07756 0.0942544 1
12.092 0.19 1.07756 0.0942544 1
12.1427 0.19 1.07756 0.0942544 1
12.1935 0.19 1.07756 0.0942544 1
12.2443 0.19 1.07756 0.0942544 1
12.295 0.19 1.07756 0.0942544 1
12.3458 0.19 1.07756 0.0942544 1
12.3965 0.19 1.07756 0.0942544 1
12.4473 0.19 1.07756 0.0942544 1
12.4873 0.17881 0.998181 0.0888712 0
12.4981 0.19 1.07756 0.0942544 1
12.5488 0.19 1.07756 0.0942544 1
12.5996 0.19 1.07756 0.0942544 1
12.6504 0.19 1.07756 0.0942544 1
12.7011 0.19 1.07756 0.0942544 1
12.7519 0.19 1.07756 0.0942544 1
12.8026 0.19 1.07756 0.0942544 1
12.8534 0.19 1.07756 0.0942544 1
12.9042 0.19 1.07756 0.0942544 1
12.9492 0.183901 1.0379 0.0913722 0
12.9549 0.19 1.07756 0.0942544 1
13.0057 0.19 1.07756 0.0942544 1
13.0565 0.19 1.07756 0.0942544 1
13.1072 0.19 1.07756 0.0942544 1
13.158 0.19 1.07756 0.0942544 1
13.2087 0.19 1.07756 0.0942544 1
13.2595 0.19 1.07756 0.0942544 1
13.3103 0.19 1.07756 0.0942544 1
13.361 0.19 1.07756 0.0942544 1
13.411 0.189181 1.07289 0.0938732 0
13.4118 0.19 1.07756 0.0942544 1
13.4626 0.19 1.07756 0.0942544 1
13.5133 0.19 1.07756 0.0942544 1
13.5641 0.19 1.07756 0.0942544 1
13.6148 0.19 1.07756 0.0942544 1
13.6656 0.19 1.07756 0.0942544 1
13.7164 0.19 1.07756 0.0942544 1
13.7671 0.19 1.07756 0.0942544 1
13.8179 0.19 1.07756 0.0942544 1
13.8729 0.194616 1.09958 0.0963742 0
13.8686 0.19 1.07756 0.0942544 1
13.9194 0.19 1.07756 0.0942544 1
13.9702 0.19 1.07756 0.0942544 1
14.0209 0.19 1.07756 0.0942544 1
14.0717 0.19 1.07756 0.0942544 1
14.1225 0.19 1.07756 0.0942544 1
14.1732 0.19 1.07756 0.0942544 1
14.224 0.19 1.07756 0.0942544 1
14.2747 0.19 1.07756 0.0942544 1
14.3255 0.19 1.07756 0.0942544 1
14.3305 0.146092 1.00799 0.0713642 0
14.3763 0.19 1.07756 0.0942544 1
14.427 0.19 1.07756 0.0942544 1
14.4778 0.19 1.07756 0.0942544 1
14.5286 0.19 1.07756 0.0942544 1
14.5793 0.19 1.07756 0.0942544 1
14.6301 0.19 1.07756 0.0942544 1
14.6808 0.19 1.07756 0.0942544 1
14.7316 0.19 1.07756 0.0942544 1
14.7824 0.19 1.07756 0.0942544 1
14.7924 0.150983 0.951253 0.0738652 0
14.8331 0.19 1.07756 0.0942544 1
14.8839 0.19 1.07756 0.0942544 1
14.9346 0.19 1.07756 0.0942544 1
14.9854 0.19 1.07756 0.0942544 1
15.0362 0.19 1.07756 0.0942544 1
15.0869 0.19 1.07756 0.0942544 1
15.1377 0.19 1.07756 0.0942544 1
15.1885 0.19 1.07756 0.0942544 1
15.2392 0.19 1.07756 0.0942544 1
15.2542 0.155637 0.913752 0.0763662 0
15.29 0.19 1.07756 0.0942544 1
15.3407 0.19 1.07756 0.0942544 1
15.3915 0.19 1.07756 0.0942544 1
15.4423 0.19 1.07756 0.0942544 1
15.493 0.19 1.07756 0.0942544 1
15.5438 0.19 1.07756 0.0942544 1
15.5946 0.19 1.07756 0.0942544 1
15.6453 0.19 1.07756 0.0942544 1
15.6961 0.19 1.07756 0.0942544 1
15.7161 0.160157 0.897957 0.0788672 0
15.7468 0.19 1.07756 0.0942544 1
15.7976 0.19 1.07756 0.0942544 1
15.8484 0.19 1.07756 0.0942544 1
15.8991 0.19 1.07756 0.0942544 1
15.9499 0.19 1.07756 0.0942544 1
16.0007 0.19 1.07756 0.0942544 1
16.0514 0.19 1.07756 0.0942544 1
16.1022 0.19 1.07756 0.0942544 1
16.1529 0.19 1.07756 0.0942544 1
16.1779 0.164651 0.902864 0.0813682 0
16.2037 0.19 1.07756 0.0942544 1
16.2545 0.19 1.07756 0.0942544 1
16.3052 0.19 1.07756 0.0942544 1
16.356 0.19 1.07756 0.0942544 1
16.4067 0.19 1.07756 0.0942544 1
16.4575 0.19 1.07756 0.0942544 1
16.5083 0.19 1.07756 0.0942544 1
16.559 0.19 1.07756 0.0942544 1
16.6098 0.19 1.07756 0.0942544 1
16.6398 0.169214 0.924833 0.0838692 0
16.6606 0.19 1.07756 0.0942544 1
16.7113 0.19 1.07756 0.0942544 1
16.7621 0.19 1.07756 0.0942544 1
16.8128 0.19 1.07756 0.0942544 1
16.8636 0.19 1.07756 0.0942544 1
16.9144 0.19 1.07756 0.0942544 1
16.9651 0.19 1.07756 0.0942544 1
17.0159 0.19 1.07756 0.0942544 1
17.0667 0.19 1.07756 0.0942544 1
17.1017 0.173919 0.958584 0.0863702 0
17.1174 0.19 1.07756 0.0942544 1
17.1682 0.19 1.07756 0.0942544 1
17.2189 0.19 1.07756 0.0942544 1
17.2697 0.19 1.07756 0.0942544 1
17.3205 0.19 1.07756 0.0942544 1
17.3712 0.19 1.07756 0.0942544 1
17.422 0.19 1.07756 0.0942544 1
17.4728 0.19 1.07756 0.0942544 1
17.5235 0.19 1.07756 0.0942544 1
17.5635 0.17881 0.998181 0.0888712 0
17.5743 0.19 1.07756 0.0942544 1
17.625 0.19 1.07756 0.0942544 1
17.6758 0.19 1.07756 0.0942544 1
17.7266 0.19 1.07756 0.0942544 1
17.7773 0.19 1.07756 0.0942544 1
17.8281 0.19 1.07756 0.0942544 1
17.8788 0.19 1.07756 0.0942544 1
17.9296 0.19 1.07756 0.0942544 1
17.9804 0.19 1.07756 0.0942544 1
18.0254 0.183901 1.0379 0.0913722 0
18.0311 0.19 1.07756 0.0942544 1
18.0819 0.19 1.07756 0.0942544 1
18.1327 0.19 1.07756 0.0942544 1
18.1834 0.19 1.07756 0.0942544 1
18.2342 0.19 1.07756 0.0942544 1
18.2849 0.19 1.07756 0.0942544 1
18.3357 0.19 1.07756 0.0942544 1
18.3865 0.19 1.07756 0.0942544 1
18.4372 0.19 1.07756 0.0942544 1
18.4872 0.189181 1.07289 0.0938732 0
18.488 0.19 1.07756 0.0942544 1
18.5388 0.19 1.07756 0.0942544 1
18.5895 0.19 1.07756 0.0942544 1
18.6403 0.19 1.07756 0.0942544 1
18.691 0.19 1.07756 0.0942544 1
18.7418 0.19 1.07756 0.0942544 1
18.7926 0.19 1.07756 0.0942544 1
18.8433 0.19 1.07756 0.0942544 1
18.8941 0.19 1.07756 0.0942544 1
18.9491 0.194616 1.09958 0.0963742 0
18.9448 0.19 1.07756 0.0942544 1
18.9956 0.19 1.07756 0.0942544 1
19.0464 0.19 1.07756 0.0942544 1
19.0971 0.19 1.07756 0.0942544 1
19.1479 0.19 1.07756 0.0942544 1
19.1987 0.19 1.07756 0.0942544 1
19.2494 0.19 1.07756 0.0942544 1
19.3002 0.19 1.07756 0.0942544 1
19.3509 0.19 1.07756 0.0942544 1
19.4017 0.19 1.07756 0.0942544 1
19.4067 0.146092 1.00799 0.0713642 0
19.4525 0.19 1.07756 0.0942544 1
19.5032 0.19 1.07756 0.0942544 1
19.554 0.19 1.07756 0.0942544 1
19.6048 0.19 1.07756 0.0942544 1
19.6555 0.19 1.07756 0.0942544 1
19.7063 0.19 1.07756 0.0942544 1
19.757 0.19 1.07756 0.0942544 1
19.8078 0.19 1.07756 0.0942544 1
19.8586 0.19 1.07756 0.0942544 1
19.8686 0.150983 0.951253 0.0738652 0
19.9093 0.19 1.07756 0.0942544 1
19.9601 0.19 1.07756 0.0942544 1
20.0109 0.19 1.07756 0.0942544 1
20.0616 0.19 1.07756 0.0942544 1
20.1124 0.19 1.07756 0.0942544 1
20.1631 0.19 1.07756 0.0942544 1
20.2139 0.19 1.07756 0.0942544 1
20.2647 0.19 1.07756 0.0942544 1
20.3154 0.19 1.07756 0.0942544 1
20.3304 0.155637 0.913752 0.0763662 0
20.3662 0.19 1.07756 0.0942544 1
20.4169 0.19 1.07756 0.0942544 1
20.4677 0.19 1.07756 0.0942544 1
20.5185 0.19 1.07756 0.0942544 1
20.5692 0.19 1.07756 0.0942544 1
20.62 0.19 1.07756 0.0942544 1
20.6708 0.19 1.07756 0.0942544 1
20.7215 0.19 1.07756 0.0942544 1
20.7723 0.19 1.07756 0.0942544 1
20.7923 0.160157 0.897957 0.0788672 0
20.823 0.19 1.07756 0.0942544 1
20.8738 0.19 1.07756 0.0942544 1
20.9246 0.19 1.07756 0.0942544 1
20.9753 0.19 1.07756 0.0942544 1
21.0261 0.19 1.07756 0.0942544 1
21.0769 0.19 1.07756 0.0942544 1
21.1276 0.19 1.07756 0.0942544 1
21.1784 0.19 1.07756 0.0942544 1
21.2291 0.19 1.07756 0.0942544 1
21.2541 0.164651 0.902864 0.0813682 0
21.2799 0.19 1.07756 0.0942544 1
21.3307 0.19 1.07756 0.0942544 1
21.3814 0.19 1.07756 0.0942544 1
21.4322 0.19 1.07756 0.0942544 1
21.4829 0.19 1.07756 0.0942544 1
21.5337 0.19 1.07756 0.0942544 1
21.5845 0.19 1.07756 0.0942544 1
21.6352 0.19 1.07756 0.0942544 1
21.686 0.19 1.07756 0.0942544 1
21.716 0.169214 0.924833 0.0838692 0
21.7368 0.19 1.07756 0.0942544 1
21.7875 0.19 1.07756 0.0942544 1
21.8383 0.19 1.07756 0.0942544 1
21.889 0.19 1.07756 0.0942544 1
21.9398 0.19 1.07756 0.0942544 1
21.9906 0.19 1.07756 0.0942544 1
22.0413 0.19 1.07756 0.0942544 1
22.0921 0.19 1.07756 0.0942544 1
22.1429 0.19 1.07756 0.0942544 1
22.1779 0.173919 0.958584 0.0863702 0
22.1936 0.19 1.07756 0.0942544 1
22.2444 0.19 1.07756 0.0942544 1
22.2951 0.19 1.07756 0.0942544 1
22.3459 0.19 1.07756 0.0942544 1
22.3967 0.19 1.07756 0.0942544 1
22.4474 0.19 1.07756 0.0942544 1
22.4982 0.19 1.07756 0.0942544 1
22.549 0.19 1.07756 0.0942544 1
22.5997 0.19 1.07756 0.0942544 1
22.6397 0.17881 0.998181 0.0888712 0
22.6505 0.19 1.07756 0.0942544 1
22.7012 0.19 1.07756 0.0942544 1
22.752 0.19 1.07756 0.0942544 1
22.8028 0.19 1.07756 0.0942544 1
22.8535 0.19 1.07756 0.0942544 1
22.9043 0.19 1.07756 0.0942544 1
22.955 0.19 1.07756 0.0942544 1
23.0058 0.19 1.07756 0.0942544 1
23.0566 0.19 1.07756 0.0942544 1
23.1016 0.183901 1.0379 0.0913722 0
23.1073 0.19 1.07756 0.0942544 1
23.1581 0.19 1.07756 0.0942544 1
23.2089 0.19 1.07756 0.0942544 1
23.2596 0.19 1.07756 0.0942544 1
23.3104 0.19 1.07756 0.0942544 1
23.3611 0.19 1.07756 0.0942544 1
23.4119 0.19 1.07756 0.0942544 1
23.4627 0.19 1.07756 0.0942544 1
23.5134 0.19 1.07756 0.0942544 1
23.5634 0.189181 1.07289 0.0938732 0
23.5642 0.19 1.07756 0.0942544 1
23.615 0.19 1.07756 0.0942544 1
23.6657 0.19 1.07756 0.0942544 1
23.7165 0.19 1.07756 0.0942544 1
23.7672 0.19 1.07756 0.0942544 1
23.818 0.19 1.07756 0.0942544 1
23.8688 0.19 1.07756 0.0942544 1
23.9195 0.19 1.07756 0.0942544 1
23.9703 0.19 1.07756 0.0942544 1
24.0253 0.194616 1.09958 0.0963742 0
24.0211 0.19 1.07756 0.0942544 1
24.0718 0.19 1.07756 0.0942544 1
24.1226 0.19 1.07756 0.0942544 1
24.1733 0.19 1.07756 0.0942544 1
24.2241 0.19 1.07756 0.0942544 1
24.2749 0.19 1.07756 0.0942544 1
24.3256 0.19 1.07756 0.0942544 1
24.3764 0.19 1.07756 0.0942544 1
24.4271 0.19 1.07756 0.0942544 1
24.4779 0.19 1.07756 0.0942544 1
24.4829 0.146092 1.00799 0.0713642 0
24.5287 0.19 1.07756 0.0942544 1
24.5794 0.19 1.07756 0.0942544 1
24.6302 0.19 1.07756 0.0942544 1
24.681 0.19 1.07756 0.0942544 1
24.7317 0.19 1.07756 0.0942544 1
24.7825 0.19 1.07756 0.0942544 1
24.8332 0.19 1.07756 0.0942544 1
24.884 0.19 1.07756 0.0942544 1
24.9348 0.19 1.07756 0.0942544 1
24.9448 0.150983 0.951253 0.0738652 0
24.9855 0.19 1.07756 0.0942544 1
25.0363 0.19 1.07756 0.0942544 1
25.0871 0.19 1.07756 0.0942544 1
25.1378 0.19 1.07756 0.0942544 1
25.1886 0.19 1.07756 0.0942544 1
25.2393 0.19 1.07756 0.0942544 1
25.2901 0.19 1.07756 0.0942544 1
25.3409 0.19 1.07756 0.0942544 1
25.3916 0.19 1.07756 0.0942544 1
25.4066 0.155637 0.913752 0.0763662 0
25.4424 0.19 1.07756 0.0942544 1
25.4931 0.19 1.07756 0.0942544 1
25.5439 0.19 1.07756 0.0942544 1
25.5947 0.19 1.07756 0.0942544 1
25.6454 0.19 1.07756 0.0942544 1
25.6962 0.19 1.07756 0.0942544 1
25.747 0.19 1.07756 0.0942544 1
25.7977 0.19 1.07756 0.0942544 1
25.8485 0.19 1.07756 0.0942544 1
25.8685 0.160157 0.897957 0.0788672 0
25.8992 0.19 1.07756 0.0942544 1
25.95 0.19 1.07756 0.0942544 1
26.0008 0.19 1.07756 0.0942544 1
26.0515 0.19 1.07756 0.0942544 1
26.1023 0.19 1.07756 0.0942544 1
26.1531 0.19 1.07756 0.0942544 1
26.2038 0.19 1.07756 0.0942544 1
26.2546 0.19 1.07756 0.0942544 1
26.3053 0.19 1.07756 0.0942544 1
26.3303 0.164651 0.902864 0.0813682 0
26.3561 0.19 1.07756 0.0942544 1
26.4069 0.19 1.07756 0.0942544 1
26.4576 0.19 1.07756 0.0942544 1
26.5084 0.19 1.07756 0.0942544 1
26.5592 0.19 1.07756 0.0942544 1
26.6099 0.19 1.07756 0.0942544 1
26.6607 0.19 1.07756 0.0942544 1
26.7114 0.19 1.07756 0.0942544 1
26.7622 0.19 1.07756 0.0942544 1
26.7922 0.169214 0.924833 0.0838692 0
26.813 0.19 1.07756 0.0942544 1
26.8637 0.19 1.07756 0.0942544 1
26.9145 0.19 1.07756 0.0942544 1
26.9652 0.19 1.07756 0.0942544 1
27.016 0.19 1.07756 0.0942544 1
27.0668 0.19 1.07756 0.0942544 1
27.1175 0.19 1.07756 0.0942544 1
27.1683 0.19 1.07756 0.0942544 1
27.2191 0.19 1.07756 0.0942544 1
27.2541 0.173919 0.958584 0.0863702 0
27.2698 0.19 1.07756 0.0942544 1
27.3206 0.19 1.07756 0.0942544 1
27.3713 0.19 1.07756 0.0942544 1
27.4221 0.19 1.07756 0.0942544 1
27.4729 0.19 1.07756 0.0942544 1
27.5236 0.19 1.07756 0.0942544 1
27.5744 0.19 1.07756 0.0942544 1
27.6252 0.19 1.07756 0.0942544 1
27.6759 0.19 1.07756 0.0942544 1
27.7159 0.17881 0.998181 0.0888712 0
27.7267 0.19 1.07756 0.0942544 1
27.7774 0.19 1.07756 0.0942544 1
27.8282 0.19 1.07756 0.0942544 1
27.879 0.19 1.07756 0.0942544 1
27.9297 0.19 1.07756 0.0942544 1
27.9805 0.19 1.07756 0.0942544 1
28.0313 0.19 1.07756 0.0942544 1
28.082 0.19 1.07756 0.0942544 1
28.1328 0.19 1.07756 0.0942544 1
28.1778 0.183901 1.0379 0.0913722 0
28.1835 0.19 1.07756 0.0942544 1
28.2343 0.19 1.07756 0.0942544 1
28.2851 0.19 1.07756 0.0942544 1
28.3358 0.19 1.07756 0.0942544 1
28.3866 0.19 1.07756 0.0942544 1
28.4373 0.19 1.07756 0.0942544 1
28.4881 0.19 1.07756 0.0942544 1
28.5389 0.19 1.07756 0.0942544 1
28.5896 0.19 1.07756 0.0942544 1
28.6396 0.189181 1.07289 0.0938732 0
28.6404 0.19 1.07756 0.0942544 1
28.6912 0.19 1.07756 0.0942544 1
28.7419 0.19 1.07756 0.0942544 1
28.7927 0.19 1.07756 0.0942544 1
28.8434 0.19 1.07756 0.0942544 1
28.8942 0.19 1.07756 0.0942544 1
28.945 0.19 1.07756 0.0942544 1
28.9957 0.19 1.07756 0.0942544 1
29.0465 0.19 1.07756 0.0942544 1
29.1015 0.194616 1.09958 0.0963742 0
29.0973 0.19 1.07756 0.0942544 1
29.148 0.19 1.07756 0.0942544 1
29.1988 0.19 1.07756 0.0942544 1
29.2495 0.19 1.07756 0.0942544 1
29.3003 0.19 1.07756 0.0942544 1
29.3511 0.19 1.07756 0.0942544 1
29.4018 0.19 1.07756 0.0942544 1
29.4526 0.19 1.07756 0.0942544 1
29.5033 0.19 1.07756 0.0942544 1
29.5541 0.19 1.07756 0.0942544 1
29.5591 0.146092 1.00799 0.0713642 0
29.6049 0.19 1.07756 0.0942544 1
29.6556 0.19 1.07756 0.0942544 1
29.7064 0.19 1.07756 0.0942544 1
29.7572 0.19 1.07756 0.0942544 1
29.8079 0.19 1.07756 0.0942544 1
29.8587 0.19 1.07756 0.0942544 1
29.9094 0.19 1.07756 0.0942544 1
29.9602 0.19 1.07756 0.0942544 1
30.011 0.19 1.07756 0.0942544 1
30.021 0.150983 0.951253 0.0738652 0
30.0617 0.19 1.07756 0.0942544 1
30.1125 0.19 1.07756 0.0942544 1
30.1633 0.19 1.07756 0.0942544 1
30.214 0.19 1.07756 0.0942544 1
30.2648 0.19 1.07756 0.0942544 1
30.3155 0.19 1.07756 0.0942544 1
30.3663 0.19 1.07756 0.0942544 1
30.4171 0.19 1.07756 0.0942544 1
30.4678 0.19 1.07756 0.0942544 1
30.4828 0.155637 0.913752 0.0763662 0
30.5186 0.19 1.07756 0.0942544 1
30.5694 0.19 1.07756 0.0942544 1
30.6201 0.19 1.07756 0.0942544 1
30.6709 0.19 1.07756 0.0942544 1
30.7216 0.19 1.07756 0.0942544 1
30.7724 0.19 1.07756 0.0942544 1
30.8232 0.19 1.07756 0.0942544 1
30.8739 0.19 1.07756 0.0942544 1
30.9247 0.19 1.07756 0.0942544 1
30.9447 0.160157 0.897957 0.0788672 0
30.9754 0.19 1.07756 0.0942544 1
31.0262 0.19 1.07756 0.0942544 1
31.077 0.19 1.07756 0.0942544 1
31.1277 0.19 1.07756 0.0942544 1
31.1785 0.19 1.07756 0.0942544 1
31.2293 0.19 1.07756 0.0942544 1
31.28 0.19 1.07756 0.0942544 1
31.3308 0.19 1.07756 0.0942544 1
31.3815 0.19 1.07756 0.0942544 1
31.4065 0.164651 0.902864 0.0813682 0
31.4323 0.19 1.07756 0.0942544 1
31.4831 0.19 1.07756 0.0942544 1
31.5338 0.19 1.07756 0.0942544 1
31.5846 0.19 1.07756 0.0942544 1
31.6354 0.19 1.07756 0.0942544 1
31.6861 0.19 1.07756 0.0942544 1
31.7369 0.19 1.07756 0.0942544 1
31.7876 0.19 1.07756 0.0942544 1
31.8384 0.19 1.07756 0.0942544 1
31.8684 0.169214 0.924833 0.0838692 0
31.8892 0.19 1.07756 0.0942544 1
31.9399 0.19 1.07756 0.0942544 1
31.9907 0.19 1.07756 0.0942544 1
32.0415 0.19 1.07756 0.0942544 1
32.0922 0.19 1.07756 0.0942544 1
32.143 0.19 1.07756 0.0942544 1
32.1937 0.19 1.07756 0.0942544 1
32.2445 0.19 1.07756 0.0942544 1
32.2953 0.19 1.07756 0.0942544 1
32.3303 0.173919 0.958584 0.0863702 0
32.346 0.19 1.07756 0.0942544 1
32.3968 0.19 1.07756 0.0942544 1
32.4475 0.19 1.07756 0.0942544 1
32.4983 0.19 1.07756 0.0942544 1
32.5491 0.19 1.07756 0.0942544 1
32.5998 0.19 1.07756 0.0942544 1
32.6506 0.19 1.07756 0.0942544 1
32.7014 0.19 1.07756 0.0942544 1
32.7521 0.19 1.07756 0.0942544 1
32.7921 0.17881 0.998181 0.0888712 0
32.8029 0.19 1.07756 0.0942544 1
32.8536 0.19 1.07756 0.0942544 1
32.9044 0.19 1.07756 0.0942544 1
32.9552 0.19 1.07756 0.0942544 1
33.0059 0.19 1.07756 0.0942544 1
33.0567 0.19 1.07756 0.0942544 1
33.1075 0.19 1.07756 0.0942544 1
33.1582 0.19 1.07756 0.0942544 1
33.209 0.19 1.07756 0.0942544 1
33.254 0.183901 1.0379 0.0913722 0
33.2597 0.19 1.07756 0.0942544 1
33.3105 0.19 1.07756 0.0942544 1
33.3613 0.19 1.07756 0.0942544 1
33.412 0.19 1.07756 0.0942544 1
33.4628 0.19 1.07756 0.0942544 1
33.5135 0.19 1.07756 0.0942544 1
33.5643 0.19 1.07756 0.0942544 1
33.6151 0.19 1.07756 0.0942544 1
33.6658 0.19 1.07756 0.0942544 1
33.7158 0.189181 1.07289 0.0938732 0
33.7166 0.19 1.07756 0.0942544 1
33.7674 0.19 1.07756 0.0942544 1
33.8181 0.19 1.07756 0.0942544 1
33.8689 0.19 1.07756 0.0942544 1
33.9196 0.19 1.07756 0.0942544 1
33.9704 0.19 1.07756 0.0942544 1
34.0212 0.19 1.07756 0.0942544 1
34.0719 0.19 1.07756 0.0942544 1
34.1227 0.19 1.07756 0.0942544 1
34.1777 0.194616 1.09958 0.0963742 0
34.1735 0.19 1.07756 0.0942544 1
34.2242 0.19 1.07756 0.0942544 1
34.275 0.19 1.07756 0.0942544 1
34.3257 0.19 1.07756 0.0942544 1
34.3765 0.19 1.07756 0.0942544 1
34.4273 0.19 1.07756 0.0942544 1
34.478 0.19 1.07756 0.0942544 1
34.5288 0.19 1.07756 0.0942544 1
34.5796 0.19 1.07756 0.0942544 1
34.6303 0.19 1.07756 0.0942544 1
34.6353 0.146092 1.00799 0.0713642 0
34.6811 0.19 1.07756 0.0942544 1
34.7318 0.19 1.07756 0.0942544 1
34.7826 0.19 1.07756 0.0942544 1
34.8334 0.19 1.07756 0.0942544 1
34.8841 0.19 1.07756 0.0942544 1
34.9349 0.19 1.07756 0.0942544 1
34.9856 0.19 1.07756 0.0942544 1
35.0364 0.19 1.07756 0.0942544 1
35.0872 0.19 1.07756 0.0942544 1
35.0972 0.150983 0.951253 0.0738652 0
35.1379 0.19 1.07756 0.0942544 1
35.1887 0.19 1.07756 0.0942544 1
35.2395 0.19 1.07756 0.0942544 1
35.2902 0.19 1.07756 0.0942544 1
35.341 0.19 1.07756 0.0942544 1
35.3917 0.19 1.07756 0.0942544 1
35.4425 0.19 1.07756 0.0942544 1
35.4933 0.19 1.07756 0.0942544 1
35.544 0.19 1.07756 0.0942544 1
35.559 0.155637 0.913752 0.0763662 0
35.5948 0.19 1.07756 0.0942544 1
35.6456 0.19 1.07756 0.0942544 1
35.6963 0.19 1.07756 0.0942544 1
35.7471 0.19 1.07756 0.0942544 1
35.7978 0.19 1.07756 0.0942544 1
35.8486 0.19 1.07756 0.0942544 1
35.8994 0.19 1.07756 0.0942544 1
35.9501 0.19 1.07756 0.0942544 1
36.0009 0.19 1.07756 0.0942544 1
36.0209 0.160157 0.897957 0.0788672 0
36.0517 0.19 1.07756 0.0942544 1
36.1024 0.19 1.07756 0.0942544 1
36.1532 0.19 1.07756 0.0942544 1
36.2039 0.19 1.07756 0.0942544 1
36.2547 0.19 1.07756 0.0942544 1
36.3055 0.19 1.07756 0.0942544 1
36.3562 0.19 1.07756 0.0942544 1
36.407 0.19 1.07756 0.0942544 1
36.4577 0.19 1.07756 0.0942544 1
36.4827 0.164651 0.902864 0.0813682 0
36.5085 0.19 1.07756 0.0942544 1
36.5593 0.19 1.07756 0.0942544 1
36.61 0.19 1.07756 0.0942544 1
36.6608 0.19 1.07756 0.0942544 1
36.7116 0.19 1.07756 0.0942544 1
36.7623 0.19 1.07756 0.0942544 1
36.8131 0.19 1.07756 0.0942544 1
36.8638 0.19 1.07756 0.0942544 1
36.9146 0.19 1.07756 0.0942544 1
36.9446 0.169214 0.924833 0.0838692 0
36.9654 0.19 1.07756 0.0942544 1
37.0161 0.19 1.07756 0.0942544 1
37.0669 0.19 1.07756 0.0942544 1
37.1177 0.19 1.07756 0.0942544 1
37.1684 0.19 1.07756 0.0942544 1
37.2192 0.19 1.07756 0.0942544 1
37.2699 0.19 1.07756 0.0942544 1
37.3207 0.19 1.07756 0.0942544 1
37.3715 0.19 1.07756 0.0942544 1
37.4065 0.173919 0.958584 0.0863702 0
37.4222 0.19 1.07756 0.0942544 1
37.473 0.19 1.07756 0.0942544 1
37.5237 0.19 1.07756 0.0942544 1
37.5745 0.19 1.07756 0.0942544 1
37.6253 0.19 1.07756 0.0942544 1
37.676 0.19 1.07756 0.0942544 1
37.7268 0.19 1.07756 0.0942544 1
37.7776 0.19 1.07756 0.0942544 1
37.8283 0.19 1.07756 0.0942544 1
37.8683 0.17881 0.998181 0.0888712 0
37.8791 0.19 1.07756 0.0942544 1
37.9298 0.19 1.07756 0.0942544 1
37.9806 0.19 1.07756 0.0942544 1
38.0314 0.19 1.07756 0.0942544 1
38.0821 0.19 1.07756 0.0942544 1
38.1329 0.19 1.07756 0.0942544 1
38.1837 0.19 1.07756 0.0942544 1
38.2344 0.19 1.07756 0.0942544 1
38.2852 0.19 1.07756 0.0942544 1
38.3302 0.183901 1.0379 0.0913722 0
38.3359 0.19 1.07756 0.0942544 1
38.3867 0.19 1.07756 0.0942544 1
38.4375 0.19 1.07756 0.0942544 1
38.4882 0.19 1.07756 0.0942544 1
38.539 0.19 1.07756 0.0942544 1
38.5898 0.19 1.07756 0.0942544 1
38.6405 0.19 1.07756 0.0942544 1
38.6913 0.19 1.07756 0.0942544 1
38.742 0.19 1.07756 0.0942544 1
38.792 0.189181 1.07289 0.0938732 0
38.7928 0.19 1.07756 0.0942544 1
38.8436 0.19 1.07756 0.0942544 1
38.8943 0.19 1.07756 0.0942544 1
38.9451 0.19 1.07756 0.0942544 1
38.9958 0.19 1.07756 0.0942544 1
39.0466 0.19 1.07756 0.0942544 1
39.0974 0.19 1.07756 0.0942544 1
39.1481 0.19 1.07756 0.0942544 1
39.1989 0.19 1.07756 0.0942544 1
39.2539 0.194616 1.09958 0.0963742 0
39.2497 0.19 1.07756 0.0942544 1
39.3004 0.19 1.07756 0.0942544 1
39.3512 0.19 1.07756 0.0942544 1
39.4019 0.19 1.07756 0.0942544 1
39.4527 0.19 1.07756 0.0942544 1
39.5035 0.19 1.07756 0.0942544 1
39.5542 0.19 1.07756 0.0942544 1
39.605 0.19 1.07756 0.0942544 1
39.6558 0.19 1.07756 0.0942544 1
39.7065 0.19 1.07756 0.0942544 1
39.7115 0.146092 1.00799 0.0713642 0
39.7573 0.19 1.07756 0.0942544 1
39.808 0.19 1.07756 0.0942544 1
39.8588 0.19 1.07756 0.0942544 1
39.9096 0.19 1.07756 0.0942544 1
39.9603 0.19 1.07756 0.0942544 1
40.0111 0.19 1.07756 0.0942544 1
40.0619 0.19 1.07756 0.0942544 1
40.1126 0.19 1.07756 0.0942544 1
40.1634 0.19 1.07756 0.0942544 1
40.1734 0.150983 0.951253 0.0738652 0
40.2141 0.19 1.07756 0.0942544 1
40.2649 0.19 1.07756 0.0942544 1
40.3157 0.19 1.07756 0.0942544 1
40.3664 0.19 1.07756 0.0942544 1
40.4172 0.19 1.07756 0.0942544 1
40.4679 0.19 1.07756 0.0942544 1
40.5187 0.19 1.07756 0.0942544 1
40.5695 0.19 1.07756 0.0942544 1
40.6202 0.19 1.07756 0.0942544 1
40.6352 0.155637 0.913752 0.0763662 0
40.671 0.19 1.07756 0.0942544 1
40.7218 0.19 1.07756 0.0942544 1
40.7725 0.19 1.07756 0.0942544 1
40.8233 0.19 1.07756 0.0942544 1
40.874 0.19 1.07756 0.0942544 1
40.9248 0.19 1.07756 0.0942544 1
40.9756 0.19 1.07756 0.0942544 1
41.0263 0.19 1.07756 0.0942544 1
41.0771 0.19 1.07756 0.0942544 1
41.0971 0.160157 0.897957 0.0788672 0
41.1279 0.19 1.07756 0.0942544 1
41.1786 0.19 1.07756 0.0942544 1
41.2294 0.19 1.07756 0.0942544 1
41.2801 0.19 1.07756 0.0942544 1
41.3309 0.19 1.07756 0.0942544 1
41.3817 0.19 1.07756 0.0942544 1
41.4324 0.19 1.07756 0.0942544 1
41.4832 0.19 1.07756 0.0942544 1
41.5339 0.19 1.07756 0.0942544 1
41.5589 0.164651 0.902864 0.0813682 0
41.5847 0.19 1.07756 0.0942544 1
41.6355 0.19 1.07756 0.0942544 1
41.6862 0.19 1.07756 0.0942544 1
41.737 0.19 1.07756 0.0942544 1
41.7878 0.19 1.07756 0.0942544 1
41.8385 0.19 1.07756 0.0942544 1
41.8893 0.19 1.07756 0.0942544 1
41.94 0.19 1.07756 0.0942544 1
41.9908 0.19 1.07756 0.0942544 1
42.0208 0.169214 0.924833 0.0838692 0
42.0416 0.19 1.07756 0.0942544 1
42.0923 0.19 1.07756 0.0942544 1
42.1431 0.19 1.07756 0.0942544 1
42.1939 0.19 1.07756 0.0942544 1
42.2446 0.19 1.07756 0.0942544 1
42.2954 0.19 1.07756 0.0942544 1
42.3461 0.19 1.07756 0.0942544 1
42.3969 0.19 1.07756 0.0942544 1
42.4477 0.19 1.07756 0.0942544 1
42.4827 0.173919 0.958584 0.0863702 0
42.4984 0.19 1.07756 0.0942544 1
42.5492 0.19 1.07756 0.0942544 1
42.6 0.19 1.07756 0.0942544 1
42.6507 0.19 1.07756 0.0942544 1
42.7015 0.19 1.07756 0.0942544 1
42.7522 0.19 1.07756 0.0942544 1
42.803 0.19 1.07756 0.0942544 1
42.8538 0.19 1.07756 0.0942544 1
42.9045 0.19 1.07756 0.0942544 1
42.9445 0.17881 0.998181 0.0888712 0
42.9553 0.19 1.07756 0.0942544 1
43.006 0.19 1.07756 0.0942544 1
43.0568 0.19 1.07756 0.0942544 1
43.1076 0.19 1.07756 0.0942544 1
43.1583 0.19 1.07756 0.0942544 1
43.2091 0.19 1.07756 0.0942544 1
43.2599 0.19 1.07756 0.0942544 1
43.3106 0.19 1.07756 0.0942544 1
43.3614 0.19 1.07756 0.0942544 1
43.4064 0.183901 1.0379 0.0913722 0
43.4121 0.19 1.07756 0.0942544 1
43.4629 0.19 1.07756 0.0942544 1
43.5137 0.19 1.07756 0.0942544 1
43.5644 0.19 1.07756 0.0942544 1
43.6152 0.19 1.07756 0.0942544 1
43.666 0.19 1.07756 0.0942544 1
43.7167 0.19 1.07756 0.0942544 1
43.7675 0.19 1.07756 0.0942544 1
43.8182 0.19 1.07756 0.0942544 1
43.8682 0.189181 1.07289 0.0938732 0
43.869 0.19 1.07756 0.0942544 1
43.9198 0.19 1.07756 0.0942544 1
43.9705 0.19 1.07756 0.0942544 1
44.0213 0.19 1.07756 0.0942544 1
44.0721 0.19 1.07756 0.0942544 1
44.1228 0.19 1.07756 0.0942544 1
44.1736 0.19 1.07756 0.0942544 1
44.2243 0.19 1.07756 0.0942544 1
44.2751 0.19 1.07756 0.0942544 1
44.3301 0.194616 1.09958 0.0963742 0
44.3259 0.19 1.07756 0.0942544 1
44.3766 0.19 1.07756 0.0942544 1
44.4274 0.19 1.07756 0.0942544 1
44.4781 0.19 1.07756 0.0942544 1
44.5289 0.19 1.07756 0.0942544 1
44.5797 0.19 1.07756 0.0942544 1
44.6304 0.19 1.07756 0.0942544 1
44.6812 0.19 1.07756 0.0942544 1
44.732 0.19 1.07756 0.0942544 1
44.7827 0.19 1.07756 0.0942544 1
44.7877 0.146092 1.00799 0.0713642 0
44.8335 0.19 1.07756 0.0942544 1
44.8842 0.19 1.07756 0.0942544 1
44.935 0.19 1.07756 0.0942544 1
44.9858 0.19 1.07756 0.0942544 1
45.0365 0.19 1.07756 0.0942544 1
45.0873 0.19 1.07756 0.0942544 1
45.1381 0.19 1.07756 0.0942544 1
45.1888 0.19 1.07756 0.0942544 1
45.2396 0.19 1.07756 0.0942544 1
45.2496 0.150983 0.951253 0.0738652 0
45.2903 0.19 1.07756 0.0942544 1
45.3411 0.19 1.07756 0.0942544 1
45.3919 0.19 1.07756 0.0942544 1
45.4426 0.19 1.07756 0.0942544 1
45.4934 0.19 1.07756 0.0942544 1
45.5441 0.19 1.07756 0.0942544 1
45.5949 0.19 1.07756 0.0942544 1
45.6457 0.19 1.07756 0.0942544 1
45.6964 0.19 1.07756 0.0942544 1
45.7114 0.155637 0.913752 0.0763662 0
45.7472 0.19 1.07756 0.0942544 1
45.798 0.19 1.07756 0.0942544 1
45.8487 0.19 1.07756 0.0942544 1
45.8995 0.19 1.07756 0.0942544 1
45.9502 0.19 1.07756 0.0942544 1
46.001 0.19 1.07756 0.0942544 1
46.0518 0.19 1.07756 0.0942544 1
46.1025 0.19 1.07756 0.0942544 1
46.1533 0.19 1.07756 0.0942544 1
46.1733 0.160157 0.897957 0.0788672 0
46.2041 0.19 1.07756 0.0942544 1
46.2548 0.19 1.07756 0.0942544 1
46.3056 0.19 1.07756 0.0942544 1
46.3563 0.19 1.07756 0.0942544 1
46.4071 0.19 1.07756 0.0942544 1
46.4579 0.19 1.07756 0.0942544 1
46.5086 0.19 1.07756 0.0942544 1
46.5594 0.19 1.07756 0.0942544 1
46.6102 0.19 1.07756 0.0942544 1
46.6352 0.164651 0.902864 0.0813682 0
46.6609 0.19 1.07756 0.0942544 1
46.7117 0.19 1.07756 0.0942544 1
46.7624 0.19 1.07756 0.0942544 1
46.8132 0.19 1.07756 0.0942544 1
46.864 0.19 1.07756 0.0942544 1
46.9147 0.19 1.07756 0.0942544 1
46.9655 0.19 1.07756 0.0942544 1
47.0162 0.19 1.07756 0.0942544 1
47.067 0.19 1.07756 0.0942544 1
47.097 0.169214 0.924833 0.0838692 0
47.1178 0.19 1.07756 0.0942544 1
47.1685 0.19 1.07756 0.0942544 1
47.2193 0.19 1.07756 0.0942544 1
47.2701 0.19 1.07756 0.0942544 1
47.3208 0.19 1.07756 0.0942544 1
47.3716 0.19 1.07756 0.0942544 1
47.4223 0.19 1.07756 0.0942544 1
47.4731 0.19 1.07756 0.0942544 1
47.5239 0.19 1.07756 0.0942544 1
47.5589 0.173919 0.958584 0.0863702 0
47.5746 0.19 1.07756 0.0942544 1
47.6254 0.19 1.07756 0.0942544 1
47.6762 0.19 1.07756 0.0942544 1
47.7269 0.19 1.07756 0.0942544 1
47.7777 0.19 1.07756 0.0942544 1
47.8284 0.19 1.07756 0.0942544 1
47.8792 0.19 1.07756 0.0942544 1
47.93 0.19 1.07756 0.0942544 1
47.9807 0.19 1.07756 0.0942544 1
48.0207 0.17881 0.998181 0.0888712 0
48.0315 0.19 1.07756 0.0942544 1
48.0823 0.19 1.07756 0.0942544 1
48.133 0.19 1.07756 0.0942544 1
48.1838 0.19 1.07756 0.0942544 1
48.2345 0.19 1.07756 0.0942544 1
48.2853 0.19 1.07756 0.0942544 1
48.3361 0.19 1.07756 0.0942544 1
48.3868 0.19 1.07756 0.0942544 1
48.4376 0.19 1.07756 0.0942544 1
48.4826 0.183901 1.0379 0.0913722 0
48.4883 0.19 1.07756 0.0942544 1
48.5391 0.19 1.07756 0.0942544 1
48.5899 0.19 1.07756 0.0942544 1
48.6406 0.19 1.07756 0.0942544 1
48.6914 0.19 1.07756 0.0942544 1
48.7422 0.19 1.07756 0.0942544 1
48.7929 0.19 1.07756 0.0942544 1
48.8437 0.19 1.07756 0.0942544 1
48.8944 0.19 1.07756 0.0942544 1
48.9444 0.189181 1.07289 0.0938732 0
48.9452 0.19 1.07756 0.0942544 1
48.996 0.19 1.07756 0.0942544 1
49.0467 0.19 1.07756 0.0942544 1
49.0975 0.19 1.07756 0.0942544 1
49.1483 0.19 1.07756 0.0942544 1
49.199 0.19 1.07756 0.0942544 1
49.2498 0.19 1.07756 0.0942544 1
49.3005 0.19 1.07756 0.0942544 1
49.3513 0.19 1.07756 0.0942544 1
49.4063 0.194616 1.09958 0.0963742 0
49.4021 0.19 1.07756 0.0942544 1
49.4528 0.19 1.07756 0.0942544 1
49.5036 0.19 1.07756 0.0942544 1
49.5543 0.19 1.07756 0.0942544 1
49.6051 0.19 1.07756 0.0942544 1
49.6559 0.19 1.07756 0.0942544 1
49.7066 0.19 1.07756 0.0942544 1
49.7574 0.19 1.07756 0.0942544 1
49.8082 0.19 1.07756 0.0942544 1
49.8589 0.19 1.07756 0.0942544 1
49.8639 0.146092 1.00799 0.0713642 0
49.9097 0.19 1.07756 0.0942544 1
49.9604 0.19 1.07756 0.0942544 1
0.5002 0.5002 0.5002 0.5002 0.5002
