t x v M dripped?
0 0 0 0.01 0
0.166931 0.19 0.947356 0.0935992 1
0.213883 0.19 1.16628 0.0949447 1
0.267184 0.19 0.984759 0.0939548 1
0.31475 0.19 1.135 0.094645 1
0.367188 0.19 1.02315 0.0940509 1
0.416068 0.19 1.11569 0.0944727 1
0.467988 0.19 1.04536 0.0941238 1
0.482988 0.15694 0.869233 0.0770374 0
0.517618 0.19 1.10206 0.0943797 1
0.569126 0.19 1.05869 0.0941717 1
0.619207 0.19 1.09317 0.0943278 1
0.670433 0.19 1.06663 0.0942029 1
0.720783 0.19 1.08756 0.0942981 1
0.771828 0.19 1.07138 0.0942226 1
0.822337 0.19 1.08407 0.0942806 1
0.873268 0.19 1.07423 0.0942349 1
0.923873 0.19 1.08193 0.0942702 1
0.948873 0.164532 0.907234 0.0812917 0
0.974733 0.19 1.07595 0.0942425 1
1.02539 0.19 1.08062 0.094264 1
1.07621 0.19 1.07699 0.0942472 1
1.12691 0.19 1.07983 0.0942603 1
1.1777 0.19 1.07762 0.0942501 1
1.22842 0.19 1.07934 0.094258 1
1.27919 0.19 1.078 0.0942518 1
1.32992 0.19 1.07904 0.0942566 1
1.38069 0.19 1.07823 0.0942529 1
1.41069 0.169207 0.926419 0.0838703 0
1.43142 0.19 1.07886 0.0942558 1
1.48218 0.19 1.07837 0.0942535 1
1.53293 0.19 1.07876 0.0942553 1
1.58368 0.19 1.07846 0.0942539 1
1.63443 0.19 1.07869 0.094255 1
1.68518 0.19 1.07851 0.0942541 1
1.73593 0.19 1.07865 0.0942548 1
1.78668 0.19 1.07854 0.0942543 1
1.83743 0.19 1.07862 0.0942547 1
1.87243 0.17391 0.960156 0.0863663 0
1.88818 0.19 1.07856 0.0942544 1
1.93892 0.19 1.07861 0.0942546 1
1.98968 0.19 1.07857 0.0942544 1
2.04042 0.19 1.0786 0.0942546 1
2.09117 0.19 1.07858 0.0942545 1
2.14192 0.19 1.0786 0.0942546 1
2.19267 0.19 1.07858 0.0942545 1
2.24342 0.19 1.07859 0.0942545 1
2.29417 0.19 1.07858 0.0942545 1
2.33417 0.17881 0.999613 0.0888712 0
2.34492 0.19 1.07859 0.0942545 1
2.39567 0.19 1.07858 0.0942545 1
2.44642 0.19 1.07859 0.0942545 1
2.49717 0.19 1.07859 0.0942545 1
2.54792 0.19 1.07859 0.0942545 1
2.59867 0.19 1.07859 0.0942545 1
2.64942 0.19 1.07859 0.0942545 1
2.70017 0.19 1.07859 0.0942545 1
2.75092 0.19 1.07859 0.0942545 1
2.79592 0.183907 1.03917 0.0913751 0
2.80167 0.19 1.07859 0.0942545 1
2.85242 0.19 1.07859 0.0942545 1
2.90317 0.19 1.07859 0.0942545 1
2.95392 0.19 1.07859 0.0942545 1
3.00467 0.19 1.07859 0.0942545 1
3.05542 0.19 1.07859 0.0942545 1
3.10617 0.19 1.07859 0.0942545 1
3.15692 0.19 1.07859 0.0942545 1
3.20767 0.19 1.07859 0.0942545 1
3.25767 0.189193 1.07401 0.0938791 0
3.25842 0.19 1.07859 0.0942545 1
3.30917 0.19 1.07859 0.0942545 1
3.35992 0.19 1.07859 0.0942545 1
3.41066 0.19 1.07859 0.0942545 1
3.46141 0.19 1.07859 0.0942545 1
3.51216 0.19 1.07859 0.0942545 1
3.56291 0.19 1.07859 0.0942545 1
3.61366 0.19 1.07859 0.0942545 1
3.66441 0.19 1.07859 0.0942545 1
3.71941 0.194634 1.10058 0.0963831 0
3.71516 0.19 1.07859 0.0942545 1
3.76591 0.19 1.07859 0.0942545 1
3.81666 0.19 1.07859 0.0942545 1
3.86741 0.19 1.07859 0.0942545 1
3.91816 0.19 1.07859 0.0942545 1
3.96891 0.19 1.07859 0.0942545 1
4.01966 0.19 1.07859 0.0942545 1
4.07041 0.19 1.07859 0.0942545 1
4.12116 0.19 1.07859 0.0942545 1
4.17191 0.19 1.07859 0.0942545 1
4.17691 0.146035 1.00927 0.0713431 0
4.22266 0.19 1.07859 0.0942545 1
4.27341 0.19 1.07859 0.0942545 1
4.32416 0.19 1.07859 0.0942545 1
4.37491 0.19 1.07859 0.0942545 1
4.42566 0.19 1.07859 0.0942545 1
4.47641 0.19 1.07859 0.0942545 1
4.52716 0.19 1.07859 0.0942545 1
4.57791 0.19 1.07859 0.0942545 1
4.62866 0.19 1.07859 0.0942545 1
4.63866 0.150933 0.952749 0.0738471 0
4.67941 0.19 1.07859 0.0942545 1
4.73016 0.19 1.07859 0.0942545 1
4.7809 0.19 1.07859 0.0942545 1
4.83165 0.19 1.07859 0.0942545 1
4.8824 0.19 1.07859 0.0942545 1
4.93315 0.19 1.07859 0.0942545 1
4.9839 0.19 1.07859 0.0942545 1
5.03465 0.19 1.07859 0.0942545 1
5.0854 0.19 1.07859 0.0942545 1
5.1004 0.155595 0.915409 0.0763511 0
5.13615 0.19 1.07859 0.0942545 1
5.1869 0.19 1.07859 0.0942545 1
5.23765 0.19 1.07859 0.0942545 1
5.2884 0.19 1.07859 0.0942545 1
5.33915 0.19 1.07859 0.0942545 1
5.3899 0.19 1.07859 0.0942545 1
5.44065 0.19 1.07859 0.0942545 1
5.4914 0.19 1.07859 0.0942545 1
5.54215 0.19 1.07859 0.0942545 1
5.56215 0.160124 0.899701 0.0788551 0
5.5929 0.19 1.07859 0.0942545 1
5.64365 0.19 1.07859 0.0942545 1
5.6944 0.19 1.07859 0.0942545 1
5.74515 0.19 1.07859 0.0942545 1
5.7959 0.19 1.07859 0.0942545 1
5.84665 0.19 1.07859 0.0942545 1
5.8974 0.19 1.07859 0.0942545 1
5.94815 0.19 1.07859 0.0942545 1
5.9989 0.19 1.07859 0.0942545 1
6.0239 0.164626 0.904617 0.0813591 0
6.04965 0.19 1.07859 0.0942545 1
6.10039 0.19 1.07859 0.0942545 1
6.15114 0.19 1.07859 0.0942545 1
6.20189 0.19 1.07859 0.0942545 1
6.25264 0.19 1.07859 0.0942545 1
6.30339 0.19 1.07859 0.0942545 1
6.35414 0.19 1.07859 0.0942545 1
6.40489 0.19 1.07859 0.0942545 1
6.45564 0.19 1.07859 0.0942545 1
6.48564 0.169198 0.926526 0.0838631 0
6.50639 0.19 1.07859 0.0942545 1
6.55714 0.19 1.07859 0.0942545 1
6.60789 0.19 1.07859 0.0942545 1
6.65864 0.19 1.07859 0.0942545 1
6.70939 0.19 1.07859 0.0942545 1
6.76014 0.19 1.07859 0.0942545 1
6.81089 0.19 1.07859 0.0942545 1
6.86164 0.19 1.07859 0.0942545 1
6.91239 0.19 1.07859 0.0942545 1
6.94739 0.173911 0.960162 0.0863671 0
6.96314 0.19 1.07859 0.0942545 1
7.01389 0.19 1.07859 0.0942545 1
7.06464 0.19 1.07859 0.0942545 1
7.11539 0.19 1.07859 0.0942545 1
7.16614 0.19 1.07859 0.0942545 1
7.21689 0.19 1.07859 0.0942545 1
7.26764 0.19 1.07859 0.0942545 1
7.31839 0.19 1.07859 0.0942545 1
7.36914 0.19 1.07859 0.0942545 1
7.40914 0.178809 0.999611 0.0888711 0
7.41989 0.19 1.07859 0.0942545 1
7.47063 0.19 1.07859 0.0942545 1
7.52138 0.19 1.07859 0.0942545 1
7.57213 0.19 1.07859 0.0942545 1
7.62288 0.19 1.07859 0.0942545 1
7.67363 0.19 1.07859 0.0942545 1
7.72438 0.19 1.07859 0.0942545 1
7.77513 0.19 1.07859 0.0942545 1
7.82588 0.19 1.07859 0.0942545 1
7.87088 0.183907 1.03917 0.0913751 0
7.87663 0.19 1.07859 0.0942545 1
7.92738 0.19 1.07859 0.0942545 1
7.97813 0.19 1.07859 0.0942545 1
8.02888 0.19 1.07859 0.0942545 1
8.07963 0.19 1.07859 0.0942545 1
8.13038 0.19 1.07859 0.0942545 1
8.18113 0.19 1.07859 0.0942545 1
8.23188 0.19 1.07859 0.0942545 1
8.28263 0.19 1.07859 0.0942545 1
8.33263 0.189193 1.07401 0.0938791 0
8.33338 0.19 1.07859 0.0942545 1
8.38413 0.19 1.07859 0.0942545 1
8.43488 0.19 1.07859 0.0942545 1
8.48563 0.19 1.07859 0.0942545 1
8.53638 0.19 1.07859 0.0942545 1
8.58713 0.19 1.07859 0.0942545 1
8.63788 0.19 1.07859 0.0942545 1
8.68863 0.19 1.07859 0.0942545 1
8.73938 0.19 1.07859 0.0942545 1
8.79438 0.194634 1.10058 0.0963831 0
8.79013 0.19 1.07859 0.0942545 1
8.84087 0.19 1.07859 0.0942545 1
8.89162 0.19 1.07859 0.0942545 1
8.94237 0.19 1.07859 0.0942545 1
8.99312 0.19 1.07859 0.0942545 1
9.04387 0.19 1.07859 0.0942545 1
9.09462 0.19 1.07859 0.0942545 1
9.14537 0.19 1.07859 0.0942545 1
9.19612 0.19 1.07859 0.0942545 1
9.24687 0.19 1.07859 0.0942545 1
9.25187 0.146035 1.00927 0.0713431 0
9.29762 0.19 1.07859 0.0942545 1
9.34837 0.19 1.07859 0.0942545 1
9.39912 0.19 1.07859 0.0942545 1
9.44987 0.19 1.07859 0.0942545 1
9.50062 0.19 1.07859 0.0942545 1
9.55137 0.19 1.07859 0.0942545 1
9.60212 0.19 1.07859 0.0942545 1
9.65287 0.19 1.07859 0.0942545 1
9.70362 0.19 1.07859 0.0942545 1
9.71362 0.150933 0.952749 0.0738471 0
9.75437 0.19 1.07859 0.0942545 1
9.80512 0.19 1.07859 0.0942545 1
9.85587 0.19 1.07859 0.0942545 1
9.90662 0.19 1.07859 0.0942545 1
9.95737 0.19 1.07859 0.0942545 1
10.0081 0.19 1.07859 0.0942545 1
10.0589 0.19 1.07859 0.0942545 1
10.1096 0.19 1.07859 0.0942545 1
10.1604 0.19 1.07859 0.0942545 1
10.1754 0.155595 0.915409 0.0763511 0
10.2111 0.19 1.07859 0.0942545 1
10.2619 0.19 1.07859 0.0942545 1
10.3126 0.19 1.07859 0.0942545 1
10.3634 0.19 1.07859 0.0942545 1
10.4141 0.19 1.07859 0.0942545 1
10.4649 0.19 1.07859 0.0942545 1
10.5156 0.19 1.07859 0.0942545 1
10.5664 0.19 1.07859 0.0942545 1
10.6171 0.19 1.07859 0.0942545 1
10.6371 0.160124 0.899701 0.0788551 0
10.6679 0.19 1.07859 0.0942545 1
10.7186 0.19 1.07859 0.0942545 1
10.7694 0.19 1.07859 0.0942545 1
10.8201 0.19 1.07859 0.0942545 1
10.8709 0.19 1.07859 0.0942545 1
10.9216 0.19 1.07859 0.0942545 1
10.9724 0.19 1.07859 0.0942545 1
11.0231 0.19 1.07859 0.0942545 1
11.0739 0.19 1.07859 0.0942545 1
11.0989 0.164626 0.904617 0.0813591 0
11.1246 0.19 1.07859 0.0942545 1
11.1754 0.19 1.07859 0.0942545 1
11.2261 0.19 1.07859 0.0942545 1
11.2769 0.19 1.07859 0.0942545 1
11.3276 0.19 1.07859 0.0942545 1
11.3784 0.19 1.07859 0.0942545 1
11.4291 0.19 1.07859 0.0942545 1
11.4799 0.19 1.07859 0.0942545 1
11.5306 0.19 1.07859 0.0942545 1
11.5606 0.169198 0.926526 0.0838631 0
11.5814 0.19 1.07859 0.0942545 1
11.6321 0.19 1.07859 0.0942545 1
11.6829 0.19 1.07859 0.0942545 1
11.7336 0.19 1.07859 0.0942545 1
11.7844 0.19 1.07859 0.0942545 1
11.8351 0.19 1.07859 0.0942545 1
11.8859 0.19 1.07859 0.0942545 1
11.9366 0.19 1.07859 0.0942545 1
11.9874 0.19 1.07859 0.0942545 1
12.0224 0.173911 0.960162 0.0863671 0
12.0381 0.19 1.07859 0.0942545 1
12.0889 0.19 1.07859 0.0942545 1
12.1396 0.19 1.07859 0.0942545 1
12.1904 0.19 1.07859 0.0942545 1
12.2411 0.19 1.07859 0.0942545 1
12.2918 0.19 1.07859 0.0942545 1
12.3426 0.19 1.07859 0.0942545 1
12.3933 0.19 1.07859 0.0942545 1
12.4441 0.19 1.07859 0.0942545 1
12.4841 0.178809 0.999611 0.0888711 0
12.4948 0.19 1.07859 0.0942545 1
12.5456 0.19 1.07859 0.0942545 1
12.5963 0.19 1.07859 0.0942545 1
12.6471 0.19 1.07859 0.0942545 1
12.6978 0.19 1.07859 0.0942545 1
12.7486 0.19 1.07859 0.0942545 1
12.7993 0.19 1.07859 0.0942545 1
12.8501 0.19 1.07859 0.0942545 1
12.9008 0.19 1.07859 0.0942545 1
12.9458 0.183907 1.03917 0.0913751 0
12.9516 0.19 1.07859 0.0942545 1
13.0023 0.19 1.07859 0.0942545 1
13.0531 0.19 1.07859 0.0942545 1
13.1038 0.19 1.07859 0.0942545 1
13.1546 0.19 1.07859 0.0942545 1
13.2053 0.19 1.07859 0.0942545 1
13.2561 0.19 1.07859 0.0942545 1
13.3068 0.19 1.07859 0.0942545 1
13.3576 0.19 1.07859 0.0942545 1
13.4076 0.189193 1.07401 0.0938791 0
13.4083 0.19 1.07859 0.0942545 1
13.4591 0.19 1.07859 0.0942545 1
13.5098 0.19 1.07859 0.0942545 1
13.5606 0.19 1.07859 0.0942545 1
13.6113 0.19 1.07859 0.0942545 1
13.6621 0.19 1.07859 0.0942545 1
13.7128 0.19 1.07859 0.0942545 1
13.7636 0.19 1.07859 0.0942545 1
13.8143 0.19 1.07859 0.0942545 1
13.8693 0.194634 1.10058 0.0963831 0
13.8651 0.19 1.07859 0.0942545 1
13.9158 0.19 1.07859 0.0942545 1
13.9666 0.19 1.07859 0.0942545 1
14.0173 0.19 1.07859 0.0942545 1
14.0681 0.19 1.07859 0.0942545 1
14.1188 0.19 1.07859 0.0942545 1
14.1696 0.19 1.07859 0.0942545 1
14.2203 0.19 1.07859 0.0942545 1
14.2711 0.19 1.07859 0.0942545 1
14.3218 0.19 1.07859 0.0942545 1
14.3268 0.146035 1.00927 0.0713431 0
14.3726 0.19 1.07859 0.0942545 1
14.4233 0.19 1.07859 0.0942545 1
14.4741 0.19 1.07859 0.0942545 1
14.5248 0.19 1.07859 0.0942545 1
14.5756 0.19 1.07859 0.0942545 1
14.6263 0.19 1.07859 0.0942545 1
14.6771 0.19 1.07859 0.0942545 1
14.7278 0.19 1.07859 0.0942545 1
14.7786 0.19 1.07859 0.0942545 1
14.7886 0.150933 0.952749 0.0738471 0
14.8293 0.19 1.07859 0.0942545 1
14.8801 0.19 1.07859 0.0942545 1
14.9308 0.19 1.07859 0.0942545 1
14.9816 0.19 1.07859 0.0942545 1
15.0323 0.19 1.07859 0.0942545 1
15.0831 0.19 1.07859 0.0942545 1
15.1338 0.19 1.07859 0.0942545 1
15.1846 0.19 1.07859 0.0942545 1
15.2353 0.19 1.07859 0.0942545 1
15.2503 0.155595 0.915409 0.0763511 0
15.2861 0.19 1.07859 0.0942545 1
15.3368 0.19 1.07859 0.0942545 1
15.3876 0.19 1.07859 0.0942545 1
15.4383 0.19 1.07859 0.0942545 1
15.4891 0.19 1.07859 0.0942545 1
15.5398 0.19 1.07859 0.0942545 1
15.5906 0.19 1.07859 0.0942545 1
15.6413 0.19 1.07859 0.0942545 1
15.6921 0.19 1.07859 0.0942545 1
15.7121 0.160124 0.899701 0.0788551 0
15.7428 0.19 1.07859 0.0942545 1
15.7936 0.19 1.07859 0.0942545 1
15.8443 0.19 1.07859 0.0942545 1
15.8951 0.19 1.07859 0.0942545 1
15.9458 0.19 1.07859 0.0942545 1
15.9966 0.19 1.07859 0.0942545 1
16.0473 0.19 1.07859 0.0942545 1
16.0981 0.19 1.07859 0.0942545 1
16.1488 0.19 1.07859 0.0942545 1
16.1738 0.164626 0.904617 0.0813591 0
16.1996 0.19 1.07859 0.0942545 1
16.2503 0.19 1.07859 0.0942545 1
16.3011 0.19 1.07859 0.0942545 1
16.3518 0.19 1.07859 0.0942545 1
16.4026 0.19 1.07859 0.0942545 1
16.4533 0.19 1.07859 0.0942545 1
16.5041 0.19 1.07859 0.0942545 1
16.5548 0.19 1.07859 0.0942545 1
16.6056 0.19 1.07859 0.0942545 1
16.6356 0.169198 0.926526 0.0838631 0
16.6563 0.19 1.07859 0.0942545 1
16.7071 0.19 1.07859 0.0942545 1
16.7578 0.19 1.07859 0.0942545 1
16.8086 0.19 1.07859 0.0942545 1
16.8593 0.19 1.07859 0.0942545 1
16.9101 0.19 1.07859 0.0942545 1
16.9608 0.19 1.07859 0.0942545 1
17.0116 0.19 1.07859 0.0942545 1
17.0623 0.19 1.07859 0.0942545 1
17.0973 0.173911 0.960162 0.0863671 0
17.1131 0.19 1.07859 0.0942545 1
17.1638 0.19 1.07859 0.0942545 1
17.2146 0.19 1.07859 0.0942545 1
17.2653 0.19 1.07859 0.0942545 1
17.3161 0.19 1.07859 0.0942545 1
17.3668 0.19 1.07859 0.0942545 1
17.4176 0.19 1.07859 0.0942545 1
17.4683 0.19 1.07859 0.0942545 1
17.5191 0.19 1.07859 0.0942545 1
17.5591 0.178809 0.999611 0.0888711 0
17.5698 0.19 1.07859 0.0942545 1
17.6206 0.19 1.07859 0.0942545 1
17.6713 0.19 1.07859 0.0942545 1
17.7221 0.19 1.07859 0.0942545 1
17.7728 0.19 1.07859 0.0942545 1
17.8236 0.19 1.07859 0.0942545 1
17.8743 0.19 1.07859 0.0942545 1
17.9251 0.19 1.07859 0.0942545 1
17.9758 0.19 1.07859 0.0942545 1
18.0208 0.183907 1.03917 0.0913751 0
18.0266 0.19 1.07859 0.0942545 1
18.0773 0.19 1.07859 0.0942545 1
18.1281 0.19 1.07859 0.0942545 1
18.1788 0.19 1.07859 0.0942545 1
18.2296 0.19 1.07859 0.0942545 1
18.2803 0.19 1.07859 0.0942545 1
18.3311 0.19 1.07859 0.0942545 1
18.3818 0.19 1.07859 0.0942545 1
18.4326 0.19 1.07859 0.0942545 1
18.4826 0.189193 1.07401 0.0938791 0
18.4833 0.19 1.07859 0.0942545 1
18.5341 0.19 1.07859 0.0942545 1
18.5848 0.19 1.07859 0.0942545 1
18.6356 0.19 1.07859 0.0942545 1
18.6863 0.19 1.07859 0.0942545 1
18.7371 0.19 1.07859 0.0942545 1
18.7878 0.19 1.07859 0.0942545 1
18.8386 0.19 1.07859 0.0942545 1
18.8893 0.19 1.07859 0.0942545 1
18.9443 0.194634 1.10058 0.0963831 0
18.9401 0.19 1.07859 0.0942545 1
18.9908 0.19 1.07859 0.0942545 1
19.0416 0.19 1.07859 0.0942545 1
19.0923 0.19 1.07859 0.0942545 1
19.143 0.19 1.07859 0.0942545 1
19.1938 0.19 1.07859 0.0942545 1
19.2445 0.19 1.07859 0.0942545 1
19.2953 0.19 1.07859 0.0942545 1
19.346 0.19 1.07859 0.0942545 1
19.3968 0.19 1.07859 0.0942545 1
19.4018 0.146035 1.00927 0.0713431 0
19.4475 0.19 1.07859 0.0942545 1
19.4983 0.19 1.07859 0.0942545 1
19.549 0.19 1.07859 0.0942545 1
19.5998 0.19 1.07859 0.0942545 1
19.6505 0.19 1.07859 0.0942545 1
19.7013 0.19 1.07859 0.0942545 1
19.752 0.19 1.07859 0.0942545 1
19.8028 0.19 1.07859 0.0942545 1
19.8535 0.19 1.07859 0.0942545 1
19.8635 0.150933 0.952749 0.0738471 0
19.9043 0.19 1.07859 0.0942545 1
19.955 0.19 1.07859 0.0942545 1
20.0058 0.19 1.07859 0.0942545 1
20.0565 0.19 1.07859 0.0942545 1
20.1073 0.19 1.07859 0.0942545 1
20.158 0.19 1.07859 0.0942545 1
20.2088 0.19 1.07859 0.0942545 1
20.2595 0.19 1.07859 0.0942545 1
20.3103 0.19 1.07859 0.0942545 1
20.3253 0.155595 0.915409 0.0763511 0
20.361 0.19 1.07859 0.0942545 1
20.4118 0.19 1.07859 0.0942545 1
20.4625 0.19 1.07859 0.0942545 1
20.5133 0.19 1.07859 0.0942545 1
20.564 0.19 1.07859 0.0942545 1
20.6148 0.19 1.07859 0.0942545 1
20.6655 0.19 1.07859 0.0942545 1
20.7163 0.19 1.07859 0.0942545 1
20.767 0.19 1.07859 0.0942545 1
20.787 0.160124 0.899701 0.0788551 0
20.8178 0.19 1.07859 0.0942545 1
20.8685 0.19 1.07859 0.0942545 1
20.9193 0.19 1.07859 0.0942545 1
20.97 0.19 1.07859 0.0942545 1
21.0208 0.19 1.07859 0.0942545 1
21.0715 0.19 1.07859 0.0942545 1
21.1223 0.19 1.07859 0.0942545 1
21.173 0.19 1.07859 0.0942545 1
21.2238 0.19 1.07859 0.0942545 1
21.2488 0.164626 0.904617 0.0813591 0
21.2745 0.19 1.07859 0.0942545 1
21.3253 0.19 1.07859 0.0942545 1
21.376 0.19 1.07859 0.0942545 1
21.4268 0.19 1.07859 0.0942545 1
21.4775 0.19 1.07859 0.0942545 1
21.5283 0.19 1.07859 0.0942545 1
21.579 0.19 1.07859 0.0942545 1
21.6298 0.19 1.07859 0.0942545 1
21.6805 0.19 1.07859 0.0942545 1
21.7105 0.169198 0.926526 0.0838631 0
21.7313 0.19 1.07859 0.0942545 1
21.782 0.19 1.07859 0.0942545 1
21.8328 0.19 1.07859 0.0942545 1
21.8835 0.19 1.07859 0.0942545 1
21.9343 0.19 1.07859 0.0942545 1
21.985 0.19 1.07859 0.0942545 1
22.0358 0.19 1.07859 0.0942545 1
22.0865 0.19 1.07859 0.0942545 1
22.1373 0.19 1.07859 0.0942545 1
22.1723 0.173911 0.960162 0.0863671 0
22.188 0.19 1.07859 0.0942545 1
22.2388 0.19 1.07859 0.0942545 1
22.2895 0.19 1.07859 0.0942545 1
22.3403 0.19 1.07859 0.0942545 1
22.391 0.19 1.07859 0.0942545 1
22.4418 0.19 1.07859 0.0942545 1
22.4925 0.19 1.07859 0.0942545 1
22.5433 0.19 1.07859 0.0942545 1
22.594 0.19 1.07859 0.0942545 1
22.634 0.178809 0.999611 0.0888711 0
22.6448 0.19 1.07859 0.0942545 1
22.6955 0.19 1.07859 0.0942545 1
22.7463 0.19 1.07859 0.0942545 1
22.797 0.19 1.07859 0.0942545 1
22.8478 0.19 1.07859 0.0942545 1
22.8985 0.19 1.07859 0.0942545 1
22.9493 0.19 1.07859 0.0942545 1
23 0.19 1.07859 0.0942545 1
23.0508 0.19 1.07859 0.0942545 1
23.0958 0.183907 1.03917 0.0913751 0
23.1015 0.19 1.07859 0.0942545 1
23.1523 0.19 1.07859 0.0942545 1
23.203 0.19 1.07859 0.0942545 1
23.2538 0.19 1.07859 0.0942545 1
23.3045 0.19 1.07859 0.0942545 1
23.3553 0.19 1.07859 0.0942545 1
23.406 0.19 1.07859 0.0942545 1
23.4568 0.19 1.07859 0.0942545 1
23.5075 0.19 1.07859 0.0942545 1
23.5575 0.189193 1.07401 0.0938791 0
23.5583 0.19 1.07859 0.0942545 1
23.609 0.19 1.07859 0.0942545 1
23.6598 0.19 1.07859 0.0942545 1
23.7105 0.19 1.07859 0.0942545 1
23.7613 0.19 1.07859 0.0942545 1
23.812 0.19 1.07859 0.0942545 1
23.8628 0.19 1.07859 0.0942545 1
23.9135 0.19 1.07859 0.0942545 1
23.9643 0.19 1.07859 0.0942545 1
24.0193 0.194634 1.10058 0.0963831 0
24.015 0.19 1.07859 0.0942545 1
24.0658 0.19 1.07859 0.0942545 1
24.1165 0.19 1.07859 0.0942545 1
24.1673 0.19 1.07859 0.0942545 1
24.218 0.19 1.07859 0.0942545 1
24.2688 0.19 1.07859 0.0942545 1
24.3195 0.19 1.07859 0.0942545 1
24.3703 0.19 1.07859 0.0942545 1
24.421 0.19 1.07859 0.0942545 1
24.4718 0.19 1.07859 0.0942545 1
24.4768 0.146035 1.00927 0.0713431 0
24.5225 0.19 1.07859 0.0942545 1
24.5733 0.19 1.07859 0.0942545 1
24.624 0.19 1.07859 0.0942545 1
24.6748 0.19 1.07859 0.0942545 1
24.7255 0.19 1.07859 0.0942545 1
24.7763 0.19 1.07859 0.0942545 1
24.827 0.19 1.07859 0.0942545 1
24.8778 0.19 1.07859 0.0942545 1
24.9285 0.19 1.07859 0.0942545 1
24.9385 0.150933 0.952749 0.0738471 0
24.9793 0.19 1.07859 0.0942545 1
25.03 0.19 1.07859 0.0942545 1
25.0808 0.19 1.07859 0.0942545 1
25.1315 0.19 1.07859 0.0942545 1
25.1823 0.19 1.07859 0.0942545 1
25.233 0.19 1.07859 0.0942545 1
25.2838 0.19 1.07859 0.0942545 1
25.3345 0.19 1.07859 0.0942545 1
25.3853 0.19 1.07859 0.0942545 1
25.4003 0.155595 0.915409 0.0763511 0
25.436 0.19 1.07859 0.0942545 1
25.4868 0.19 1.07859 0.0942545 1
25.5375 0.19 1.07859 0.0942545 1
25.5883 0.19 1.07859 0.0942545 1
25.639 0.19 1.07859 0.0942545 1
25.6898 0.19 1.07859 0.0942545 1
25.7405 0.19 1.07859 0.0942545 1
25.7913 0.19 1.07859 0.0942545 1
25.842 0.19 1.07859 0.0942545 1
25.862 0.160124 0.899701 0.0788551 0
25.8928 0.19 1.07859 0.0942545 1
25.9435 0.19 1.07859 0.0942545 1
25.9942 0.19 1.07859 0.0942545 1
26.045 0.19 1.07859 0.0942545 1
26.0957 0.19 1.07859 0.0942545 1
26.1465 0.19 1.07859 0.0942545 1
26.1972 0.19 1.07859 0.0942545 1
26.248 0.19 1.07859 0.0942545 1
26.2987 0.19 1.07859 0.0942545 1
26.3237 0.164626 0.904617 0.0813591 0
26.3495 0.19 1.07859 0.0942545 1
26.4002 0.19 1.07859 0.0942545 1
26.451 0.19 1.07859 0.0942545 1
26.5017 0.19 1.07859 0.0942545 1
26.5525 0.19 1.07859 0.0942545 1
26.6032 0.19 1.07859 0.0942545 1
26.654 0.19 1.07859 0.0942545 1
26.7047 0.19 1.07859 0.0942545 1
26.7555 0.19 1.07859 0.0942545 1
26.7855 0.169198 0.926526 0.0838631 0
26.8062 0.19 1.07859 0.0942545 1
26.857 0.19 1.07859 0.0942545 1
26.9077 0.19 1.07859 0.0942545 1
26.9585 0.19 1.07859 0.0942545 1
27.0092 0.19 1.07859 0.0942545 1
27.06 0.19 1.07859 0.0942545 1
27.1107 0.19 1.07859 0.0942545 1
27.1615 0.19 1.07859 0.0942545 1
27.2122 0.19 1.07859 0.0942545 1
27.2472 0.173911 0.960162 0.0863671 0
27.263 0.19 1.07859 0.0942545 1
27.3137 0.19 1.07859 0.0942545 1
27.3645 0.19 1.07859 0.0942545 1
27.4152 0.19 1.07859 0.0942545 1
27.466 0.19 1.07859 0.0942545 1
27.5167 0.19 1.07859 0.0942545 1
27.5675 0.19 1.07859 0.0942545 1
27.6182 0.19 1.07859 0.0942545 1
27.669 0.19 1.07859 0.0942545 1
27.709 0.178809 0.999611 0.0888711 0
27.7197 0.19 1.07859 0.0942545 1
27.7705 0.19 1.07859 0.0942545 1
27.8212 0.19 1.07859 0.0942545 1
27.872 0.19 1.07859 0.0942545 1
27.9227 0.19 1.07859 0.0942545 1
27.9735 0.19 1.07859 0.0942545 1
28.0242 0.19 1.07859 0.0942545 1
28.075 0.19 1.07859 0.0942545 1
28.1257 0.19 1.07859 0.0942545 1
28.1707 0.183907 1.03917 0.0913751 0
28.1765 0.19 1.07859 0.0942545 1
28.2272 0.19 1.07859 0.0942545 1
28.278 0.19 1.07859 0.0942545 1
28.3287 0.19 1.07859 0.0942545 1
28.3795 0.19 1.07859 0.0942545 1
28.4302 0.19 1.07859 0.0942545 1
28.481 0.19 1.07859 0.0942545 1
28.5317 0.19 1.07859 0.0942545 1
28.5825 0.19 1.07859 0.0942545 1
28.6325 0.189193 1.07401 0.0938791 0
28.6332 0.19 1.07859 0.0942545 1
28.684 0.19 1.07859 0.0942545 1
28.7347 0.19 1.07859 0.0942545 1
28.7855 0.19 1.07859 0.0942545 1
28.8362 0.19 1.07859 0.0942545 1
28.887 0.19 1.07859 0.0942545 1
28.9377 0.19 1.07859 0.0942545 1
28.9885 0.19 1.07859 0.0942545 1
29.0392 0.19 1.07859 0.0942545 1
29.0942 0.194634 1.10058 0.0963831 0
29.09 0.19 1.07859 0.0942545 1
29.1407 0.19 1.07859 0.0942545 1
29.1915 0.19 1.07859 0.0942545 1
29.2422 0.19 1.07859 0.0942545 1
29.293 0.19 1.07859 0.0942545 1
29.3437 0.19 1.07859 0.0942545 1
29.3945 0.19 1.07859 0.0942545 1
29.4452 0.19 1.07859 0.0942545 1
29.496 0.19 1.07859 0.0942545 1
29.5467 0.19 1.07859 0.0942545 1
29.5517 0.146035 1.00927 0.0713431 0
29.5975 0.19 1.07859 0.0942545 1
29.6482 0.19 1.07859 0.0942545 1
29.699 0.19 1.07859 0.0942545 1
29.7497 0.19 1.07859 0.0942545 1
29.8005 0.19 1.07859 0.0942545 1
29.8512 0.19 1.07859 0.0942545 1
29.902 0.19 1.07859 0.0942545 1
29.9527 0.19 1.07859 0.0942545 1
30.0035 0.19 1.07859 0.0942545 1
30.0135 0.150933 0.952749 0.0738471 0
30.0542 0.19 1.07859 0.0942545 1
30.105 0.19 1.07859 0.0942545 1
30.1557 0.19 1.07859 0.0942545 1
30.2065 0.19 1.07859 0.0942545 1
30.2572 0.19 1.07859 0.0942545 1
30.308 0.19 1.07859 0.0942545 1
30.3587 0.19 1.07859 0.0942545 1
30.4095 0.19 1.07859 0.0942545 1
30.4602 0.19 1.07859 0.0942545 1
30.4752 0.155595 0.915409 0.0763511 0
30.511 0.19 1.07859 0.0942545 1
30.5617 0.19 1.07859 0.0942545 1
30.6125 0.19 1.07859 0.0942545 1
30.6632 0.19 1.07859 0.0942545 1
30.714 0.19 1.07859 0.0942545 1
30.7647 0.19 1.07859 0.0942545 1
30.8155 0.19 1.07859 0.0942545 1
30.8662 0.19 1.07859 0.0942545 1
30.917 0.19 1.07859 0.0942545 1
30.937 0.160124 0.899701 0.0788551 0
30.9677 0.19 1.07859 0.0942545 1
31.0185 0.19 1.07859 0.0942545 1
31.0692 0.19 1.07859 0.0942545 1
31.12 0.19 1.07859 0.0942545 1
31.1707 0.19 1.07859 0.0942545 1
31.2215 0.19 1.07859 0.0942545 1
31.2722 0.19 1.07859 0.0942545 1
31.323 0.19 1.07859 0.0942545 1
31.3737 0.19 1.07859 0.0942545 1
31.3987 0.164626 0.904617 0.0813591 0
31.4245 0.19 1.07859 0.0942545 1
31.4752 0.19 1.07859 0.0942545 1
31.526 0.19 1.07859 0.0942545 1
31.5767 0.19 1.07859 0.0942545 1
31.6275 0.19 1.07859 0.0942545 1
31.6782 0.19 1.07859 0.0942545 1
31.729 0.19 1.07859 0.0942545 1
31.7797 0.19 1.07859 0.0942545 1
31.8305 0.19 1.07859 0.0942545 1
31.8605 0.169198 0.926526 0.0838631 0
31.8812 0.19 1.07859 0.0942545 1
31.932 0.19 1.07859 0.0942545 1
31.9827 0.19 1.07859 0.0942545 1
32.0335 0.19 1.07859 0.0942545 1
32.0842 0.19 1.07859 0.0942545 1
32.135 0.19 1.07859 0.0942545 1
32.1857 0.19 1.07859 0.0942545 1
32.2365 0.19 1.07859 0.0942545 1
32.2872 0.19 1.07859 0.0942545 1
32.3222 0.173911 0.960162 0.0863671 0
32.338 0.19 1.07859 0.0942545 1
32.3887 0.19 1.07859 0.0942545 1
32.4395 0.19 1.07859 0.0942545 1
32.4902 0.19 1.07859 0.0942545 1
32.541 0.19 1.07859 0.0942545 1
32.5917 0.19 1.07859 0.0942545 1
32.6425 0.19 1.07859 0.0942545 1
32.6932 0.19 1.07859 0.0942545 1
32.744 0.19 1.07859 0.0942545 1
32.784 0.178809 0.999611 0.0888711 0
32.7947 0.19 1.07859 0.0942545 1
32.8454 0.19 1.07859 0.0942545 1
32.8962 0.19 1.07859 0.0942545 1
32.9469 0.19 1.07859 0.0942545 1
32.9977 0.19 1.07859 0.0942545 1
33.0484 0.19 1.07859 0.0942545 1
33.0992 0.19 1.07859 0.0942545 1
33.1499 0.19 1.07859 0.0942545 1
33.2007 0.19 1.07859 0.0942545 1
33.2457 0.183907 1.03917 0.0913751 0
33.2514 0.19 1.07859 0.0942545 1
33.3022 0.19 1.07859 0.0942545 1
33.3529 0.19 1.07859 0.0942545 1
33.4037 0.19 1.07859 0.0942545 1
33.4544 0.19 1.07859 0.0942545 1
33.5052 0.19 1.07859 0.0942545 1
33.5559 0.19 1.07859 0.0942545 1
33.6067 0.19 1.07859 0.0942545 1
33.6574 0.19 1.07859 0.0942545 1
33.7074 0.189193 1.07401 0.0938791 0
33.7082 0.19 1.07859 0.0942545 1
33.7589 0.19 1.07859 0.0942545 1
33.8097 0.19 1.07859 0.0942545 1
33.8604 0.19 1.07859 0.0942545 1
33.9112 0.19 1.07859 0.0942545 1
33.9619 0.19 1.07859 0.0942545 1
34.0127 0.19 1.07859 0.0942545 1
34.0634 0.19 1.07859 0.0942545 1
34.1142 0.19 1.07859 0.0942545 1
34.1692 0.194634 1.10058 0.0963831 0
34.1649 0.19 1.07859 0.0942545 1
34.2157 0.19 1.07859 0.0942545 1
34.2664 0.19 1.07859 0.0942545 1
34.3172 0.19 1.07859 0.0942545 1
34.3679 0.19 1.07859 0.0942545 1
34.4187 0.19 1.07859 0.0942545 1
34.4694 0.19 1.07859 0.0942545 1
34.5202 0.19 1.07859 0.0942545 1
34.5709 0.19 1.07859 0.0942545 1
34.6217 0.19 1.07859 0.0942545 1
34.6267 0.146035 1.00927 0.0713431 0
34.6724 0.19 1.07859 0.0942545 1
34.7232 0.19 1.07859 0.0942545 1
34.7739 0.19 1.07859 0.0942545 1
34.8247 0.19 1.07859 0.0942545 1
34.8754 0.19 1.07859 0.0942545 1
34.9262 0.19 1.07859 0.0942545 1
34.9769 0.19 1.07859 0.0942545 1
35.0277 0.19 1.07859 0.0942545 1
35.0784 0.19 1.07859 0.0942545 1
35.0884 0.150933 0.952749 0.0738471 0
35.1292 0.19 1.07859 0.0942545 1
35.1799 0.19 1.07859 0.0942545 1
35.2307 0.19 1.07859 0.0942545 1
35.2814 0.19 1.07859 0.0942545 1
35.3322 0.19 1.07859 0.0942545 1
35.3829 0.19 1.07859 0.0942545 1
35.4337 0.19 1.07859 0.0942545 1
35.4844 0.19 1.07859 0.0942545 1
35.5352 0.19 1.07859 0.0942545 1
35.5502 0.155595 0.915409 0.0763511 0
35.5859 0.19 1.07859 0.0942545 1
35.6367 0.19 1.07859 0.0942545 1
35.6874 0.19 1.07859 0.0942545 1
35.7382 0.19 1.07859 0.0942545 1
35.7889 0.19 1.07859 0.0942545 1
35.8397 0.19 1.07859 0.0942545 1
35.8904 0.19 1.07859 0.0942545 1
35.9412 0.19 1.07859 0.0942545 1
35.9919 0.19 1.07859 0.0942545 1
36.0119 0.160124 0.899701 0.0788551 0
36.0427 0.19 1.07859 0.0942545 1
36.0934 0.19 1.07859 0.0942545 1
36.1442 0.19 1.07859 0.0942545 1
36.1949 0.19 1.07859 0.0942545 1
36.2457 0.19 1.07859 0.0942545 1
36.2964 0.19 1.07859 0.0942545 1
36.3472 0.19 1.07859 0.0942545 1
36.3979 0.19 1.07859 0.0942545 1
36.4487 0.19 1.07859 0.0942545 1
36.4737 0.164626 0.904617 0.0813591 0
36.4994 0.19 1.07859 0.0942545 1
36.5502 0.19 1.07859 0.0942545 1
36.6009 0.19 1.07859 0.0942545 1
36.6517 0.19 1.07859 0.0942545 1
36.7024 0.19 1.07859 0.0942545 1
36.7532 0.19 1.07859 0.0942545 1
36.8039 0.19 1.07859 0.0942545 1
36.8547 0.19 1.07859 0.0942545 1
36.9054 0.19 1.07859 0.0942545 1
36.9354 0.169198 0.926526 0.0838631 0
36.9562 0.19 1.07859 0.0942545 1
37.0069 0.19 1.07859 0.0942545 1
37.0577 0.19 1.07859 0.0942545 1
37.1084 0.19 1.07859 0.0942545 1
37.1592 0.19 1.07859 0.0942545 1
37.2099 0.19 1.07859 0.0942545 1
37.2607 0.19 1.07859 0.0942545 1
37.3114 0.19 1.07859 0.0942545 1
37.3622 0.19 1.07859 0.0942545 1
37.3972 0.173911 0.960162 0.0863671 0
37.4129 0.19 1.07859 0.0942545 1
37.4637 0.19 1.07859 0.0942545 1
37.5144 0.19 1.07859 0.0942545 1
37.5652 0.19 1.07859 0.0942545 1
37.6159 0.19 1.07859 0.0942545 1
37.6667 0.19 1.07859 0.0942545 1
37.7174 0.19 1.07859 0.0942545 1
37.7682 0.19 1.07859 0.0942545 1
37.8189 0.19 1.07859 0.0942545 1
37.8589 0.178809 0.999611 0.0888711 0
37.8697 0.19 1.07859 0.0942545 1
37.9204 0.19 1.07859 0.0942545 1
37.9712 0.19 1.07859 0.0942545 1
38.0219 0.19 1.07859 0.0942545 1
38.0727 0.19 1.07859 0.0942545 1
38.1234 0.19 1.07859 0.0942545 1
38.1742 0.19 1.07859 0.0942545 1
38.2249 0.19 1.07859 0.0942545 1
38.2757 0.19 1.07859 0.0942545 1
38.3207 0.183907 1.03917 0.0913751 0
38.3264 0.19 1.07859 0.0942545 1
38.3772 0.19 1.07859 0.0942545 1
38.4279 0.19 1.07859 0.0942545 1
38.4787 0.19 1.07859 0.0942545 1
38.5294 0.19 1.07859 0.0942545 1
38.5802 0.19 1.07859 0.0942545 1
38.6309 0.19 1.07859 0.0942545 1
38.6817 0.19 1.07859 0.0942545 1
38.7324 0.19 1.07859 0.0942545 1
38.7824 0.189193 1.07401 0.0938791 0
38.7832 0.19 1.07859 0.0942545 1
38.8339 0.19 1.07859 0.0942545 1
38.8847 0.19 1.07859 0.0942545 1
38.9354 0.19 1.07859 0.0942545 1
38.9862 0.19 1.07859 0.0942545 1
39.0369 0.19 1.07859 0.0942545 1
39.0877 0.19 1.07859 0.0942545 1
39.1384 0.19 1.07859 0.0942545 1
39.1892 0.19 1.07859 0.0942545 1
39.2442 0.194634 1.10058 0.0963831 0
39.2399 0.19 1.07859 0.0942545 1
39.2907 0.19 1.07859 0.0942545 1
39.3414 0.19 1.07859 0.0942545 1
39.3922 0.19 1.07859 0.0942545 1
39.4429 0.19 1.07859 0.0942545 1
39.4937 0.19 1.07859 0.0942545 1
39.5444 0.19 1.07859 0.0942545 1
39.5951 0.19 1.07859 0.0942545 1
39.6459 0.19 1.07859 0.0942545 1
39.6966 0.19 1.07859 0.0942545 1
39.7016 0.146035 1.00927 0.0713431 0
39.7474 0.19 1.07859 0.0942545 1
39.7981 0.19 1.07859 0.0942545 1
39.8489 0.19 1.07859 0.0942545 1
39.8996 0.19 1.07859 0.0942545 1
39.9504 0.19 1.07859 0.0942545 1
40.0011 0.19 1.07859 0.0942545 1
40.0519 0.19 1.07859 0.0942545 1
40.1026 0.19 1.07859 0.0942545 1
40.1534 0.19 1.07859 0.0942545 1
40.1634 0.150933 0.952749 0.0738471 0
40.2041 0.19 1.07859 0.0942545 1
40.2549 0.19 1.07859 0.0942545 1
40.3056 0.19 1.07859 0.0942545 1
40.3564 0.19 1.07859 0.0942545 1
40.4071 0.19 1.07859 0.0942545 1
40.4579 0.19 1.07859 0.0942545 1
40.5086 0.19 1.07859 0.0942545 1
40.5594 0.19 1.07859 0.0942545 1
40.6101 0.19 1.07859 0.0942545 1
40.6251 0.155595 0.915409 0.0763511 0
40.6609 0.19 1.07859 0.0942545 1
40.7116 0.19 1.07859 0.0942545 1
40.7624 0.19 1.07859 0.0942545 1
40.8131 0.19 1.07859 0.0942545 1
40.8639 0.19 1.07859 0.0942545 1
40.9146 0.19 1.07859 0.0942545 1
40.9654 0.19 1.07859 0.0942545 1
41.0161 0.19 1.07859 0.0942545 1
41.0669 0.19 1.07859 0.0942545 1
41.0869 0.160124 0.899701 0.0788551 0
41.1176 0.19 1.07859 0.0942545 1
41.1684 0.19 1.07859 0.0942545 1
41.2191 0.19 1.07859 0.0942545 1
41.2699 0.19 1.07859 0.0942545 1
41.3206 0.19 1.07859 0.0942545 1
41.3714 0.19 1.07859 0.0942545 1
41.4221 0.19 1.07859 0.0942545 1
41.4729 0.19 1.07859 0.0942545 1
41.5236 0.19 1.07859 0.0942545 1
41.5486 0.164626 0.904617 0.0813591 0
41.5744 0.19 1.07859 0.0942545 1
41.6251 0.19 1.07859 0.0942545 1
41.6759 0.19 1.07859 0.0942545 1
41.7266 0.19 1.07859 0.0942545 1
41.7774 0.19 1.07859 0.0942545 1
41.8281 0.19 1.07859 0.0942545 1
41.8789 0.19 1.07859 0.0942545 1
41.9296 0.19 1.07859 0.0942545 1
41.9804 0.19 1.07859 0.0942545 1
42.0104 0.169198 0.926526 0.0838631 0
42.0311 0.19 1.07859 0.0942545 1
42.0819 0.19 1.07859 0.0942545 1
42.1326 0.19 1.07859 0.0942545 1
42.1834 0.19 1.07859 0.0942545 1
42.2341 0.19 1.07859 0.0942545 1
42.2849 0.19 1.07859 0.0942545 1
42.3356 0.19 1.07859 0.0942545 1
42.3864 0.19 1.07859 0.0942545 1
42.4371 0.19 1.07859 0.0942545 1
42.4721 0.173911 0.960162 0.0863671 0
42.4879 0.19 1.07859 0.0942545 1
42.5386 0.19 1.07859 0.0942545 1
42.5894 0.19 1.07859 0.0942545 1
42.6401 0.19 1.07859 0.0942545 1
42.6909 0.19 1.07859 0.0942545 1
42.7416 0.19 1.07859 0.0942545 1
42.7924 0.19 1.07859 0.0942545 1
42.8431 0.19 1.07859 0.0942545 1
42.8939 0.19 1.07859 0.0942545 1
42.9339 0.178809 0.999611 0.0888711 0
42.9446 0.19 1.07859 0.0942545 1
42.9954 0.19 1.07859 0.0942545 1
43.0461 0.19 1.07859 0.0942545 1
43.0969 0.19 1.07859 0.0942545 1
43.1476 0.19 1.07859 0.0942545 1
43.1984 0.19 1.07859 0.0942545 1
43.2491 0.19 1.07859 0.0942545 1
43.2999 0.19 1.07859 0.0942545 1
43.3506 0.19 1.07859 0.0942545 1
43.3956 0.183907 1.03917 0.0913751 0
43.4014 0.19 1.07859 0.0942545 1
43.4521 0.19 1.07859 0.0942545 1
43.5029 0.19 1.07859 0.0942545 1
43.5536 0.19 1.07859 0.0942545 1
43.6044 0.19 1.07859 0.0942545 1
43.6551 0.19 1.07859 0.0942545 1
43.7059 0.19 1.07859 0.0942545 1
43.7566 0.19 1.07859 0.0942545 1
43.8074 0.19 1.07859 0.0942545 1
43.8574 0.189193 1.07401 0.0938791 0
43.8581 0.19 1.07859 0.0942545 1
43.9089 0.19 1.07859 0.0942545 1
43.9596 0.19 1.07859 0.0942545 1
44.0104 0.19 1.07859 0.0942545 1
44.0611 0.19 1.07859 0.0942545 1
44.1119 0.19 1.07859 0.0942545 1
44.1626 0.19 1.07859 0.0942545 1
44.2134 0.19 1.07859 0.0942545 1
44.2641 0.19 1.07859 0.0942545 1
44.3191 0.194634 1.10058 0.0963831 0
44.3149 0.19 1.07859 0.0942545 1
44.3656 0.19 1.07859 0.0942545 1
44.4164 0.19 1.07859 0.0942545 1
44.4671 0.19 1.07859 0.0942545 1
44.5179 0.19 1.07859 0.0942545 1
44.5686 0.19 1.07859 0.0942545 1
44.6194 0.19 1.07859 0.0942545 1
44.6701 0.19 1.07859 0.0942545 1
44.7209 0.19 1.07859 0.0942545 1
44.7716 0.19 1.07859 0.0942545 1
44.7766 0.146035 1.00927 0.0713431 0
44.8224 0.19 1.07859 0.0942545 1
44.8731 0.19 1.07859 0.0942545 1
44.9239 0.19 1.07859 0.0942545 1
44.9746 0.19 1.07859 0.0942545 1
45.0254 0.19 1.07859 0.0942545 1
45.0761 0.19 1.07859 0.0942545 1
45.1269 0.19 1.07859 0.0942545 1
45.1776 0.19 1.07859 0.0942545 1
45.2284 0.19 1.07859 0.0942545 1
45.2384 0.150933 0.952749 0.0738471 0
45.2791 0.19 1.07859 0.0942545 1
45.3299 0.19 1.07859 0.0942545 1
45.3806 0.19 1.07859 0.0942545 1
45.4314 0.19 1.07859 0.0942545 1
45.4821 0.19 1.07859 0.0942545 1
45.5329 0.19 1.07859 0.0942545 1
45.5836 0.19 1.07859 0.0942545 1
45.6344 0.19 1.07859 0.0942545 1
45.6851 0.19 1.07859 0.0942545 1
45.7001 0.155595 0.915409 0.0763511 0
45.7359 0.19 1.07859 0.0942545 1
45.7866 0.19 1.07859 0.0942545 1
45.8374 0.19 1.07859 0.0942545 1
45.8881 0.19 1.07859 0.0942545 1
45.9389 0.19 1.07859 0.0942545 1
45.9896 0.19 1.07859 0.0942545 1
46.0404 0.19 1.07859 0.0942545 1
46.0911 0.19 1.07859 0.0942545 1
46.1419 0.19 1.07859 0.0942545 1
46.1619 0.160124 0.899701 0.0788551 0
46.1926 0.19 1.07859 0.0942545 1
46.2434 0.19 1.07859 0.0942545 1
46.2941 0.19 1.07859 0.0942545 1
46.3449 0.19 1.07859 0.0942545 1
46.3956 0.19 1.07859 0.0942545 1
46.4463 0.19 1.07859 0.0942545 1
46.4971 0.19 1.07859 0.0942545 1
46.5478 0.19 1.07859 0.0942545 1
46.5986 0.19 1.07859 0.0942545 1
46.6236 0.164626 0.904617 0.0813591 0
46.6493 0.19 1.07859 0.0942545 1
46.7001 0.19 1.07859 0.0942545 1
46.7508 0.19 1.07859 0.0942545 1
46.8016 0.19 1.07859 0.0942545 1
46.8523 0.19 1.07859 0.0942545 1
46.9031 0.19 1.07859 0.0942545 1
46.9538 0.19 1.07859 0.0942545 1
47.0046 0.19 1.07859 0.0942545 1
47.0553 0.19 1.07859 0.0942545 1
47.0853 0.169198 0.926526 0.0838631 0
47.1061 0.19 1.07859 0.0942545 1
47.1568 0.19 1.07859 0.0942545 1
47.2076 0.19 1.07859 0.0942545 1
47.2583 0.19 1.07859 0.0942545 1
47.3091 0.19 1.07859 0.0942545 1
47.3598 0.19 1.07859 0.0942545 1
47.4106 0.19 1.07859 0.0942545 1
47.4613 0.19 1.07859 0.0942545 1
47.5121 0.19 1.07859 0.0942545 1
47.5471 0.173911 0.960162 0.0863671 0
47.5628 0.19 1.07859 0.0942545 1
47.6136 0.19 1.07859 0.0942545 1
47.6643 0.19 1.07859 0.0942545 1
47.7151 0.19 1.07859 0.0942545 1
47.7658 0.19 1.07859 0.0942545 1
47.8166 0.19 1.07859 0.0942545 1
47.8673 0.19 1.07859 0.0942545 1
47.9181 0.19 1.07859 0.0942545 1
47.9688 0.19 1.07859 0.0942545 1
48.0088 0.178809 0.999611 0.0888711 0
48.0196 0.19 1.07859 0.0942545 1
48.0703 0.19 1.07859 0.0942545 1
48.1211 0.19 1.07859 0.0942545 1
48.1718 0.19 1.07859 0.0942545 1
48.2226 0.19 1.07859 0.0942545 1
48.2733 0.19 1.07859 0.0942545 1
48.3241 0.19 1.07859 0.0942545 1
48.3748 0.19 1.07859 0.0942545 1
48.4256 0.19 1.07859 0.0942545 1
48.4706 0.183907 1.03917 0.0913751 0
48.4763 0.19 1.07859 0.0942545 1
48.5271 0.19 1.07859 0.0942545 1
48.5778 0.19 1.07859 0.0942545 1
48.6286 0.19 1.07859 0.0942545 1
48.6793 0.19 1.07859 0.0942545 1
48.7301 0.19 1.07859 0.0942545 1
48.7808 0.19 1.07859 0.0942545 1
48.8316 0.19 1.07859 0.0942545 1
48.8823 0.19 1.07859 0.0942545 1
48.9323 0.189193 1.07401 0.0938791 0
48.9331 0.19 1.07859 0.0942545 1
48.9838 0.19 1.07859 0.0942545 1
49.0346 0.19 1.07859 0.0942545 1
49.0853 0.19 1.07859 0.0942545 1
49.1361 0.19 1.07859 0.0942545 1
49.1868 0.19 1.07859 0.0942545 1
49.2376 0.19 1.07859 0.0942545 1
49.2883 0.19 1.07859 0.0942545 1
49.3391 0.19 1.07859 0.0942545 1
49.3941 0.194634 1.10058 0.0963831 0
49.3898 0.19 1.07859 0.0942545 1
49.4406 0.19 1.07859 0.0942545 1
49.4913 0.19 1.07859 0.0942545 1
49.5421 0.19 1.07859 0.0942545 1
49.5928 0.19 1.07859 0.0942545 1
49.6436 0.19 1.07859 0.0942545 1
49.6943 0.19 1.07859 0.0942545 1
49.7451 0.19 1.07859 0.0942545 1
49.7958 0.19 1.07859 0.0942545 1
49.8466 0.19 1.07859 0.0942545 1
49.8516 0.146035 1.00927 0.0713431 0
49.8973 0.19 1.07859 0.0942545 1
49.9481 0.19 1.07859 0.0942545 1
49.9988 0.19 1.07859 0.0942545 1
0.5008 0.5008 0.5008 0.5008 0.5008
