t x v M dripped?
0 0 0 0.01 0
0.165679 0.19 0.952916 0.0935354 1
0.212729 0.19 1.17707 0.0949751 1
0.266122 0.19 0.985083 0.0939478 1
0.313446 0.19 1.14376 0.0946721 1
0.365882 0.19 1.02512 0.0940395 1
0.414578 0.19 1.12422 0.0944915 1
0.466502 0.19 1.04823 0.0941145 1
0.481502 0.156825 0.87454 0.0770141 0
0.51597 0.19 1.11006 0.0943929 1
0.567472 0.19 1.06237 0.0941644 1
0.617416 0.19 1.10064 0.094337 1
0.668622 0.19 1.07094 0.0941974 1
0.718855 0.19 1.09458 0.0943045 1
0.769867 0.19 1.07616 0.0942188 1
0.820273 0.19 1.09074 0.0942851 1
0.87116 0.19 1.07934 0.0942324 1
0.921672 0.19 1.08834 0.0942734 1
0.951672 0.169008 0.937342 0.083749 0
0.972482 0.19 1.08129 0.0942409 1
1.02306 0.19 1.08685 0.0942663 1
1.07382 0.19 1.08249 0.0942463 1
1.12443 0.19 1.08592 0.094262 1
1.17516 0.19 1.08323 0.0942496 1
1.22581 0.19 1.08535 0.0942593 1
1.27652 0.19 1.08368 0.0942517 1
1.32717 0.19 1.08499 0.0942577 1
1.37787 0.19 1.08396 0.0942529 1
1.41287 0.173879 0.969173 0.0863583 0
1.42854 0.19 1.08477 0.0942566 1
1.47923 0.19 1.08414 0.0942537 1
1.5299 0.19 1.08464 0.094256 1
1.58059 0.19 1.08424 0.0942542 1
1.63126 0.19 1.08455 0.0942556 1
1.68195 0.19 1.08431 0.0942545 1
1.73262 0.19 1.0845 0.0942554 1
1.7833 0.19 1.08435 0.0942547 1
1.83398 0.19 1.08447 0.0942552 1
1.87398 0.178807 1.00768 0.0888691 0
1.88466 0.19 1.08437 0.0942548 1
1.93534 0.19 1.08445 0.0942552 1
1.98602 0.19 1.08439 0.0942549 1
2.0367 0.19 1.08444 0.0942551 1
2.08738 0.19 1.0844 0.0942549 1
2.13806 0.19 1.08443 0.0942551 1
2.18874 0.19 1.08441 0.094255 1
2.23942 0.19 1.08442 0.094255 1
2.2901 0.19 1.08441 0.094255 1
2.3351 0.183944 1.04637 0.0913912 0
2.34078 0.19 1.08442 0.094255 1
2.39146 0.19 1.08441 0.094255 1
2.44214 0.19 1.08442 0.094255 1
2.49282 0.19 1.08441 0.094255 1
2.5435 0.19 1.08442 0.094255 1
2.59418 0.19 1.08441 0.094255 1
2.64486 0.19 1.08442 0.094255 1
2.69554 0.19 1.08441 0.094255 1
2.74622 0.19 1.08442 0.094255 1
2.79622 0.189264 1.08036 0.0939121 0
2.79691 0.19 1.08441 0.094255 1
2.84759 0.19 1.08442 0.094255 1
2.89827 0.19 1.08442 0.094255 1
2.94895 0.19 1.08442 0.094255 1
2.99963 0.19 1.08442 0.094255 1
3.05031 0.19 1.08442 0.094255 1
3.10099 0.19 1.08442 0.094255 1
3.15167 0.19 1.08442 0.094255 1
3.20235 0.19 1.08442 0.094255 1
3.25735 0.194734 1.10624 0.0964331 0
3.25303 0.19 1.08442 0.094255 1
3.30371 0.19 1.08442 0.094255 1
3.35439 0.19 1.08442 0.094255 1
3.40507 0.19 1.08442 0.094255 1
3.45575 0.19 1.08442 0.094255 1
3.50643 0.19 1.08442 0.094255 1
3.55711 0.19 1.08442 0.094255 1
3.60779 0.19 1.08442 0.094255 1
3.65847 0.19 1.08442 0.094255 1
3.70915 0.19 1.08442 0.094255 1
3.71415 0.145713 1.01652 0.0712231 0
3.75983 0.19 1.08442 0.094255 1
3.81051 0.19 1.08442 0.094255 1
3.86119 0.19 1.08442 0.094255 1
3.91187 0.19 1.08442 0.094255 1
3.96255 0.19 1.08442 0.094255 1
4.01323 0.19 1.08442 0.094255 1
4.06391 0.19 1.08442 0.094255 1
4.11459 0.19 1.08442 0.094255 1
4.16527 0.19 1.08442 0.094255 1
4.17527 0.150651 0.961243 0.0737441 0
4.21595 0.19 1.08442 0.094255 1
4.26663 0.19 1.08442 0.094255 1
4.31731 0.19 1.08442 0.094255 1
4.36799 0.19 1.08442 0.094255 1
4.41867 0.19 1.08442 0.094255 1
4.46935 0.19 1.08442 0.094255 1
4.52003 0.19 1.08442 0.094255 1
4.57071 0.19 1.08442 0.094255 1
4.62139 0.19 1.08442 0.094255 1
4.63639 0.155357 0.924817 0.0762651 0
4.67207 0.19 1.08442 0.094255 1
4.72275 0.19 1.08442 0.094255 1
4.77343 0.19 1.08442 0.094255 1
4.82411 0.19 1.08442 0.094255 1
4.87479 0.19 1.08442 0.094255 1
4.92547 0.19 1.08442 0.094255 1
4.97615 0.19 1.08442 0.094255 1
5.02683 0.19 1.08442 0.094255 1
5.07751 0.19 1.08442 0.094255 1
5.09751 0.159934 0.9096 0.0787861 0
5.12819 0.19 1.08442 0.094255 1
5.17887 0.19 1.08442 0.094255 1
5.22955 0.19 1.08442 0.094255 1
5.28023 0.19 1.08442 0.094255 1
5.33091 0.19 1.08442 0.094255 1
5.38159 0.19 1.08442 0.094255 1
5.43227 0.19 1.08442 0.094255 1
5.48295 0.19 1.08442 0.094255 1
5.53363 0.19 1.08442 0.094255 1
5.55863 0.164487 0.914564 0.0813071 0
5.58431 0.19 1.08442 0.094255 1
5.63499 0.19 1.08442 0.094255 1
5.68567 0.19 1.08442 0.094255 1
5.73635 0.19 1.08442 0.094255 1
5.78703 0.19 1.08442 0.094255 1
5.83771 0.19 1.08442 0.094255 1
5.88839 0.19 1.08442 0.094255 1
5.93907 0.19 1.08442 0.094255 1
5.98975 0.19 1.08442 0.094255 1
6.01975 0.169108 0.936124 0.0838281 0
6.04043 0.19 1.08442 0.094255 1
6.09111 0.19 1.08442 0.094255 1
6.14179 0.19 1.08442 0.094255 1
6.19247 0.19 1.08442 0.094255 1
6.24315 0.19 1.08442 0.094255 1
6.29383 0.19 1.08442 0.094255 1
6.34451 0.19 1.08442 0.094255 1
6.39519 0.19 1.08442 0.094255 1
6.44587 0.19 1.08442 0.094255 1
6.48087 0.173867 0.969103 0.0863491 0
6.49655 0.19 1.08442 0.094255 1
6.54723 0.19 1.08442 0.094255 1
6.59791 0.19 1.08442 0.094255 1
6.64859 0.19 1.08442 0.094255 1
6.69927 0.19 1.08442 0.094255 1
6.74995 0.19 1.08442 0.094255 1
6.80063 0.19 1.08442 0.094255 1
6.85131 0.19 1.08442 0.094255 1
6.90199 0.19 1.08442 0.094255 1
6.94199 0.178808 1.00771 0.0888701 0
6.95267 0.19 1.08442 0.094255 1
7.00335 0.19 1.08442 0.094255 1
7.05403 0.19 1.08442 0.094255 1
7.10471 0.19 1.08442 0.094255 1
7.15539 0.19 1.08442 0.094255 1
7.20607 0.19 1.08442 0.094255 1
7.25675 0.19 1.08442 0.094255 1
7.30743 0.19 1.08442 0.094255 1
7.35811 0.19 1.08442 0.094255 1
7.40311 0.183944 1.04636 0.0913911 0
7.40879 0.19 1.08442 0.094255 1
7.45947 0.19 1.08442 0.094255 1
7.51015 0.19 1.08442 0.094255 1
7.56083 0.19 1.08442 0.094255 1
7.61151 0.19 1.08442 0.094255 1
7.66219 0.19 1.08442 0.094255 1
7.71287 0.19 1.08442 0.094255 1
7.76355 0.19 1.08442 0.094255 1
7.81423 0.19 1.08442 0.094255 1
7.86423 0.189264 1.08036 0.0939121 0
7.86491 0.19 1.08442 0.094255 1
7.91559 0.19 1.08442 0.094255 1
7.96627 0.19 1.08442 0.094255 1
8.01695 0.19 1.08442 0.094255 1
8.06763 0.19 1.08442 0.094255 1
8.11831 0.19 1.08442 0.094255 1
8.16899 0.19 1.08442 0.094255 1
8.21967 0.19 1.08442 0.094255 1
8.27035 0.19 1.08442 0.094255 1
8.32535 0.194734 1.10624 0.0964331 0
8.32103 0.19 1.08442 0.094255 1
8.37171 0.19 1.08442 0.094255 1
8.42239 0.19 1.08442 0.094255 1
8.47307 0.19 1.08442 0.094255 1
8.52375 0.19 1.08442 0.094255 1
8.57443 0.19 1.08442 0.094255 1
8.62511 0.19 1.08442 0.094255 1
8.67579 0.19 1.08442 0.094255 1
8.72647 0.19 1.08442 0.094255 1
8.77715 0.19 1.08442 0.094255 1
8.78215 0.145713 1.01652 0.0712231 0
8.82784 0.19 1.08442 0.094255 1
8.87852 0.19 1.08442 0.094255 1
8.9292 0.19 1.08442 0.094255 1
8.97988 0.19 1.08442 0.094255 1
9.03056 0.19 1.08442 0.094255 1
9.08124 0.19 1.08442 0.094255 1
9.13192 0.19 1.08442 0.094255 1
9.1826 0.19 1.08442 0.094255 1
9.23328 0.19 1.08442 0.094255 1
9.24328 0.150651 0.961243 0.0737441 0
9.28396 0.19 1.08442 0.094255 1
9.33464 0.19 1.08442 0.094255 1
9.38532 0.19 1.08442 0.094255 1
9.436 0.19 1.08442 0.094255 1
9.48668 0.19 1.08442 0.094255 1
9.53736 0.19 1.08442 0.094255 1
9.58804 0.19 1.08442 0.094255 1
9.63872 0.19 1.08442 0.094255 1
9.6894 0.19 1.08442 0.094255 1
9.7044 0.155357 0.924817 0.0762651 0
9.74008 0.19 1.08442 0.094255 1
9.79076 0.19 1.08442 0.094255 1
9.84144 0.19 1.08442 0.094255 1
9.89212 0.19 1.08442 0.094255 1
9.9428 0.19 1.08442 0.094255 1
9.99348 0.19 1.08442 0.094255 1
10.0442 0.19 1.08442 0.094255 1
10.0948 0.19 1.08442 0.094255 1
10.1455 0.19 1.08442 0.094255 1
10.1655 0.159934 0.9096 0.0787861 0
10.1962 0.19 1.08442 0.094255 1
10.2469 0.19 1.08442 0.094255 1
10.2976 0.19 1.08442 0.094255 1
10.3482 0.19 1.08442 0.094255 1
10.3989 0.19 1.08442 0.094255 1
10.4496 0.19 1.08442 0.094255 1
10.5003 0.19 1.08442 0.094255 1
10.551 0.19 1.08442 0.094255 1
10.6016 0.19 1.08442 0.094255 1
10.6266 0.164487 0.914564 0.0813071 0
10.6523 0.19 1.08442 0.094255 1
10.703 0.19 1.08442 0.094255 1
10.7537 0.19 1.08442 0.094255 1
10.8044 0.19 1.08442 0.094255 1
10.855 0.19 1.08442 0.094255 1
10.9057 0.19 1.08442 0.094255 1
10.9564 0.19 1.08442 0.094255 1
11.0071 0.19 1.08442 0.094255 1
11.0578 0.19 1.08442 0.094255 1
11.0878 0.169108 0.936124 0.0838281 0
11.1084 0.19 1.08442 0.094255 1
11.1591 0.19 1.08442 0.094255 1
11.2098 0.19 1.08442 0.094255 1
11.2605 0.19 1.08442 0.094255 1
11.3112 0.19 1.08442 0.094255 1
11.3618 0.19 1.08442 0.094255 1
11.4125 0.19 1.08442 0.094255 1
11.4632 0.19 1.08442 0.094255 1
11.5139 0.19 1.08442 0.094255 1
11.5489 0.173867 0.969103 0.0863491 0
11.5646 0.19 1.08442 0.094255 1
11.6152 0.19 1.08442 0.094255 1
11.6659 0.19 1.08442 0.094255 1
11.7166 0.19 1.08442 0.094255 1
11.7673 0.19 1.08442 0.094255 1
11.818 0.19 1.08442 0.094255 1
11.8686 0.19 1.08442 0.094255 1
11.9193 0.19 1.08442 0.094255 1
11.97 0.19 1.08442 0.094255 1
12.01 0.178808 1.00771 0.0888701 0
12.0207 0.19 1.08442 0.094255 1
12.0714 0.19 1.08442 0.094255 1
12.122 0.19 1.08442 0.094255 1
12.1727 0.19 1.08442 0.094255 1
12.2234 0.19 1.08442 0.094255 1
12.2741 0.19 1.08442 0.094255 1
12.3248 0.19 1.08442 0.094255 1
12.3754 0.19 1.08442 0.094255 1
12.4261 0.19 1.08442 0.094255 1
12.4711 0.183944 1.04636 0.0913911 0
12.4768 0.19 1.08442 0.094255 1
12.5275 0.19 1.08442 0.094255 1
12.5782 0.19 1.08442 0.094255 1
12.6288 0.19 1.08442 0.094255 1
12.6795 0.19 1.08442 0.094255 1
12.7302 0.19 1.08442 0.094255 1
12.7809 0.19 1.08442 0.094255 1
12.8316 0.19 1.08442 0.094255 1
12.8822 0.19 1.08442 0.094255 1
12.9322 0.189264 1.08036 0.0939121 0
12.9329 0.19 1.08442 0.094255 1
12.9836 0.19 1.08442 0.094255 1
13.0343 0.19 1.08442 0.094255 1
13.085 0.19 1.08442 0.094255 1
13.1356 0.19 1.08442 0.094255 1
13.1863 0.19 1.08442 0.094255 1
13.237 0.19 1.08442 0.094255 1
13.2877 0.19 1.08442 0.094255 1
13.3384 0.19 1.08442 0.094255 1
13.3934 0.194734 1.10624 0.0964331 0
13.389 0.19 1.08442 0.094255 1
13.4397 0.19 1.08442 0.094255 1
13.4904 0.19 1.08442 0.094255 1
13.5411 0.19 1.08442 0.094255 1
13.5918 0.19 1.08442 0.094255 1
13.6424 0.19 1.08442 0.094255 1
13.6931 0.19 1.08442 0.094255 1
13.7438 0.19 1.08442 0.094255 1
13.7945 0.19 1.08442 0.094255 1
13.8452 0.19 1.08442 0.094255 1
13.8502 0.145713 1.01652 0.0712231 0
13.8958 0.19 1.08442 0.094255 1
13.9465 0.19 1.08442 0.094255 1
13.9972 0.19 1.08442 0.094255 1
14.0479 0.19 1.08442 0.094255 1
14.0986 0.19 1.08442 0.094255 1
14.1492 0.19 1.08442 0.094255 1
14.1999 0.19 1.08442 0.094255 1
14.2506 0.19 1.08442 0.094255 1
14.3013 0.19 1.08442 0.094255 1
14.3113 0.150651 0.961243 0.0737441 0
14.352 0.19 1.08442 0.094255 1
14.4026 0.19 1.08442 0.094255 1
14.4533 0.19 1.08442 0.094255 1
14.504 0.19 1.08442 0.094255 1
14.5547 0.19 1.08442 0.094255 1
14.6054 0.19 1.08442 0.094255 1
14.656 0.19 1.08442 0.094255 1
14.7067 0.19 1.08442 0.094255 1
14.7574 0.19 1.08442 0.094255 1
14.7724 0.155357 0.924817 0.0762651 0
14.8081 0.19 1.08442 0.094255 1
14.8588 0.19 1.08442 0.094255 1
14.9094 0.19 1.08442 0.094255 1
14.9601 0.19 1.08442 0.094255 1
15.0108 0.19 1.08442 0.094255 1
15.0615 0.19 1.08442 0.094255 1
15.1122 0.19 1.08442 0.094255 1
15.1628 0.19 1.08442 0.094255 1
15.2135 0.19 1.08442 0.094255 1
15.2335 0.159934 0.9096 0.0787861 0
15.2642 0.19 1.08442 0.094255 1
15.3149 0.19 1.08442 0.094255 1
15.3656 0.19 1.08442 0.094255 1
15.4162 0.19 1.08442 0.094255 1
15.4669 0.19 1.08442 0.094255 1
15.5176 0.19 1.08442 0.094255 1
15.5683 0.19 1.08442 0.094255 1
15.619 0.19 1.08442 0.094255 1
15.6696 0.19 1.08442 0.094255 1
15.6946 0.164487 0.914564 0.0813071 0
15.7203 0.19 1.08442 0.094255 1
15.771 0.19 1.08442 0.094255 1
15.8217 0.19 1.08442 0.094255 1
15.8724 0.19 1.08442 0.094255 1
15.923 0.19 1.08442 0.094255 1
15.9737 0.19 1.08442 0.094255 1
16.0244 0.19 1.08442 0.094255 1
16.0751 0.19 1.08442 0.094255 1
16.1258 0.19 1.08442 0.094255 1
16.1558 0.169108 0.936124 0.0838281 0
16.1764 0.19 1.08442 0.094255 1
16.2271 0.19 1.08442 0.094255 1
16.2778 0.19 1.08442 0.094255 1
16.3285 0.19 1.08442 0.094255 1
16.3792 0.19 1.08442 0.094255 1
16.4298 0.19 1.08442 0.094255 1
16.4805 0.19 1.08442 0.094255 1
16.5312 0.19 1.08442 0.094255 1
16.5819 0.19 1.08442 0.094255 1
16.6169 0.173867 0.969103 0.0863491 0
16.6326 0.19 1.08442 0.094255 1
16.6832 0.19 1.08442 0.094255 1
16.7339 0.19 1.08442 0.094255 1
16.7846 0.19 1.08442 0.094255 1
16.8353 0.19 1.08442 0.094255 1
16.886 0.19 1.08442 0.094255 1
16.9366 0.19 1.08442 0.094255 1
16.9873 0.19 1.08442 0.094255 1
17.038 0.19 1.08442 0.094255 1
17.078 0.178808 1.00771 0.0888701 0
17.0887 0.19 1.08442 0.094255 1
17.1394 0.19 1.08442 0.094255 1
17.19 0.19 1.08442 0.094255 1
17.2407 0.19 1.08442 0.094255 1
17.2914 0.19 1.08442 0.094255 1
17.3421 0.19 1.08442 0.094255 1
17.3928 0.19 1.08442 0.094255 1
17.4434 0.19 1.08442 0.094255 1
17.4941 0.19 1.08442 0.094255 1
17.5391 0.183944 1.04636 0.0913911 0
17.5448 0.19 1.08442 0.094255 1
17.5955 0.19 1.08442 0.094255 1
17.6462 0.19 1.08442 0.094255 1
17.6968 0.19 1.08442 0.094255 1
17.7475 0.19 1.08442 0.094255 1
17.7982 0.19 1.08442 0.094255 1
17.8489 0.19 1.08442 0.094255 1
17.8996 0.19 1.08442 0.094255 1
17.9503 0.19 1.08442 0.094255 1
18.0003 0.189264 1.08036 0.0939121 0
18.0009 0.19 1.08442 0.094255 1
18.0516 0.19 1.08442 0.094255 1
18.1023 0.19 1.08442 0.094255 1
18.153 0.19 1.08442 0.094255 1
18.2037 0.19 1.08442 0.094255 1
18.2543 0.19 1.08442 0.094255 1
18.305 0.19 1.08442 0.094255 1
18.3557 0.19 1.08442 0.094255 1
18.4064 0.19 1.08442 0.094255 1
18.4614 0.194734 1.10624 0.0964331 0
18.4571 0.19 1.08442 0.094255 1
18.5077 0.19 1.08442 0.094255 1
18.5584 0.19 1.08442 0.094255 1
18.6091 0.19 1.08442 0.094255 1
18.6598 0.19 1.08442 0.094255 1
18.7105 0.19 1.08442 0.094255 1
18.7611 0.19 1.08442 0.094255 1
18.8118 0.19 1.08442 0.094255 1
18.8625 0.19 1.08442 0.094255 1
18.9132 0.19 1.08442 0.094255 1
18.9182 0.145713 1.01652 0.0712231 0
18.9639 0.19 1.08442 0.094255 1
19.0145 0.19 1.08442 0.094255 1
19.0652 0.19 1.08442 0.094255 1
19.1159 0.19 1.08442 0.094255 1
19.1666 0.19 1.08442 0.094255 1
19.2173 0.19 1.08442 0.094255 1
19.2679 0.19 1.08442 0.094255 1
19.3186 0.19 1.08442 0.094255 1
19.3693 0.19 1.08442 0.094255 1
19.3793 0.150651 0.961243 0.0737441 0
19.42 0.19 1.08442 0.094255 1
19.4707 0.19 1.08442 0.094255 1
19.5213 0.19 1.08442 0.094255 1
19.572 0.19 1.08442 0.094255 1
19.6227 0.19 1.08442 0.094255 1
19.6734 0.19 1.08442 0.094255 1
19.7241 0.19 1.08442 0.094255 1
19.7747 0.19 1.08442 0.094255 1
19.8254 0.19 1.08442 0.094255 1
19.8404 0.155357 0.924817 0.0762651 0
19.8761 0.19 1.08442 0.094255 1
19.9268 0.19 1.08442 0.094255 1
19.9775 0.19 1.08442 0.094255 1
20.0281 0.19 1.08442 0.094255 1
20.0788 0.19 1.08442 0.094255 1
20.1295 0.19 1.08442 0.094255 1
20.1802 0.19 1.08442 0.094255 1
20.2309 0.19 1.08442 0.094255 1
20.2815 0.19 1.08442 0.094255 1
20.3015 0.159934 0.9096 0.0787861 0
20.3322 0.19 1.08442 0.094255 1
20.3829 0.19 1.08442 0.094255 1
20.4336 0.19 1.08442 0.094255 1
20.4843 0.19 1.08442 0.094255 1
20.5349 0.19 1.08442 0.094255 1
20.5856 0.19 1.08442 0.094255 1
20.6363 0.19 1.08442 0.094255 1
20.687 0.19 1.08442 0.094255 1
20.7377 0.19 1.08442 0.094255 1
20.7627 0.164487 0.914564 0.0813071 0
20.7883 0.19 1.08442 0.094255 1
20.839 0.19 1.08442 0.094255 1
20.8897 0.19 1.08442 0.094255 1
20.9404 0.19 1.08442 0.094255 1
20.9911 0.19 1.08442 0.094255 1
21.0417 0.19 1.08442 0.094255 1
21.0924 0.19 1.08442 0.094255 1
21.1431 0.19 1.08442 0.094255 1
21.1938 0.19 1.08442 0.094255 1
21.2238 0.169108 0.936124 0.0838281 0
21.2445 0.19 1.08442 0.094255 1
21.2951 0.19 1.08442 0.094255 1
21.3458 0.19 1.08442 0.094255 1
21.3965 0.19 1.08442 0.094255 1
21.4472 0.19 1.08442 0.094255 1
21.4979 0.19 1.08442 0.094255 1
21.5485 0.19 1.08442 0.094255 1
21.5992 0.19 1.08442 0.094255 1
21.6499 0.19 1.08442 0.094255 1
21.6849 0.173867 0.969103 0.0863491 0
21.7006 0.19 1.08442 0.094255 1
21.7513 0.19 1.08442 0.094255 1
21.8019 0.19 1.08442 0.094255 1
21.8526 0.19 1.08442 0.094255 1
21.9033 0.19 1.08442 0.094255 1
21.954 0.19 1.08442 0.094255 1
22.0047 0.19 1.08442 0.094255 1
22.0553 0.19 1.08442 0.094255 1
22.106 0.19 1.08442 0.094255 1
22.146 0.178808 1.00771 0.0888701 0
22.1567 0.19 1.08442 0.094255 1
22.2074 0.19 1.08442 0.094255 1
22.2581 0.19 1.08442 0.094255 1
22.3087 0.19 1.08442 0.094255 1
22.3594 0.19 1.08442 0.094255 1
22.4101 0.19 1.08442 0.094255 1
22.4608 0.19 1.08442 0.094255 1
22.5115 0.19 1.08442 0.094255 1
22.5621 0.19 1.08442 0.094255 1
22.6071 0.183944 1.04636 0.0913911 0
22.6128 0.19 1.08442 0.094255 1
22.6635 0.19 1.08442 0.094255 1
22.7142 0.19 1.08442 0.094255 1
22.7649 0.19 1.08442 0.094255 1
22.8155 0.19 1.08442 0.094255 1
22.8662 0.19 1.08442 0.094255 1
22.9169 0.19 1.08442 0.094255 1
22.9676 0.19 1.08442 0.094255 1
23.0183 0.19 1.08442 0.094255 1
23.0683 0.189264 1.08036 0.0939121 0
23.0689 0.19 1.08442 0.094255 1
23.1196 0.19 1.08442 0.094255 1
23.1703 0.19 1.08442 0.094255 1
23.221 0.19 1.08442 0.094255 1
23.2717 0.19 1.08442 0.094255 1
23.3223 0.19 1.08442 0.094255 1
23.373 0.19 1.08442 0.094255 1
23.4237 0.19 1.08442 0.094255 1
23.4744 0.19 1.08442 0.094255 1
23.5294 0.194734 1.10624 0.0964331 0
23.5251 0.19 1.08442 0.094255 1
23.5757 0.19 1.08442 0.094255 1
23.6264 0.19 1.08442 0.094255 1
23.6771 0.19 1.08442 0.094255 1
23.7278 0.19 1.08442 0.094255 1
23.7785 0.19 1.08442 0.094255 1
23.8291 0.19 1.08442 0.094255 1
23.8798 0.19 1.08442 0.094255 1
23.9305 0.19 1.08442 0.094255 1
23.9812 0.19 1.08442 0.094255 1
23.9862 0.145713 1.01652 0.0712231 0
24.0319 0.19 1.08442 0.094255 1
24.0825 0.19 1.08442 0.094255 1
24.1332 0.19 1.08442 0.094255 1
24.1839 0.19 1.08442 0.094255 1
24.2346 0.19 1.08442 0.094255 1
24.2853 0.19 1.08442 0.094255 1
24.3359 0.19 1.08442 0.094255 1
24.3866 0.19 1.08442 0.094255 1
24.4373 0.19 1.08442 0.094255 1
24.4473 0.150651 0.961243 0.0737441 0
24.488 0.19 1.08442 0.094255 1
24.5387 0.19 1.08442 0.094255 1
24.5893 0.19 1.08442 0.094255 1
24.64 0.19 1.08442 0.094255 1
24.6907 0.19 1.08442 0.094255 1
24.7414 0.19 1.08442 0.094255 1
24.7921 0.19 1.08442 0.094255 1
24.8427 0.19 1.08442 0.094255 1
24.8934 0.19 1.08442 0.094255 1
24.9084 0.155357 0.924817 0.0762651 0
24.9441 0.19 1.08442 0.094255 1
24.9948 0.19 1.08442 0.094255 1
25.0455 0.19 1.08442 0.094255 1
25.0961 0.19 1.08442 0.094255 1
25.1468 0.19 1.08442 0.094255 1
25.1975 0.19 1.08442 0.094255 1
25.2482 0.19 1.08442 0.094255 1
25.2989 0.19 1.08442 0.094255 1
25.3495 0.19 1.08442 0.094255 1
25.3695 0.159934 0.9096 0.0787861 0
25.4002 0.19 1.08442 0.094255 1
25.4509 0.19 1.08442 0.094255 1
25.5016 0.19 1.08442 0.094255 1
25.5523 0.19 1.08442 0.094255 1
25.6029 0.19 1.08442 0.094255 1
25.6536 0.19 1.08442 0.094255 1
25.7043 0.19 1.08442 0.094255 1
25.755 0.19 1.08442 0.094255 1
25.8057 0.19 1.08442 0.094255 1
25.8307 0.164487 0.914564 0.0813071 0
25.8563 0.19 1.08442 0.094255 1
25.907 0.19 1.08442 0.094255 1
25.9577 0.19 1.08442 0.094255 1
26.0084 0.19 1.08442 0.094255 1
26.0591 0.19 1.08442 0.094255 1
26.1097 0.19 1.08442 0.094255 1
26.1604 0.19 1.08442 0.094255 1
26.2111 0.19 1.08442 0.094255 1
26.2618 0.19 1.08442 0.094255 1
26.2918 0.169108 0.936124 0.0838281 0
26.3125 0.19 1.08442 0.094255 1
26.3631 0.19 1.08442 0.094255 1
26.4138 0.19 1.08442 0.094255 1
26.4645 0.19 1.08442 0.094255 1
26.5152 0.19 1.08442 0.094255 1
26.5659 0.19 1.08442 0.094255 1
26.6165 0.19 1.08442 0.094255 1
26.6672 0.19 1.08442 0.094255 1
26.7179 0.19 1.08442 0.094255 1
26.7529 0.173867 0.969103 0.0863491 0
26.7686 0.19 1.08442 0.094255 1
26.8193 0.19 1.08442 0.094255 1
26.8699 0.19 1.08442 0.094255 1
26.9206 0.19 1.08442 0.094255 1
26.9713 0.19 1.08442 0.094255 1
27.022 0.19 1.08442 0.094255 1
27.0727 0.19 1.08442 0.094255 1
27.1233 0.19 1.08442 0.094255 1
27.174 0.19 1.08442 0.094255 1
27.214 0.178808 1.00771 0.0888701 0
27.2247 0.19 1.08442 0.094255 1
27.2754 0.19 1.08442 0.094255 1
27.3261 0.19 1.08442 0.094255 1
27.3767 0.19 1.08442 0.094255 1
27.4274 0.19 1.08442 0.094255 1
27.4781 0.19 1.08442 0.094255 1
27.5288 0.19 1.08442 0.094255 1
27.5795 0.19 1.08442 0.094255 1
27.6301 0.19 1.08442 0.094255 1
27.6751 0.183944 1.04636 0.0913911 0
27.6808 0.19 1.08442 0.094255 1
27.7315 0.19 1.08442 0.094255 1
27.7822 0.19 1.08442 0.094255 1
27.8329 0.19 1.08442 0.094255 1
27.8835 0.19 1.08442 0.094255 1
27.9342 0.19 1.08442 0.094255 1
27.9849 0.19 1.08442 0.094255 1
28.0356 0.19 1.08442 0.094255 1
28.0863 0.19 1.08442 0.094255 1
28.1363 0.189264 1.08036 0.0939121 0
28.1369 0.19 1.08442 0.094255 1
28.1876 0.19 1.08442 0.094255 1
28.2383 0.19 1.08442 0.094255 1
28.289 0.19 1.08442 0.094255 1
28.3397 0.19 1.08442 0.094255 1
28.3903 0.19 1.08442 0.094255 1
28.441 0.19 1.08442 0.094255 1
28.4917 0.19 1.08442 0.094255 1
28.5424 0.19 1.08442 0.094255 1
28.5974 0.194734 1.10624 0.0964331 0
28.5931 0.19 1.08442 0.094255 1
28.6437 0.19 1.08442 0.094255 1
28.6944 0.19 1.08442 0.094255 1
28.7451 0.19 1.08442 0.094255 1
28.7958 0.19 1.08442 0.094255 1
28.8465 0.19 1.08442 0.094255 1
28.8971 0.19 1.08442 0.094255 1
28.9478 0.19 1.08442 0.094255 1
28.9985 0.19 1.08442 0.094255 1
29.0492 0.19 1.08442 0.094255 1
29.0542 0.145713 1.01652 0.0712231 0
29.0999 0.19 1.08442 0.094255 1
29.1505 0.19 1.08442 0.094255 1
29.2012 0.19 1.08442 0.094255 1
29.2519 0.19 1.08442 0.094255 1
29.3026 0.19 1.08442 0.094255 1
29.3533 0.19 1.08442 0.094255 1
29.4039 0.19 1.08442 0.094255 1
29.4546 0.19 1.08442 0.094255 1
29.5053 0.19 1.08442 0.094255 1
29.5153 0.150651 0.961243 0.0737441 0
29.556 0.19 1.08442 0.094255 1
29.6067 0.19 1.08442 0.094255 1
29.6573 0.19 1.08442 0.094255 1
29.708 0.19 1.08442 0.094255 1
29.7587 0.19 1.08442 0.094255 1
29.8094 0.19 1.08442 0.094255 1
29.8601 0.19 1.08442 0.094255 1
29.9107 0.19 1.08442 0.094255 1
29.9614 0.19 1.08442 0.094255 1
29.9764 0.155357 0.924817 0.0762651 0
30.0121 0.19 1.08442 0.094255 1
30.0628 0.19 1.08442 0.094255 1
30.1135 0.19 1.08442 0.094255 1
30.1642 0.19 1.08442 0.094255 1
30.2148 0.19 1.08442 0.094255 1
30.2655 0.19 1.08442 0.094255 1
30.3162 0.19 1.08442 0.094255 1
30.3669 0.19 1.08442 0.094255 1
30.4176 0.19 1.08442 0.094255 1
30.4376 0.159934 0.9096 0.0787861 0
30.4682 0.19 1.08442 0.094255 1
30.5189 0.19 1.08442 0.094255 1
30.5696 0.19 1.08442 0.094255 1
30.6203 0.19 1.08442 0.094255 1
30.671 0.19 1.08442 0.094255 1
30.7216 0.19 1.08442 0.094255 1
30.7723 0.19 1.08442 0.094255 1
30.823 0.19 1.08442 0.094255 1
30.8737 0.19 1.08442 0.094255 1
30.8987 0.164487 0.914564 0.0813071 0
30.9244 0.19 1.08442 0.094255 1
30.975 0.19 1.08442 0.094255 1
31.0257 0.19 1.08442 0.094255 1
31.0764 0.19 1.08442 0.094255 1
31.1271 0.19 1.08442 0.094255 1
31.1778 0.19 1.08442 0.094255 1
31.2284 0.19 1.08442 0.094255 1
31.2791 0.19 1.08442 0.094255 1
31.3298 0.19 1.08442 0.094255 1
31.3598 0.169108 0.936124 0.0838281 0
31.3805 0.19 1.08442 0.094255 1
31.4312 0.19 1.08442 0.094255 1
31.4818 0.19 1.08442 0.094255 1
31.5325 0.19 1.08442 0.094255 1
31.5832 0.19 1.08442 0.094255 1
31.6339 0.19 1.08442 0.094255 1
31.6846 0.19 1.08442 0.094255 1
31.7352 0.19 1.08442 0.094255 1
31.7859 0.19 1.08442 0.094255 1
31.8209 0.173867 0.969103 0.0863491 0
31.8366 0.19 1.08442 0.094255 1
31.8873 0.19 1.08442 0.094255 1
31.938 0.19 1.08442 0.094255 1
31.9886 0.19 1.08442 0.094255 1
32.0393 0.19 1.08442 0.094255 1
32.09 0.19 1.08442 0.094255 1
32.1407 0.19 1.08442 0.094255 1
32.1914 0.19 1.08442 0.094255 1
32.242 0.19 1.08442 0.094255 1
32.282 0.178808 1.00771 0.0888701 0
32.2927 0.19 1.08442 0.094255 1
32.3434 0.19 1.08442 0.094255 1
32.3941 0.19 1.08442 0.094255 1
32.4448 0.19 1.08442 0.094255 1
32.4954 0.19 1.08442 0.094255 1
32.5461 0.19 1.08442 0.094255 1
32.5968 0.19 1.08442 0.094255 1
32.6475 0.19 1.08442 0.094255 1
32.6982 0.19 1.08442 0.094255 1
32.7432 0.183944 1.04636 0.0913911 0
32.7488 0.19 1.08442 0.094255 1
32.7995 0.19 1.08442 0.094255 1
32.8502 0.19 1.08442 0.094255 1
32.9009 0.19 1.08442 0.094255 1
32.9516 0.19 1.08442 0.094255 1
33.0022 0.19 1.08442 0.094255 1
33.0529 0.19 1.08442 0.094255 1
33.1036 0.19 1.08442 0.094255 1
33.1543 0.19 1.08442 0.094255 1
33.2043 0.189264 1.08036 0.0939121 0
33.205 0.19 1.08442 0.094255 1
33.2556 0.19 1.08442 0.094255 1
33.3063 0.19 1.08442 0.094255 1
33.357 0.19 1.08442 0.094255 1
33.4077 0.19 1.08442 0.094255 1
33.4584 0.19 1.08442 0.094255 1
33.509 0.19 1.08442 0.094255 1
33.5597 0.19 1.08442 0.094255 1
33.6104 0.19 1.08442 0.094255 1
33.6654 0.194734 1.10624 0.0964331 0
33.6611 0.19 1.08442 0.094255 1
33.7118 0.19 1.08442 0.094255 1
33.7624 0.19 1.08442 0.094255 1
33.8131 0.19 1.08442 0.094255 1
33.8638 0.19 1.08442 0.094255 1
33.9145 0.19 1.08442 0.094255 1
33.9652 0.19 1.08442 0.094255 1
34.0158 0.19 1.08442 0.094255 1
34.0665 0.19 1.08442 0.094255 1
34.1172 0.19 1.08442 0.094255 1
34.1222 0.145713 1.01652 0.0712231 0
34.1679 0.19 1.08442 0.094255 1
34.2186 0.19 1.08442 0.094255 1
34.2692 0.19 1.08442 0.094255 1
34.3199 0.19 1.08442 0.094255 1
34.3706 0.19 1.08442 0.094255 1
34.4213 0.19 1.08442 0.094255 1
34.472 0.19 1.08442 0.094255 1
34.5226 0.19 1.08442 0.094255 1
34.5733 0.19 1.08442 0.094255 1
34.5833 0.150651 0.961243 0.0737441 0
34.624 0.19 1.08442 0.094255 1
34.6747 0.19 1.08442 0.094255 1
34.7254 0.19 1.08442 0.094255 1
34.776 0.19 1.08442 0.094255 1
34.8267 0.19 1.08442 0.094255 1
34.8774 0.19 1.08442 0.094255 1
34.9281 0.19 1.08442 0.094255 1
34.9788 0.19 1.08442 0.094255 1
35.0294 0.19 1.08442 0.094255 1
35.0444 0.155357 0.924817 0.0762651 0
35.0801 0.19 1.08442 0.094255 1
35.1308 0.19 1.08442 0.094255 1
35.1815 0.19 1.08442 0.094255 1
35.2322 0.19 1.08442 0.094255 1
35.2828 0.19 1.08442 0.094255 1
35.3335 0.19 1.08442 0.094255 1
35.3842 0.19 1.08442 0.094255 1
35.4349 0.19 1.08442 0.094255 1
35.4856 0.19 1.08442 0.094255 1
35.5056 0.159934 0.9096 0.0787861 0
35.5362 0.19 1.08442 0.094255 1
35.5869 0.19 1.08442 0.094255 1
35.6376 0.19 1.08442 0.094255 1
35.6883 0.19 1.08442 0.094255 1
35.739 0.19 1.08442 0.094255 1
35.7896 0.19 1.08442 0.094255 1
35.8403 0.19 1.08442 0.094255 1
35.891 0.19 1.08442 0.094255 1
35.9417 0.19 1.08442 0.094255 1
35.9667 0.164487 0.914564 0.0813071 0
35.9924 0.19 1.08442 0.094255 1
36.043 0.19 1.08442 0.094255 1
36.0937 0.19 1.08442 0.094255 1
36.1444 0.19 1.08442 0.094255 1
36.1951 0.19 1.08442 0.094255 1
36.2458 0.19 1.08442 0.094255 1
36.2964 0.19 1.08442 0.094255 1
36.3471 0.19 1.08442 0.094255 1
36.3978 0.19 1.08442 0.094255 1
36.4278 0.169108 0.936124 0.0838281 0
36.4485 0.19 1.08442 0.094255 1
36.4992 0.19 1.08442 0.094255 1
36.5498 0.19 1.08442 0.094255 1
36.6005 0.19 1.08442 0.094255 1
36.6512 0.19 1.08442 0.094255 1
36.7019 0.19 1.08442 0.094255 1
36.7526 0.19 1.08442 0.094255 1
36.8032 0.19 1.08442 0.094255 1
36.8539 0.19 1.08442 0.094255 1
36.8889 0.173867 0.969103 0.0863491 0
36.9046 0.19 1.08442 0.094255 1
36.9553 0.19 1.08442 0.094255 1
37.006 0.19 1.08442 0.094255 1
37.0566 0.19 1.08442 0.094255 1
37.1073 0.19 1.08442 0.094255 1
37.158 0.19 1.08442 0.094255 1
37.2087 0.19 1.08442 0.094255 1
37.2594 0.19 1.08442 0.094255 1
37.31 0.19 1.08442 0.094255 1
37.35 0.178808 1.00771 0.0888701 0
37.3607 0.19 1.08442 0.094255 1
37.4114 0.19 1.08442 0.094255 1
37.4621 0.19 1.08442 0.094255 1
37.5128 0.19 1.08442 0.094255 1
37.5634 0.19 1.08442 0.094255 1
37.6141 0.19 1.08442 0.094255 1
37.6648 0.19 1.08442 0.094255 1
37.7155 0.19 1.08442 0.094255 1
37.7662 0.19 1.08442 0.094255 1
37.8112 0.183944 1.04636 0.0913911 0
37.8168 0.19 1.08442 0.094255 1
37.8675 0.19 1.08442 0.094255 1
37.9182 0.19 1.08442 0.094255 1
37.9689 0.19 1.08442 0.094255 1
38.0196 0.19 1.08442 0.094255 1
38.0702 0.19 1.08442 0.094255 1
38.1209 0.19 1.08442 0.094255 1
38.1716 0.19 1.08442 0.094255 1
38.2223 0.19 1.08442 0.094255 1
38.2723 0.189264 1.08036 0.0939121 0
38.273 0.19 1.08442 0.094255 1
38.3236 0.19 1.08442 0.094255 1
38.3743 0.19 1.08442 0.094255 1
38.425 0.19 1.08442 0.094255 1
38.4757 0.19 1.08442 0.094255 1
38.5264 0.19 1.08442 0.094255 1
38.577 0.19 1.08442 0.094255 1
38.6277 0.19 1.08442 0.094255 1
38.6784 0.19 1.08442 0.094255 1
38.7334 0.194734 1.10624 0.0964331 0
38.7291 0.19 1.08442 0.094255 1
38.7798 0.19 1.08442 0.094255 1
38.8304 0.19 1.08442 0.094255 1
38.8811 0.19 1.08442 0.094255 1
38.9318 0.19 1.08442 0.094255 1
38.9825 0.19 1.08442 0.094255 1
39.0332 0.19 1.08442 0.094255 1
39.0838 0.19 1.08442 0.094255 1
39.1345 0.19 1.08442 0.094255 1
39.1852 0.19 1.08442 0.094255 1
39.1902 0.145713 1.01652 0.0712231 0
39.2359 0.19 1.08442 0.094255 1
39.2866 0.19 1.08442 0.094255 1
39.3372 0.19 1.08442 0.094255 1
39.3879 0.19 1.08442 0.094255 1
39.4386 0.19 1.08442 0.094255 1
39.4893 0.19 1.08442 0.094255 1
39.54 0.19 1.08442 0.094255 1
39.5906 0.19 1.08442 0.094255 1
39.6413 0.19 1.08442 0.094255 1
39.6513 0.150651 0.961243 0.0737441 0
39.692 0.19 1.08442 0.094255 1
39.7427 0.19 1.08442 0.094255 1
39.7934 0.19 1.08442 0.094255 1
39.844 0.19 1.08442 0.094255 1
39.8947 0.19 1.08442 0.094255 1
39.9454 0.19 1.08442 0.094255 1
39.9961 0.19 1.08442 0.094255 1
40.0468 0.19 1.08442 0.094255 1
40.0974 0.19 1.08442 0.094255 1
40.1124 0.155357 0.924817 0.0762651 0
40.1481 0.19 1.08442 0.094255 1
40.1988 0.19 1.08442 0.094255 1
40.2495 0.19 1.08442 0.094255 1
40.3002 0.19 1.08442 0.094255 1
40.3508 0.19 1.08442 0.094255 1
40.4015 0.19 1.08442 0.094255 1
40.4522 0.19 1.08442 0.094255 1
40.5029 0.19 1.08442 0.094255 1
40.5536 0.19 1.08442 0.094255 1
40.5736 0.159934 0.9096 0.0787861 0
40.6042 0.19 1.08442 0.094255 1
40.6549 0.19 1.08442 0.094255 1
40.7056 0.19 1.08442 0.094255 1
40.7563 0.19 1.08442 0.094255 1
40.807 0.19 1.08442 0.094255 1
40.8576 0.19 1.08442 0.094255 1
40.9083 0.19 1.08442 0.094255 1
40.959 0.19 1.08442 0.094255 1
41.0097 0.19 1.08442 0.094255 1
41.0347 0.164487 0.914564 0.0813071 0
41.0604 0.19 1.08442 0.094255 1
41.111 0.19 1.08442 0.094255 1
41.1617 0.19 1.08442 0.094255 1
41.2124 0.19 1.08442 0.094255 1
41.2631 0.19 1.08442 0.094255 1
41.3138 0.19 1.08442 0.094255 1
41.3644 0.19 1.08442 0.094255 1
41.4151 0.19 1.08442 0.094255 1
41.4658 0.19 1.08442 0.094255 1
41.4958 0.169108 0.936124 0.0838281 0
41.5165 0.19 1.08442 0.094255 1
41.5672 0.19 1.08442 0.094255 1
41.6178 0.19 1.08442 0.094255 1
41.6685 0.19 1.08442 0.094255 1
41.7192 0.19 1.08442 0.094255 1
41.7699 0.19 1.08442 0.094255 1
41.8206 0.19 1.08442 0.094255 1
41.8712 0.19 1.08442 0.094255 1
41.9219 0.19 1.08442 0.094255 1
41.9569 0.173867 0.969103 0.0863491 0
41.9726 0.19 1.08442 0.094255 1
42.0233 0.19 1.08442 0.094255 1
42.074 0.19 1.08442 0.094255 1
42.1247 0.19 1.08442 0.094255 1
42.1753 0.19 1.08442 0.094255 1
42.226 0.19 1.08442 0.094255 1
42.2767 0.19 1.08442 0.094255 1
42.3274 0.19 1.08442 0.094255 1
42.3781 0.19 1.08442 0.094255 1
42.4181 0.178808 1.00771 0.0888701 0
42.4287 0.19 1.08442 0.094255 1
42.4794 0.19 1.08442 0.094255 1
42.5301 0.19 1.08442 0.094255 1
42.5808 0.19 1.08442 0.094255 1
42.6315 0.19 1.08442 0.094255 1
42.6821 0.19 1.08442 0.094255 1
42.7328 0.19 1.08442 0.094255 1
42.7835 0.19 1.08442 0.094255 1
42.8342 0.19 1.08442 0.094255 1
42.8792 0.183944 1.04636 0.0913911 0
42.8849 0.19 1.08442 0.094255 1
42.9355 0.19 1.08442 0.094255 1
42.9862 0.19 1.08442 0.094255 1
43.0369 0.19 1.08442 0.094255 1
43.0876 0.19 1.08442 0.094255 1
43.1383 0.19 1.08442 0.094255 1
43.1889 0.19 1.08442 0.094255 1
43.2396 0.19 1.08442 0.094255 1
43.2903 0.19 1.08442 0.094255 1
43.3403 0.189264 1.08036 0.0939121 0
43.341 0.19 1.08442 0.094255 1
43.3917 0.19 1.08442 0.094255 1
43.4423 0.19 1.08442 0.094255 1
43.493 0.19 1.08442 0.094255 1
43.5437 0.19 1.08442 0.094255 1
43.5944 0.19 1.08442 0.094255 1
43.6451 0.19 1.08442 0.094255 1
43.6957 0.19 1.08442 0.094255 1
43.7464 0.19 1.08442 0.094255 1
43.8014 0.194734 1.10624 0.0964331 0
43.7971 0.19 1.08442 0.094255 1
43.8478 0.19 1.08442 0.094255 1
43.8985 0.19 1.08442 0.094255 1
43.9491 0.19 1.08442 0.094255 1
43.9998 0.19 1.08442 0.094255 1
44.0505 0.19 1.08442 0.094255 1
44.1012 0.19 1.08442 0.094255 1
44.1519 0.19 1.08442 0.094255 1
44.2025 0.19 1.08442 0.094255 1
44.2532 0.19 1.08442 0.094255 1
44.2582 0.145713 1.01652 0.0712231 0
44.3039 0.19 1.08442 0.094255 1
44.3546 0.19 1.08442 0.094255 1
44.4053 0.19 1.08442 0.094255 1
44.4559 0.19 1.08442 0.094255 1
44.5066 0.19 1.08442 0.094255 1
44.5573 0.19 1.08442 0.094255 1
44.608 0.19 1.08442 0.094255 1
44.6587 0.19 1.08442 0.094255 1
44.7093 0.19 1.08442 0.094255 1
44.7193 0.150651 0.961243 0.0737441 0
44.76 0.19 1.08442 0.094255 1
44.8107 0.19 1.08442 0.094255 1
44.8614 0.19 1.08442 0.094255 1
44.9121 0.19 1.08442 0.094255 1
44.9627 0.19 1.08442 0.094255 1
45.0134 0.19 1.08442 0.094255 1
45.0641 0.19 1.08442 0.094255 1
45.1148 0.19 1.08442 0.094255 1
45.1655 0.19 1.08442 0.094255 1
45.1805 0.155357 0.924817 0.0762651 0
45.2161 0.19 1.08442 0.094255 1
45.2668 0.19 1.08442 0.094255 1
45.3175 0.19 1.08442 0.094255 1
45.3682 0.19 1.08442 0.094255 1
45.4189 0.19 1.08442 0.094255 1
45.4695 0.19 1.08442 0.094255 1
45.5202 0.19 1.08442 0.094255 1
45.5709 0.19 1.08442 0.094255 1
45.6216 0.19 1.08442 0.094255 1
45.6416 0.159934 0.9096 0.0787861 0
45.6723 0.19 1.08442 0.094255 1
45.7229 0.19 1.08442 0.094255 1
45.7736 0.19 1.08442 0.094255 1
45.8243 0.19 1.08442 0.094255 1
45.875 0.19 1.08442 0.094255 1
45.9257 0.19 1.08442 0.094255 1
45.9763 0.19 1.08442 0.094255 1
46.027 0.19 1.08442 0.094255 1
46.0777 0.19 1.08442 0.094255 1
46.1027 0.164487 0.914564 0.0813071 0
46.1284 0.19 1.08442 0.094255 1
46.1791 0.19 1.08442 0.094255 1
46.2297 0.19 1.08442 0.094255 1
46.2804 0.19 1.08442 0.094255 1
46.3311 0.19 1.08442 0.094255 1
46.3818 0.19 1.08442 0.094255 1
46.4325 0.19 1.08442 0.094255 1
46.4831 0.19 1.08442 0.094255 1
46.5338 0.19 1.08442 0.094255 1
46.5638 0.169108 0.936124 0.0838281 0
46.5845 0.19 1.08442 0.094255 1
46.6352 0.19 1.08442 0.094255 1
46.6859 0.19 1.08442 0.094255 1
46.7365 0.19 1.08442 0.094255 1
46.7872 0.19 1.08442 0.094255 1
46.8379 0.19 1.08442 0.094255 1
46.8886 0.19 1.08442 0.094255 1
46.9393 0.19 1.08442 0.094255 1
46.9899 0.19 1.08442 0.094255 1
47.0249 0.173867 0.969103 0.0863491 0
47.0406 0.19 1.08442 0.094255 1
47.0913 0.19 1.08442 0.094255 1
47.142 0.19 1.08442 0.094255 1
47.1927 0.19 1.08442 0.094255 1
47.2433 0.19 1.08442 0.094255 1
47.294 0.19 1.08442 0.094255 1
47.3447 0.19 1.08442 0.094255 1
47.3954 0.19 1.08442 0.094255 1
47.4461 0.19 1.08442 0.094255 1
47.4861 0.178808 1.00771 0.0888701 0
47.4967 0.19 1.08442 0.094255 1
47.5474 0.19 1.08442 0.094255 1
47.5981 0.19 1.08442 0.094255 1
47.6488 0.19 1.08442 0.094255 1
47.6995 0.19 1.08442 0.094255 1
47.7501 0.19 1.08442 0.094255 1
47.8008 0.19 1.08442 0.094255 1
47.8515 0.19 1.08442 0.094255 1
47.9022 0.19 1.08442 0.094255 1
47.9472 0.183944 1.04636 0.0913911 0
47.9529 0.19 1.08442 0.094255 1
48.0035 0.19 1.08442 0.094255 1
48.0542 0.19 1.08442 0.094255 1
48.1049 0.19 1.08442 0.094255 1
48.1556 0.19 1.08442 0.094255 1
48.2063 0.19 1.08442 0.094255 1
48.2569 0.19 1.08442 0.094255 1
48.3076 0.19 1.08442 0.094255 1
48.3583 0.19 1.08442 0.094255 1
48.4083 0.189264 1.08036 0.0939121 0
48.409 0.19 1.08442 0.094255 1
48.4597 0.19 1.08442 0.094255 1
48.5103 0.19 1.08442 0.094255 1
48.561 0.19 1.08442 0.094255 1
48.6117 0.19 1.08442 0.094255 1
48.6624 0.19 1.08442 0.094255 1
48.7131 0.19 1.08442 0.094255 1
48.7637 0.19 1.08442 0.094255 1
48.8144 0.19 1.08442 0.094255 1
48.8694 0.194734 1.10624 0.0964331 0
48.8651 0.19 1.08442 0.094255 1
48.9158 0.19 1.08442 0.094255 1
48.9665 0.19 1.08442 0.094255 1
49.0171 0.19 1.08442 0.094255 1
49.0678 0.19 1.08442 0.094255 1
49.1185 0.19 1.08442 0.094255 1
49.1692 0.19 1.08442 0.094255 1
49.2199 0.19 1.08442 0.094255 1
49.2705 0.19 1.08442 0.094255 1
49.3212 0.19 1.08442 0.094255 1
49.3262 0.145713 1.01652 0.0712231 0
49.3719 0.19 1.08442 0.094255 1
49.4226 0.19 1.08442 0.094255 1
49.4733 0.19 1.08442 0.094255 1
49.5239 0.19 1.08442 0.094255 1
49.5746 0.19 1.08442 0.094255 1
49.6253 0.19 1.08442 0.094255 1
49.676 0.19 1.08442 0.094255 1
49.7267 0.19 1.08442 0.094255 1
49.7773 0.19 1.08442 0.094255 1
49.7873 0.150651 0.961243 0.0737441 0
49.828 0.19 1.08442 0.094255 1
49.8787 0.19 1.08442 0.094255 1
49.9294 0.19 1.08442 0.094255 1
49.9801 0.19 1.08442 0.094255 1
0.5042 0.5042 0.5042 0.5042 0.5042
